1 0.761719 0.479167 0.06875 0.0416667
0 0.21992200000000003 0.747917 0.0507812 0.04375
1 0.517969 0.3369789999999999 0.0375 0.084375
0 0.6898440000000001 0.6364579999999999 0.0703125 0.0375
0 0.640234 0.577604 0.0742188 0.030208299999999997
1 0.315234 0.519792 0.0632813 0.0375
1 0.603516 0.24322900000000003 0.0617188 0.0552083
0 0.262891 0.758333 0.0320312 0.0895833
0 0.186328 0.39114599999999994 0.0710938 0.040625
0 0.692187 0.5109380000000001 0.0890625 0.0614583
0 0.5230469999999999 0.17447900000000005 0.0539063 0.042708300000000005
0 0.5328120000000001 0.664583 0.0640625 0.0520833
0 0.5828120000000001 0.298958 0.059375 0.06875
0 0.461328 0.19114600000000004 0.0398437 0.0739583
0 0.46875 0.25625 0.059375 0.0645833
0 0.7644529999999999 0.914583 0.0617188 0.05625
0 0.30234399999999995 0.578646 0.046875 0.084375
0 0.312891 0.715625 0.0757812 0.04375
0 0.258984 0.515104 0.0539063 0.0760417
0 0.722656 0.367188 0.0640625 0.051041699999999995
0 0.2125 0.810417 0.0453125 0.0645833
0 0.707812 0.5703120000000002 0.0765625 0.0489583
0 0.23007799999999995 0.589063 0.0414063 0.0760417
0 0.5542969999999999 0.454167 0.0617188 0.0458333
0 0.417188 0.886458 0.0671875 0.0645833
0 0.380469 0.552083 0.053125 0.0770833
0 0.480078 0.509896 0.0585938 0.06354169999999999
0 0.688672 0.853125 0.0445312 0.05625
0 0.562109 0.195312 0.0476562 0.078125
0 0.426953 0.620313 0.030468800000000004 0.090625
0 0.19804700000000003 0.667188 0.0539063 0.0614583
0 0.5953120000000001 0.695833 0.0359375 0.0875
0 0.70625 0.7598959999999999 0.0484375 0.0739583
0 0.6753909999999999 0.453125 0.0742188 0.05625
1 0.2704309743329533 0.36429023981285497 0.0627193255615308 0.04523658672904837
3 0.7605597512386265 0.42575299352080104 0.027301353479724996 0.04031956643241264
2 0.7841717326264966 0.4390289483217174 0.037631595336918455 0.09243998157675097
2 0.6801314396361927 0.7025202720535407 0.0715738185819822 0.044253182669721204
2 0.46393423505350434 0.7679166419987954 0.058292079051305075 0.1298093358311822
