2 0.6307500000000001 0.6384999999999998 0.022 0.019
2 0.1329766192657254 0.2479999999999998 0.03445323853145079 0.02199999999999999
2 0.6123051430758003 0.8452286249574119 0.02488971384839981 0.024560450047319927
2 0.12473144120154028 0.31168628302905144 0.01763064053401782 0.03982089030231535
2 0.21351209966623888 0.3121670000000002 0.030024199332477606 0.021666700000000007
2 0.9751801534929381 0.6093699999242885 0.045051514095110795 0.04581670037855644
2 0.6409999999999993 0.3178501250520514 0.02650000000000001 0.02969955010410311
2 0.07714032923234929 0.8023665768183161 0.03328065846469854 0.02459954636336854
2 0.1504879003337612 0.16166700000000006 0.04315647706290163 0.07042630828098101
2 0.366125 0.424833 0.022250000000000002 0.019
2 0.17475 0.8255 0.018499999999999996 0.019
2 0.48512499999999986 0.470167 0.014250000000000002 0.021666699999999997
2 0.3384301430757998 0.609167 0.025139713848400472 0.01833329999999999
2 0.360125 0.352667 0.019250000000000003 0.02
2 0.469875 0.355167 0.02125 0.0176667
2 0.7665919120710929 0.41927137504258793 0.0188897138484001 0.04895955025552498
2 0.66925 0.41066700000000006 0.012 0.0233333
2 0.9240716461411221 0.41562713575416455 0.026356707717750685 0.025920271508329124
2 0.21264838073427458 0.3000000000000001 0.03620323853145078 0.018000000000000002
2 0.32198225979974326 0.17459279065649114 0.019964519599486634 0.025851581312982406
2 0.7076249999999998 0.652333 0.01575 0.0233333
2 0.3494999999999996 0.45268499996214406 0.015999999999999993 0.04634420032177342
2 0.8143051534929387 0.9479820000378553 0.029110306985877535 0.02396330007571144
2 0.16475 0.740167 0.025 0.021
2 0.7597830879289081 0.889377624995268 0.023139713848399565 0.03766295017981419
2 0.6294191207109243 0.797868125014195 0.024470593137478916 0.040432050312310806
2 0.6551433844976475 0.8299032500283914 0.019757362132767024 0.03875080017034968
2 0.709275207160576 0.21734466298851512 0.024550414321159418 0.07269002597703174
2 0.6062499999999998 0.7695000000000001 0.021 0.021
2 0.32062500000000005 0.3795 0.02025 0.019
2 0.2921072597997432 0.18841426505038583 0.02721451959948659 0.027495830100771723
2 0.740125 0.48033300000000007 0.01725 0.0313333
2 0.902625 0.9195000000000002 0.01775 0.0256667
2 0.227625 0.39 0.01375 0.0273333
2 0.9600772086398305 0.6905 0.025654417279662202 0.01833329999999999
2 0.3031176482843694 0.5016669999999998 0.021102944853107902 0.024454200094639358
2 0.9171173236277373 0.18670951959965498 0.019224412092456632 0.0311805537242974
2 0.430125 0.548 0.01825 0.018000000000000002
2 0.6966677379488933 0.1628006787708226 0.037335475897783986 0.04426805754164529
2 0.5034911298998717 0.05993403045494771 0.020446779399229894 0.07632259201838443
2 0.7935 0.478 0.017 0.024
2 0.6479974412092446 0.2487267963687529 0.01899488241849284 0.01745289273750682
2 0.5656250000000002 0.5263329999999999 0.01375 0.0306667
2 0.421125 0.0845 0.01675 0.0256667
2 0.011176472426553938 0.6753073749668762 0.021852944853107875 0.023384550066247515
2 0.369375 0.08900000000000001 0.01575 0.029333299999999996
2 0.86525 0.234667 0.0155 0.0326667
2 0.07477588135558531 0.16330704767045084 0.02136453753016724 0.06162530100771729
2 0.2745631782593112 0.10668880236961059 0.023674217263158274 0.03466423181684099
2 0.2641696194608516 0.14558977363073214 0.06178393285751063 0.021568855352701054
2 0.02829357672914038 0.2776990126660261 0.027716156795892618 0.0315829667664551
2 0.07679685112195249 0.2984975517561307 0.015012918264441837 0.03312359929164803
2 0.13136303481386608 0.27230679882785064 0.08488073018742115 0.013095376464139979
2 0.13338400458023325 0.30350460746300767 0.01847743786392842 0.021568855352701085
2 0.14291143347882135 0.29464597044314833 0.008661298998716434 0.01155474393894701
2 0.1342501344801049 0.28309122650420127 0.027138736862644865 0.017717274039718692
2 0.15879048164313483 0.2264729812033611 0.017322597997432892 0.049300240806173845
2 0.20296310653658872 0.27962480332251727 0.03753229566110458 0.02465012040308689
2 0.32941807191784883 0.10168174666273354 0.012125818598203043 0.016946957777122264
2 0.38629393534275347 0.07934257504743603 0.027716156795892618 0.02619075292827986
2 0.5900787282728239 0.05472045647042643 0.04897648369823508 0.05390373323952455
2 0.6041594673360666 0.1723286017202982 0.020815005571749957 0.032342239943714726
2 0.7363959733213014 0.11956828100403628 0.013958297853997008 0.011107435940265663
2 0.7368857381582836 0.13639277956061518 0.018855946223820422 0.026461832681221154
2 0.7420282689465982 0.23488960120738278 0.015427592364944136 0.022214871880531353
2 0.6772568692556824 0.24861055148653446 0.010774826413611738 0.01437432886387321
2 0.6487280675014604 0.25710447308791406 0.02032524073476755 0.01829460037220225
2 0.6320760630440604 0.2819328593073315 0.013468533017014695 0.012414193109708673
2 0.666359601632825 0.2886299898007269 0.04824183644276148 0.0192746682492845
2 0.7602720091241909 0.15289058882483325 0.03232447924083512 0.01698784320275924
2 0.8306757044404037 0.1130344951568212 0.03697724519216743 0.030055414897189464
2 0.8004327257567436 0.1622012336571148 0.03428353858876456 0.03560913286732228
2 0.9036387683237226 0.1940534396622884 0.027671713289502815 0.0150277074485947
2 0.8917619710269004 0.3477607517180236 0.022039417664205696 0.03822264720620833
2 0.8534378725330312 0.4135886441287157 0.022774064919679305 0.041162850837455106
2 0.8206236284552137 0.4398871321637564 0.0012244120924559238 0.00032668929236073
2 0.8378336671379678 0.44817224979000736 0.034820071799913796 0.017647806244845184
2 0.804345311874725 0.41400884857186493 0.03557357965914091 0.01678375027445346
2 0.7208341645041806 0.471883849518256 0.019522086398309046 0.04340625070979332
2 0.7095547368073799 0.35352947258288614 0.01518384497646257 0.06482000105995811
2 0.7804849840545693 0.5207882253179567 0.025161800246709463 0.03472500056783468
2 0.9600881789190125 0.5314951004930389 0.013882372549908721 0.01909875031230905
2 0.590686921848787 0.32401322210022665 0.034272107232586974 0.0439850007192573
2 0.610642832389281 0.360763847701185 0.022125031251416932 0.01794125029338128
2 0.5663927698864469 0.3951994732642878 0.022125031251416932 0.03472500056783474
2 0.5139000486821047 0.33414134726584505 0.030801514095109797 0.0248862504069482
2 0.49220884157287254 0.36539384777689643 0.029933865810740586 0.03183125052051511
2 0.5351574316491523 0.44063134900720485 0.03600740380132556 0.04803625078550465
2 0.38331898188452646 0.4533638492154109 0.011713251838985483 0.03877625063408208
2 0.23473421318628546 0.5022682250151114 0.03557357965914091 0.046300000757112963
2 0.3306093486090922 0.5566707259047192 0.04077946936535668 0.03356750054890679
2 0.42474918746316015 0.5097919751381421 0.019088262256124398 0.0185200003028452
2 0.12060311152733144 0.4386057239740812 0.05119124877778816 0.035882500586762504
2 0.06832730239408166 0.47506697457030767 0.018654438113939756 0.03935500064354594
2 0.16290096539033436 0.5876338514110384 0.017786789829570455 0.04340625070979347
2 0.1854598207839359 0.7363726038432639 0.04381623836064919 0.039933750653009845
2 0.4622396234977398 0.5792419762738117 0.009977955270246893 0.08449750138173107
2 0.49607790658814205 0.6287251020829762 0.012580900123354779 0.01909875031230905
2 0.5307838379629135 0.5812676013069353 0.008242658701508303 0.01099625017981425
2 0.6045339421343034 0.650138852433141 0.02386032782015552 0.022571250369092667
2 0.6127766008358116 0.6310401021208317 0.009977955270246893 0.03183125052051517
2 0.49217348930848026 0.7372407288574594 0.029933865810740586 0.02083500034070079
2 0.6090890956272422 0.7276913537013051 0.01735296568738581 0.03298875053944287
2 0.8407511875538433 0.5682457260939973 0.022558855393601484 0.050930000832824215
2 0.6878281774337555 0.7169844785262225 0.016051493260831867 0.050930000832824215
2 0.7800158076479926 0.7282701037107688 0.013014724265539427 0.034146250558370825
2 0.7420561952068361 0.819133855196603 0.03947799693880274 0.058453750955854984
2 0.8264349908617495 0.8278151053385616 0.032102986521663816 0.02951625048265951
2 0.6659200582534308 0.7855663546476961 0.044250062502833865 0.04803625078550465
2 0.6993245172016485 0.8298407303716854 0.04077946936535668 0.056717500927463374
2 0.5871809764469176 0.811610105073572 0.04208094179191062 0.0214137503501647
2 0.625574413030259 0.7488157290467377 0.022558855393601574 0.017362500283917434
2 0.6069199749163191 0.889451981346468 0.03123533823729443 0.06019000098424673
2 0.628394269954459 0.831287605395345 0.011713251838985483 0.0248862504069482
2 0.4978132031568807 0.8431519805893553 0.02038973468267834 0.0497725008138964
2 0.49455952209049586 0.7829619796051085 0.019955910540493692 0.04051250066247389
2 0.48197862196714103 0.799166979870098 0.020823558824862896 0.0370400006056904
2 0.4860999513178953 0.8336026054332009 0.02212503125141684 0.045721250747649114
2 0.4455373940236309 0.8596463558590769 0.05986773162148113 0.039933750653009845
2 0.33382767741108466 0.8584888558401491 0.02472797610452477 0.030673750501587348
2 0.26875405608338787 0.9273601069663545 0.034272107232586974 0.03298875053944299
2 0.19109953463233637 0.9444332322455389 0.10021337684465305 0.05208750085175204
2 0.24793049725852487 0.8142144801161596 0.012580900123354732 0.03472500056783474
2 0.5288006325301539 0.4777181246356391 0.03947799693880274 0.009260000151422568
2 0.606238241910113 0.48524187475867003 0.016485317403016512 0.027780000454267772
2 0.34659449281260274 0.4207112487034439 0.020389734682678292 0.01678375027445346
