2 0.547266 0.355208 0.0414063 0.0375
3 0.760938 0.872917 0.0421875 0.0291667
0 0.12890600000000002 0.29791699999999993 0.0453125 0.05833330000000001
0 0.596094 0.253125 0.059375 0.03125
0 0.104687 0.271875 0.028125 0.0770833
1 0.414062 0.24531199999999997 0.0609375 0.0697917
1 0.260547 0.241667 0.0398437 0.07291669999999999
1 0.533984 0.270312 0.0648438 0.040625
0 0.283203 0.515625 0.0601562 0.0625
0 0.775391 0.785417 0.0585938 0.075
1 0.200391 0.430729 0.0335938 0.078125
0 0.640625 0.5859380000000001 0.059375 0.0385417
0 0.675781 0.833333 0.0703125 0.0604167
0 0.37617200000000006 0.643229 0.0351562 0.0739583
0 0.6546879999999998 0.305729 0.059375 0.0447917
0 0.230469 0.45468800000000004 0.0484375 0.0697917
0 0.649609 0.466667 0.0695312 0.05
1 0.24960899999999994 0.342708 0.0664062 0.0458333
0 0.875781 0.344792 0.0375 0.075
0 0.22304700000000005 0.26302099999999995 0.0429688 0.05729170000000001
0 0.258203 0.302604 0.0664062 0.040625
0 0.598828 0.7692710000000001 0.0648438 0.0552083
1 0.15585900000000003 0.479167 0.0570313 0.0375
0 0.7660160000000001 0.321875 0.0445312 0.05
1 0.228125 0.8088539999999999 0.05625 0.042708300000000005
0 0.719141 0.9593750000000001 0.0585938 0.0375
1 0.509375 0.519792 0.0359375 0.0770833
0 0.188672 0.24947899999999998 0.0648438 0.051041699999999995
0 0.824219 0.940625 0.040625 0.05833330000000001
1 0.382812 0.5708329999999999 0.040625 0.0666667
2 0.6433589999999999 0.732813 0.0320312 0.07187499999999998
0 0.8152339999999999 0.616667 0.0679687 0.05
0 0.2875 0.443229 0.03125 0.0822917
0 0.15820299999999998 0.976042 0.0601562 0.0479167
0 0.715625 0.60625 0.0375 0.09375
0 0.145703 0.9026039999999999 0.0351562 0.0760417
0 0.687891 0.553125 0.0414063 0.05833330000000001
0 0.13867199999999996 0.3380210000000001 0.0476562 0.053125
0 0.671484 0.6479169999999997 0.0570313 0.0520833
1 0.712109 0.389583 0.0445312 0.075
0 0.19882799999999995 0.860937 0.0476562 0.0552083
0 0.194141 0.683333 0.0570313 0.04375
0 0.594922 0.571875 0.0632813 0.0395833
0 0.733203 0.765625 0.0320312 0.0854167
0 0.474609 0.504687 0.0617188 0.05937499999999999
0 0.330859 0.456771 0.0523437 0.053125
0 0.615234 0.36666699999999997 0.0585938 0.04375
0 0.6351560000000002 0.6374999999999998 0.053125 0.0645833
1 0.32968800000000004 0.29010400000000003 0.0609375 0.05729170000000001
0 0.316797 0.367188 0.0585938 0.0802083
0 0.573047 0.301042 0.0617188 0.0645833
0 0.589453 0.619792 0.0695312 0.04375
0 0.2535160000000001 0.384375 0.0632813 0.0479167
0 0.642578 0.529688 0.0523437 0.0677083
0 0.7421880000000001 0.561458 0.053125 0.0541667
0 0.297266 0.675 0.0554687 0.04375
0 0.680469 0.721875 0.0453125 0.0625
0 0.654297 0.213021 0.0585938 0.07187499999999998
0 0.703906 0.30468800000000007 0.0609375 0.065625
0 0.7054690000000001 0.23385400000000003 0.0484375 0.0614583
0 0.219531 0.5166669999999999 0.0640625 0.0416667
0 0.758594 0.357292 0.0515625 0.05
0 0.6957030000000001 0.915625 0.0601562 0.0479167
0 0.834375 0.5578130000000001 0.0484375 0.0822917
0 0.155078 0.394271 0.0429688 0.0614583
0 0.29492199999999996 0.0864583 0.0664062 0.04375
0 0.28046899999999997 0.821875 0.0515625 0.075
0 0.7582029999999998 0.463542 0.0632813 0.0666667
0 0.667578 0.377604 0.0554687 0.065625
1 0.13281200000000004 0.511458 0.046875 0.0625
0 0.14414099999999996 0.703125 0.0523437 0.05
0 0.708594 0.473958 0.0375 0.0958333
0 0.591797 0.9343750000000002 0.0335938 0.0833333
0 0.5773439999999999 0.138542 0.0578125 0.07291669999999999
0 0.203516 0.111458 0.0585938 0.06875
0 0.465625 0.733854 0.059375 0.0552083
0 0.519922 0.6385420000000002 0.0632813 0.0479167
0 0.18164100000000002 0.33593800000000007 0.0382813 0.0822917
0 0.32578100000000004 0.8671880000000001 0.0453125 0.0677083
2 0.7692810457516339 0.9320557491289199 0.07712418300653595 0.059233449477351915
2 0.9660130718954248 0.5400696864111498 0.06535947712418301 0.05226480836236933
2 0.9352941176470588 0.20034843205574912 0.022222222222222223 0.07665505226480834
2 0.7555555555555558 0.26045296167247384 0.023529411764705882 0.047038327526132406
2 0.7522875816993465 0.6637630662020907 0.08235294117647057 0.03832752613240417
1 0.558169934640523 0.22560975609756095 0.06535947712418301 0.047038327526132406
1 0.8013071895424837 0.36062717770034847 0.02875816993464052 0.08710801393728224
1 0.29150326797385623 0.5383275261324042 0.041830065359477114 0.05226480836236933
