2 0.7298187808896212 0.26703296703296703 0.11532125205930807 0.09010989010989011
2 0.8599670510708403 0.47912087912087914 0.05930807248764415 0.14065934065934066
2 0.8064250411861614 0.703296703296703 0.09390444810543658 0.0835164835164835
2 0.8401976935749588 0.8461538461538461 0.09225700164744646 0.09670329670329672
2 0.8978583196046127 0.932967032967033 0.10214168039538714 0.08131868131868131
2 0.29736408566721584 0.7571428571428571 0.10708401976935752 0.06813186813186813
2 0.5065897858319605 0.39560439560439564 0.10378912685337728 0.07472527472527472
2 0.24958813838550245 0.3648351648351648 0.08731466227347612 0.0835164835164835
2 0.18451400329489293 0.17912087912087912 0.08896210873146623 0.08131868131868131
2 0.3228995057660626 0.15934065934065936 0.08896210873146623 0.07252747252747255
0 0.9810543657331133 0.03736263736263736 0.03459637561779242 0.07472527472527472
2 0.30065897858319607 0.5989010989010989 0.09719934102141681 0.1076923076923077
2 0.22322899505766064 0.6241758241758242 0.09390444810543658 0.07032967032967033
0 0.033772652388797356 0.532967032967033 0.06425041186161448 0.07692307692307693
0 0.028830313014827018 0.6197802197802197 0.054365733113673806 0.08791208791208793
0 0.12685337726523888 0.9692307692307693 0.09225700164744646 0.05714285714285714
2 0.9563426688632621 0.8032967032967033 0.08401976935749589 0.08131868131868131
0 0.9810543657331133 0.6494505494505495 0.03459637561779242 0.07252747252747255
0 0.9851729818780892 0.3296703296703296 0.026359143327841852 0.05714285714285714
0 0.9892915980230644 0.4087912087912088 0.0214168039538715 0.0835164835164835
2 0.2891268533772652 0.254945054945055 0.07084019769357495 0.10989010989010989
2 0.3558484349258649 0.24835164835164836 0.05601317957166392 0.11428571428571428
