0 0.37343699999999996 0.676042 0.0234375 0.0895833
1 0.967578 0.534896 0.0507812 0.0697917
1 0.292969 0.645312 0.053125 0.0489583
1 0.53125 0.647396 0.0671875 0.0364583
1 0.7421880000000001 0.434896 0.071875 0.0447917
1 0.392969 0.7041669999999999 0.0328125 0.0854167
1 0.407031 0.45625 0.0625 0.0375
1 0.7535159999999999 0.565625 0.0398437 0.0916667
0 0.7058589999999999 0.48593800000000004 0.0679687 0.040625
1 0.7152340000000001 0.545313 0.0617188 0.078125
0 0.743359 0.477604 0.0476562 0.0552083
1 0.663281 0.774479 0.0625 0.0552083
0 0.5082029999999998 0.26927100000000004 0.0789063 0.042708300000000005
1 0.8472660000000001 0.5375 0.0414063 0.08125
1 0.952344 0.307813 0.065625 0.0447917
0 0.899219 0.280208 0.05625 0.08125
0 0.6609370000000001 0.720833 0.0609375 0.05625
0 0.23789099999999996 0.446875 0.0367187 0.07291669999999999
1 0.915234 0.774479 0.0710938 0.042708300000000005
0 0.173438 0.243229 0.03125 0.078125
0 0.158594 0.822917 0.059375 0.0395833
0 0.37851600000000013 0.589583 0.0679687 0.0458333
0 0.0292969 0.764063 0.0445312 0.0447917
0 0.544922 0.904688 0.0273438 0.0739583
1 0.932813 0.625521 0.0671875 0.046875
0 0.296484 0.30625 0.0632813 0.0416667
0 0.6644530000000001 0.5244789999999999 0.0585938 0.0677083
0 0.501953 0.709375 0.0320312 0.0854167
0 0.845312 0.7625 0.059375 0.0604167
0 0.20820299999999997 0.779688 0.0398437 0.09479169999999999
1 0.36835900000000005 0.480208 0.0257812 0.06875
0 0.11171899999999998 0.342708 0.059375 0.0604167
0 0.7707029999999999 0.317187 0.0648438 0.0447917
0 0.335547 0.42916699999999997 0.0679687 0.0416667
0 0.36835900000000005 0.8427080000000001 0.030468800000000004 0.0770833
0 0.208594 0.691667 0.053125 0.05833330000000001
0 0.256641 0.6973959999999999 0.0320312 0.0760417
0 0.258594 0.783854 0.0515625 0.065625
0 0.8375 0.435417 0.0484375 0.07291669999999999
1 0.35585899999999987 0.755208 0.0414063 0.0791667
0 0.634375 0.634896 0.065625 0.053125
0 0.548047 0.839583 0.0726563 0.0458333
0 0.608203 0.753125 0.0445312 0.0875
0 0.6800780000000001 0.6447920000000003 0.0523437 0.0541667
0 0.10976599999999999 0.669792 0.0632813 0.0458333
0 0.45468800000000004 0.875 0.053125 0.075
0 0.390625 0.310417 0.05 0.05
0 0.739844 0.893229 0.0390625 0.0885417
0 0.748438 0.810417 0.046875 0.06875
0 0.176953 0.625521 0.0460938 0.0739583
0 0.307422 0.7088540000000001 0.0648438 0.042708300000000005
0 0.597656 0.521354 0.0671875 0.046875
0 0.19804700000000003 0.496354 0.0335938 0.0885417
0 0.878906 0.839583 0.0453125 0.075
0 0.7945309999999999 0.805729 0.04375 0.084375
0 0.477344 0.569271 0.0578125 0.0552083
0 0.303906 0.8604169999999999 0.0609375 0.0541667
0 0.46210900000000005 0.7536460000000001 0.0429688 0.0802083
0 0.896094 0.478125 0.0390625 0.0916667
0 0.634375 0.290625 0.05 0.0791667
0 0.710156 0.734375 0.0359375 0.0854167
0 0.46757800000000005 0.6291670000000001 0.0507812 0.05625
0 0.522656 0.541667 0.04375 0.07291669999999999
0 0.24140599999999998 0.37552099999999994 0.0546875 0.05937499999999999
0 0.2933589999999999 0.452083 0.0507812 0.05833330000000001
0 0.630078 0.8223959999999999 0.0460938 0.0697917
0 0.8988280000000001 0.360417 0.0445312 0.07291669999999999
2 0.3339869281045752 0.26306620209059234 0.1477124183006536 0.041811846689895474
2 0.5562091503267974 0.3310104529616725 0.032679738562091505 0.05226480836236933
2 0.626797385620915 0.36846689895470386 0.05098039215686273 0.04355400696864112
2 0.9385620915032679 0.42508710801393723 0.0392156862745098 0.05226480836236933
2 0.2457516339869281 0.5531358885017421 0.041830065359477114 0.04355400696864112
2 0.16993464052287577 0.685540069686411 0.020915032679738557 0.06445993031358885
2 0.5594771241830065 0.6001742160278746 0.020915032679738557 0.04006968641114982
2 0.6928104575163399 0.5827526132404182 0.020915032679738557 0.04355400696864112
2 0.9346405228758169 0.8554006968641116 0.07058823529411765 0.041811846689895474
