2 0.6415249272120428 0.3126498562442737 0.023348980968607647 0.018229562351132655
2 0.470875 0.9513329999999999 0.01575 0.0326667
2 0.06204095448320012 0.4338325303464805 0.026544369005929585 0.013954357248995703
2 0.6883126819698913 0.5174999999999997 0.021874636060216848 0.020333299999999995
2 0.37828775475784804 0.7918329999999995 0.026075509515696055 0.022333299999999983
2 0.6765249272120434 0.387399137465646 0.031 0.025
2 0.600375 0.20383156244274317 0.018250000000000002 0.030330424885486915
2 0.5648753639397825 0.16705043126717667 0.02524927212043382 0.04123818769467324
2 0.7624127547578478 0.9163501437557254 0.027674490484303572 0.024700287511451324
2 0.15772610823567088 0.45507229379252984 0.03345221647134014 0.041189991029020344
2 0.59725 0.9064999999999999 0.021 0.0336667
2 0.36274999999999996 0.343667 0.025 0.032
2 0.20655885793908613 0.024510062900796648 0.021522015693780264 0.037815525618371974
2 0.20708378515112946 0.13515548971010724 0.037269832055082865 0.040616675664177315
2 0.1362186115252677 0.2233917161529752 0.023621724541953926 0.056023000916106624
2 0.37479802939900253 0.2598066667484445 0.0724399552619921 0.10924485178640791
2 0.4412013217224951 0.22724329746595753 0.024671578966040726 0.02731121294660196
2 0.5097043228941616 0.24159919145070988 0.01889737963356318 0.03921610064127467
2 0.5425122736468755 0.22794358497740885 0.013123180301085542 0.023109487877893957
2 0.5286017025277248 0.2429997664736125 0.01994723405765002 0.03921610064127467
2 0.5228275031952471 0.37325324360356044 0.016797670785389494 0.04341782570998265
2 0.5640342893406557 0.3396394430538964 0.01837245242151966 0.018207475297734615
2 0.6338496085424306 0.25525479792401085 0.014173034725172385 0.03291351303821263
2 0.6320123633002787 0.3252835490691441 0.03149563272260529 0.014706037740478012
2 0.7005153644719451 0.2563052291911878 0.028870996662388192 0.09383852653447862
2 0.7299112883463766 0.28641759218359514 0.02362172454195388 0.06582702607642534
2 0.7713805380978068 0.33928929929817075 0.011023471452911762 0.03431408806111524
2 0.7981518259120215 0.32843484287067504 0.014173034725172291 0.06582702607642527
2 0.8501332809616033 0.4016148878173393 0.03097070551056188 0.11974916445817792
2 0.7073530792857927 0.4597387512678 0.018372452421519758 0.014706037740478012
2 0.6496110859610166 0.46954277642811865 0.03831968647916978 0.017507187786283348
2 0.6370128328719743 0.5150614646724553 0.02257187011786713 0.02170891285499129
2 0.6498735495670382 0.525915921099951 0.017847525209476335 0.015406325251929347
2 0.6467239862947777 0.556378427848084 0.015747816361302645 0.014706037740478012
2 0.6860935271980343 0.5483251214663937 0.017847525209476238 0.011204600183221341
2 0.7034161251954671 0.5574288591152609 0.029395923874431615 0.014005750229026554
2 0.7690320267008947 0.6876823362452089 0.05354257562842891 0.022409200366442682
2 0.5742840310327856 0.7195454180162444 0.011548398664955278 0.02871178796950469
2 0.5409511530680284 0.6435642230237749 0.028870996662388106 0.021008625343540012
2 0.5509247700968534 0.62780775401612 0.0771643001703828 0.0315129380153099
2 0.500531757740685 0.6411132167336951 0.012073325876998699 0.021708912854991345
2 0.44646425490021274 0.5997962535580666 0.017322597997432916 0.02310948787789402
2 0.4364906378713876 0.6190541601229783 0.015222889149259228 0.03921610064127458
2 0.46824873420001467 0.8074315007033869 0.024146651753997307 0.019608050320637352
2 0.43727802868945276 0.8028796318789533 0.011548398664955278 0.03011236299240736
2 0.35565184721670096 0.6421636480008721 0.039369540903256534 0.05182127584739859
2 0.39974573302834826 0.6974863614055274 0.01627274357334607 0.053221850870301256
2 0.37638647209241605 0.7174445554818906 0.017847525209476335 0.06512673856497393
2 0.3204817240097917 0.6260570352374917 0.013123180301085542 0.021008625343540012
2 0.4047325415427607 0.821787394688139 0.05039301235616839 0.02451006290079656
2 0.37323690882015553 0.8196865321537851 0.03359534157077888 0.017507187786283223
2 0.35381460197454895 0.8483983201232896 0.017847525209476238 0.02871178796950469
2 0.34751547543002786 0.8722080955126351 0.03359534157077888 0.028711787969504566
2 0.2695637844415799 0.8396447262301482 0.020472161269693444 0.028011500458053357
2 0.21733352684325952 0.6684244296802971 0.017847525209476335 0.042717538198531246
2 0.20106078326991345 0.6698250047031999 0.014697961937215785 0.09313823902302727
2 0.18820006657484964 0.6649229921230405 0.011023471452911831 0.07353018870238992
2 0.15617950664020097 0.7328508807338199 0.015222889149259207 0.03431408806111524
2 0.08845023522931643 0.7906246004285548 0.10236080634846707 0.07002875114513327
2 0.4115429342420419 0.9460778616182473 0.04514374023573426 0.0252103504122479
2 0.5089677527903272 0.5086964689626433 0.021837879433787555 0.017827761373418773
2 0.28553691171776946 0.4767369455249291 0.017600678946634772 0.014783997236493603
2 0.2788551724880285 0.5202192903381456 0.04986859034879844 0.04609128550200944
2 0.1354422329228565 0.49086870758922435 0.02770477241599914 0.06652798756422121
2 0.10708558350883406 0.4795632979377897 0.04204606637251653 0.023045642751003344
2 0.05231312909138661 0.4447774220872151 0.017926617445646505 0.038699286883762694
2 0.027378833916987384 0.4556480082905191 0.020208186938728785 0.01956705516594746
2 0.09941124219858516 0.49891294137966957 0.029334464911057897 0.023480466199136876
2 0.30214498858389655 0.62153315375294 0.01955630994070527 0.008696468962643273
