0 0.8870000000000001 0.5225 0.0125 0.0256667
0 0.3785 0.814333 0.02 0.024
0 0.24450000000000002 0.6371669999999999 0.019 0.0236667
0 0.39125 0.8375 0.019499999999999997 0.025
0 0.989375 0.5115 0.01775 0.021
0 0.04637500000000001 0.471333 0.019250000000000003 0.0286667
0 0.9089999999999999 0.6386670000000002 0.021 0.0173333
0 0.59925 0.22916700000000007 0.020500000000000004 0.025
0 0.704625 0.6730000000000002 0.01825 0.024
0 0.06825 0.189667 0.018 0.0273333
0 0.699125 0.0341667 0.01475 0.029666699999999997
0 0.75425 0.6116670000000001 0.015 0.025333300000000003
0 0.7773749999999999 0.068 0.02025 0.024666699999999996
0 0.9591250000000001 0.513167 0.022250000000000002 0.021666699999999997
0 0.9693749999999999 0.528333 0.01475 0.019333300000000005
0 0.036249999999999984 0.45899999999999996 0.016 0.028000000000000008
0 0.91325 0.2740000000000001 0.016 0.028000000000000008
0 0.937 0.191167 0.018499999999999996 0.0236667
0 0.309375 0.6895000000000002 0.01875 0.0223333
0 0.251375 0.3675 0.022250000000000002 0.0243333
0 0.3459999999999999 0.7584999999999998 0.025 0.0203333
0 0.9697499999999999 0.6443330000000002 0.0215 0.0166667
0 0.484625 0.195333 0.023250000000000003 0.018666700000000005
0 0.8805 0.506833 0.017500000000000005 0.0243333
0 0.008625 0.24833300000000003 0.01725 0.021999999999999992
0 0.684125 0.8495 0.01975 0.0196667
0 0.467 0.6416669999999998 0.019499999999999997 0.020666699999999996
0 0.9633749999999999 0.8933330000000003 0.01725 0.0286667
0 0.644625 0.0355 0.02475 0.0223333
0 0.428125 0.8616669999999997 0.01875 0.0286667
0 0.903875 0.1465 0.019250000000000003 0.023
0 0.381125 0.597667 0.01625 0.0273333
0 0.762125 0.602167 0.024250000000000004 0.019
0 0.2065 0.5138330000000001 0.0245 0.0203333
0 0.8315 0.8406670000000002 0.017 0.0233333
0 0.9782499999999998 0.518 0.019499999999999997 0.0233333
0 0.81975 0.466167 0.019499999999999997 0.0243333
0 0.370875 0.8809999999999999 0.01725 0.0213333
0 0.955375 0.322 0.01975 0.0166667
0 0.037 0.4860000000000001 0.018499999999999996 0.026000000000000002
0 0.51925 0.709333 0.0155 0.026000000000000002
0 0.8489999999999999 0.489833 0.020500000000000004 0.021
0 0.7565 0.05399999999999999 0.014000000000000002 0.026000000000000002
0 0.298 0.487167 0.018 0.028333299999999995
0 0.358625 0.320167 0.025250000000000005 0.021
0 0.9628749999999999 0.3641669999999999 0.01775 0.021666699999999997
0 0.76275 0.236667 0.0165 0.03
0 0.741450145575913 0.1463819937099203 0.013649563272260634 0.03483761267176992
0 0.4451250000000001 0.730833 0.01475 0.031
0 0.67875 0.19966699999999998 0.0165 0.0326667
0 0.805875 0.239167 0.015250000000000001 0.0276667
0 0.67475 0.839 0.018499999999999996 0.024
0 0.009749999999999998 0.488 0.019499999999999997 0.0173333
0 0.41375 0.7554999999999998 0.0225 0.023
0 0.96175 0.34816699999999995 0.0165 0.0243333
0 0.6367500000000001 0.467 0.0215 0.019333300000000005
0 0.21075 0.7788330000000001 0.021 0.018333300000000004
0 0.691125 0.670167 0.02375 0.018333300000000004
0 0.31300000000000006 0.703333 0.020500000000000004 0.02
0 0.8057500000000001 0.9310000000000003 0.023 0.018666700000000005
0 0.413 0.9585000000000001 0.020500000000000004 0.023
0 0.48075 0.075 0.0245 0.020666699999999996
0 0.689125 0.0528333 0.01475 0.027000000000000003
0 0.694375 0.38933299999999993 0.01375 0.0326667
0 0.772 0.0851667 0.014000000000000002 0.030333300000000004
0 0.9781249999999999 0.5408329999999999 0.02275 0.0196667
0 0.7665 0.891333 0.018499999999999996 0.0233333
0 0.631875 0.772833 0.01575 0.029000000000000005
0 0.680875 0.8129999999999998 0.01475 0.028000000000000008
0 0.963125 0.877 0.02075 0.0166667
0 0.16237500000000002 0.609833 0.02375 0.0196667
0 0.486875 0.568 0.022250000000000002 0.024666699999999996
0 0.7141249999999999 0.403333 0.01575 0.03
0 0.33787500000000004 0.522167 0.015250000000000001 0.029666699999999997
0 0.4360000000000001 0.09750000000000003 0.014000000000000002 0.029000000000000005
0 0.8022500000000001 0.300333 0.020500000000000004 0.0213333
0 0.541 0.581 0.0165 0.025333300000000003
0 0.868 0.507167 0.017 0.0243333
0 0.5897500000000001 0.107333 0.0235 0.020666699999999996
0 0.255375 0.025166699999999997 0.02275 0.0263333
0 0.7482500000000001 0.8775 0.016 0.030333300000000004
0 0.723125 0.2565 0.019250000000000003 0.021
0 0.92525 0.516333 0.0165 0.024
0 0.085 0.4395 0.020500000000000004 0.027000000000000003
0 0.7659999999999999 0.526833 0.0235 0.0163333
0 0.4487500000000001 0.106833 0.013000000000000001 0.029666699999999997
0 0.659 0.212667 0.020500000000000004 0.0233333
0 0.5047499999999999 0.6026669999999998 0.019 0.021999999999999992
0 0.48487499999999994 0.880667 0.02375 0.018666700000000005
0 0.732 0.529667 0.019 0.022666699999999998
0 0.9393749999999998 0.461 0.02275 0.019333300000000005
0 0.846625 0.468333 0.01725 0.024
0 0.59025 0.590167 0.0165 0.025
0 0.095625 0.207167 0.01825 0.029666699999999997
0 0.944875 0.19800000000000004 0.01475 0.0266667
0 0.258875 0.6685 0.02275 0.021666699999999997
0 0.649625 0.884333 0.01375 0.029333299999999996
0 0.5205 0.0415 0.020500000000000004 0.0243333
0 0.993375 0.6856670000000001 0.01325 0.0213333
0 0.725 0.76 0.022 0.02
0 0.620875 0.109833 0.02075 0.021666699999999997
0 0.061125 0.031833299999999995 0.025250000000000005 0.0223333
0 0.46962499999999996 0.5545 0.02275 0.0203333
0 0.6871250000000001 0.29966700000000007 0.023250000000000003 0.0213333
0 0.668125 0.8720000000000002 0.01875 0.021999999999999992
0 0.64825 0.6284999999999998 0.0155 0.028333299999999995
0 0.716 0.174833 0.021 0.0236667
0 0.804 0.45116699999999993 0.015 0.029666699999999997
0 0.7077500000000001 0.5325 0.0125 0.0323333
0 0.5742500000000001 0.0868333 0.0225 0.029000000000000005
0 0.9463750000000001 0.679833 0.01725 0.023
0 0.713 0.8814999999999997 0.021 0.025
0 0.7075 0.270667 0.0225 0.021999999999999992
0 0.627 0.434333 0.017500000000000005 0.025333300000000003
0 0.4327500000000001 0.7225 0.016 0.028333299999999995
0 0.717125 0.3786669999999999 0.014250000000000002 0.0286667
0 0.2985 0.31833300000000003 0.024 0.0213333
0 0.03625 0.570333 0.017500000000000005 0.0286667
0 0.59875 0.892333 0.014000000000000002 0.034
0 0.49487500000000006 0.009000000000000001 0.01975 0.018000000000000002
0 0.9583750000000001 0.283167 0.01775 0.0236667
0 0.012024927212043419 0.3352335750229025 0.023049854424086837 0.021134450045805418
0 0.662125 0.8391670000000001 0.02125 0.0203333
0 0.77475 0.12083300000000001 0.022 0.0223333
0 0.5721249999999999 0.9015 0.02125 0.021666699999999997
0 0.9245 0.2915 0.017 0.029000000000000005
0 0.9241250000000001 0.439833 0.023250000000000003 0.021
0 0.9203750000000003 0.381833 0.02075 0.0196667
0 0.00775 0.16683300000000004 0.0155 0.0243333
0 0.4936249999999999 0.4428329999999999 0.01575 0.027000000000000003
0 0.24637500000000004 0.341667 0.01825 0.019333300000000005
0 0.5482499999999999 0.862333 0.018 0.0266667
0 0.71225 0.7245 0.023 0.019
0 0.41887500000000005 0.438167 0.02125 0.0223333
0 0.6231250000000002 0.864167 0.015250000000000001 0.0256667
0 0.280375 0.257333 0.01225 0.034666699999999995
0 0.5034999999999998 0.366167 0.014500000000000002 0.029666699999999997
0 0.7766249999999999 0.0381667 0.01825 0.0256667
0 0.6170000000000001 0.165167 0.013000000000000001 0.028333299999999995
0 0.012124999999999999 0.5874999999999999 0.01825 0.029000000000000005
0 0.782875 0.8855 0.01575 0.030333300000000004
0 0.6491249999999998 0.009000000000000001 0.01825 0.018000000000000002
0 0.1365 0.212 0.02 0.03
0 0.05 0.579167 0.0235 0.018333300000000004
0 0.387125 0.796667 0.014250000000000002 0.0306667
0 0.244375 0.166333 0.02625 0.018000000000000002
0 0.45374999999999993 0.958333 0.014500000000000002 0.028000000000000008
0 0.06325000000000001 0.455667 0.018 0.024666699999999996
0 0.746 0.268833 0.018499999999999996 0.0276667
0 0.730625 0.6936669999999999 0.01875 0.0213333
0 0.875 0.5335 0.024 0.019
0 0.3006249999999999 0.7905 0.01325 0.030333300000000004
0 0.7397500000000001 0.75 0.015 0.0273333
0 0.2951250000000001 0.913333 0.01225 0.0326667
0 0.17462499999999997 0.6256669999999999 0.02125 0.0233333
0 0.7482500000000001 0.728833 0.0215 0.0176667
0 0.66925 0.9513329999999999 0.0155 0.025333300000000003
0 0.566125 0.43133300000000013 0.015250000000000001 0.032
0 0.46737500000000004 0.458667 0.02125 0.020666699999999996
0 0.264375 0.11916699999999998 0.01675 0.025
0 0.28675000000000006 0.9570000000000002 0.0155 0.0306667
0 0.4775000000000001 0.7203330000000001 0.016 0.029333299999999996
0 0.8967500000000002 0.12700000000000003 0.014000000000000002 0.029333299999999996
0 0.027125000000000003 0.42 0.01675 0.0273333
0 0.904625 0.1775 0.01475 0.030333300000000004
0 0.512125 0.34783299999999995 0.01475 0.021666699999999997
0 0.715875 0.8975 0.02025 0.0256667
0 0.5175 0.2275 0.02 0.0223333
0 0.5245 0.06583330000000001 0.0155 0.025
0 0.74175 0.403333 0.018499999999999996 0.0213333
0 0.04324999999999999 0.204 0.023 0.0213333
0 0.5191249999999998 0.9031670000000002 0.019250000000000003 0.0236667
0 0.8966249999999999 0.603167 0.01775 0.0236667
0 0.9474999999999999 0.281833 0.0165 0.030333300000000004
0 0.44025 0.418333 0.017500000000000005 0.021999999999999992
0 0.9745 0.3465 0.016 0.029000000000000005
0 0.9321249999999999 0.685 0.014250000000000002 0.0306667
0 0.7775 0.957167 0.020500000000000004 0.0236667
0 0.589 0.569667 0.014000000000000002 0.024666699999999996
0 0.25825 0.8583330000000002 0.020500000000000004 0.0213333
0 0.97775 0.254667 0.0225 0.025333300000000003
0 0.897875 0.4636670000000001 0.01975 0.026000000000000002
0 0.5395 0.9060000000000001 0.0215 0.0213333
0 0.257375 0.1415 0.02375 0.0203333
0 0.754875 0.418 0.01775 0.025333300000000003
0 0.9377499999999999 0.36416699999999996 0.020500000000000004 0.021
0 0.883375 0.9015 0.014250000000000002 0.0276667
0 0.0775 0.456 0.018 0.03
0 0.73 0.549167 0.018 0.0256667
0 0.96175 0.6775 0.0155 0.018333300000000004
0 0.382125 0.8485 0.014250000000000002 0.0323333
0 0.23775 0.284 0.019499999999999997 0.0273333
0 0.39775 0.482333 0.022 0.0213333
0 0.6 0.471167 0.02 0.025
0 0.6515 0.0773333 0.023 0.02
0 0.105875 0.19683299999999995 0.015250000000000001 0.0316667
0 0.773 0.439333 0.0245 0.018666700000000005
0 0.11574999999999999 0.209 0.018499999999999996 0.025333300000000003
0 0.060375 0.757333 0.01625 0.0273333
0 0.181625 0.405167 0.01775 0.0256667
0 0.35387500000000005 0.18583300000000003 0.02375 0.021
0 0.9735 0.281167 0.016 0.028333299999999995
0 0.371125 0.0875 0.01675 0.029666699999999997
0 0.461875 0.709833 0.01625 0.029666699999999997
0 0.9830000000000001 0.863833 0.020500000000000004 0.021666699999999997
0 0.72625 0.06833330000000001 0.025 0.018666700000000005
0 0.5795 0.9230000000000003 0.018499999999999996 0.024
0 0.9486250000000002 0.615167 0.01225 0.0276667
0 0.044500000000000005 0.857667 0.015 0.0313333
0 0.7135000000000001 0.5608330000000001 0.0165 0.031
0 0.090125 0.499 0.015250000000000001 0.032
0 0.413 0.16050000000000003 0.014500000000000002 0.027000000000000003
0 0.547375 0.162333 0.01275 0.0286667
0 0.71075 0.9768329999999997 0.016 0.0323333
0 0.57725 0.582833 0.0125 0.0343333
0 0.772125 0.394167 0.02125 0.025
0 0.818 0.30916699999999997 0.016 0.0323333
0 0.401625 0.935167 0.014250000000000002 0.038333299999999994
0 0.88425 0.107167 0.021 0.0203333
0 0.779375 0.0075 0.02375 0.015
0 0.9893750000000001 0.3825 0.02025 0.0243333
0 0.72075 0.4365 0.0225 0.0196667
0 0.9575 0.635333 0.0165 0.028000000000000008
0 0.8816249999999998 0.489333 0.02275 0.0173333
0 0.41424999999999995 0.182667 0.0235 0.020666699999999996
0 0.526625 0.08116670000000001 0.02175 0.0196667
0 0.991875 0.490333 0.01575 0.034
0 0.42199999999999993 0.477667 0.0215 0.019333300000000005
0 0.169375 0.0425 0.01575 0.029666699999999997
0 0.34025 0.197667 0.0225 0.018666700000000005
0 0.644875 0.534667 0.014250000000000002 0.03
0 0.49787500000000007 0.828667 0.014250000000000002 0.0306667
0 0.7446249999999999 0.017 0.02075 0.022666699999999998
0 0.010375 0.143 0.01675 0.021999999999999992
0 0.81 0.0976667 0.0165 0.028000000000000008
0 0.8655000000000002 0.195167 0.024 0.0203333
0 0.9552500000000002 0.551833 0.019499999999999997 0.025
0 0.68025 0.6096670000000001 0.017500000000000005 0.024666699999999996
0 0.025625 0.880667 0.01625 0.022666699999999998
0 0.7895 0.9161669999999998 0.0165 0.030333300000000004
0 0.095375 0.0578333 0.01625 0.029666699999999997
0 0.3978749999999999 0.314167 0.02125 0.0256667
0 0.10674999999999998 0.508333 0.019 0.020666699999999996
0 0.6190000000000001 0.449167 0.016 0.028333299999999995
0 0.20800000000000002 0.026499999999999996 0.017 0.028333299999999995
0 0.49950000000000006 0.1675 0.02 0.025
0 0.496125 0.18116699999999994 0.01875 0.0256667
0 0.409375 0.429333 0.022250000000000002 0.019333300000000005
0 0.08325 0.33183299999999993 0.017 0.0323333
0 0.953625 0.6965 0.015250000000000001 0.030333300000000004
0 0.87025 0.2849999999999999 0.021 0.018000000000000002
0 0.5442500000000001 0.196 0.0255 0.021999999999999992
0 0.6845 0.4658330000000001 0.015 0.031
0 0.8863750000000001 0.847167 0.01675 0.0316667
0 0.46225 0.27283300000000005 0.015 0.03300000000000001
0 0.045375 0.007166669999999999 0.02625 0.0143333
0 0.4568749999999999 0.8705000000000002 0.022250000000000002 0.0236667
0 0.9523750000000001 0.4279999999999999 0.014250000000000002 0.032
0 0.59925 0.6736670000000001 0.021 0.020666699999999996
0 0.390625 0.867333 0.022250000000000002 0.018000000000000002
0 0.497625 0.337833 0.01625 0.0336667
0 0.5197499999999999 0.17316699999999996 0.0155 0.035
0 0.5753749999999999 0.17766700000000007 0.019250000000000003 0.028000000000000008
0 0.03975000000000001 0.8865 0.0225 0.021666699999999997
0 0.9555 0.763333 0.019499999999999997 0.021999999999999992
0 0.617875 0.238667 0.02025 0.019333300000000005
0 0.7361249999999999 0.123667 0.02175 0.020666699999999996
0 0.84075 0.129667 0.0165 0.029333299999999996
0 0.510625 0.6403329999999999 0.02075 0.0213333
0 0.44062499999999993 0.6945 0.01675 0.0316667
0 0.9642500000000002 0.49066700000000013 0.014500000000000002 0.03
0 0.4962500000000001 0.796333 0.017 0.024
0 0.4533750000000001 0.8481669999999998 0.02075 0.0243333
0 0.531375 0.5185 0.02275 0.0203333
0 0.8325 0.9731669999999998 0.018 0.023
0 0.43725 0.3415000000000001 0.014000000000000002 0.029000000000000005
0 0.09112499999999998 0.237 0.02375 0.018666700000000005
0 0.9078749999999998 0.540167 0.01475 0.0343333
0 0.012625000000000003 0.30883299999999997 0.01475 0.0336667
0 0.68025 0.490167 0.017 0.025
0 0.9355 0.39183299999999993 0.024 0.021
0 0.358 0.35033299999999995 0.022 0.0266667
0 0.429375 0.2115 0.019250000000000003 0.021666699999999997
0 0.658625 0.911667 0.02175 0.021999999999999992
0 0.380375 0.19349999999999998 0.01625 0.031
0 0.47787499999999994 0.36550000000000005 0.02125 0.0203333
0 0.412875 0.876833 0.022250000000000002 0.0223333
0 0.6496250000000002 0.483333 0.024250000000000004 0.020666699999999996
0 0.43412500000000004 0.0658333 0.01475 0.03699999999999999
0 0.6221250000000002 0.2755 0.01575 0.03300000000000001
0 0.76975 0.867167 0.022 0.019
0 0.5045 0.20466699999999996 0.019 0.021999999999999992
0 0.297375 0.248 0.025250000000000005 0.016
0 0.408625 0.027000000000000003 0.01575 0.035333300000000005
0 0.846875 0.295833 0.02025 0.0223333
0 0.29587499999999994 0.11583300000000002 0.02025 0.027000000000000003
0 0.5943750000000001 0.49983299999999997 0.02175 0.0196667
0 0.01525 0.439833 0.019499999999999997 0.0243333
0 0.838 0.34616699999999995 0.020500000000000004 0.021
0 0.72175 0.14716699999999996 0.021 0.023
0 0.46800000000000014 0.0533333 0.017 0.03
0 0.27599999999999997 0.12800000000000003 0.023 0.0213333
0 0.738625 0.0411667 0.01875 0.028333299999999995
0 0.9129999999999999 0.6941669999999999 0.014000000000000002 0.029000000000000005
0 0.05825000000000001 0.489833 0.018 0.0256667
0 0.29325000000000007 0.28366700000000006 0.0165 0.034
0 0.9419999999999998 0.105 0.0235 0.020666699999999996
0 0.13075 0.2325 0.0245 0.019
0 0.5407500000000001 0.271667 0.015 0.0333333
0 0.24675 0.7391670000000002 0.0215 0.021
0 0.46587499999999993 0.16833300000000004 0.02375 0.018666700000000005
0 0.9699999999999999 0.1485 0.0235 0.019
0 0.5595 0.8759999999999999 0.021 0.0233333
0 0.45824999999999994 0.19250000000000003 0.018 0.025
0 0.05512500000000001 0.8128329999999999 0.02175 0.0223333
0 0.0525 0.315 0.0155 0.0326667
0 0.20525 0.799833 0.015 0.0316667
0 0.110875 0.6488329999999999 0.01775 0.0263333
0 0.79525 0.695167 0.012 0.03300000000000001
0 0.01125 0.274667 0.0225 0.02
0 0.0755 0.203333 0.0235 0.0266667
0 0.603 0.263 0.0215 0.022666699999999998
0 0.714 0.697667 0.018499999999999996 0.025333300000000003
0 0.6575 0.35533300000000007 0.02 0.020666699999999996
0 0.9201250000000001 0.626167 0.01775 0.0263333
0 0.80475 0.720167 0.020500000000000004 0.021666699999999997
0 0.58475 0.882167 0.0215 0.0223333
0 0.11469659583148743 0.02836164421377898 0.03412026878282235 0.018907762809185987
0 0.9564310414003959 0.33368699920656014 0.02834606945034477 0.013305462717575345
0 0.7021038071653587 0.3704520935577551 0.0194223068456066 0.022409200366442623
0 0.232017827723192 0.612051285008465 0.025196506178084194 0.037815525618372044
0 0.3089196642875532 0.6698250047031999 0.023621724541953926 0.028711787969504566
0 0.4002569991831084 0.7209459930391472 0.014173034725172338 0.032913513038212695
0 0.8944896303792724 0.6400627854665182 0.019947234057650212 0.021008625343540012
0 0.6821565731077088 0.864494366534167 0.026771287814214513 0.011904887694672676
0 0.4131313769354555 0.8578416351753794 0.023096797329910556 0.019608050320637352
0 0.054854893658537476 0.7436947708088121 0.009973617028824993 0.028011500458053357
