0 0.05947712418300654 0.49651567944250874 0.03790849673202614 0.09059233449477352
1 0.17450980392156862 0.3876306620209059 0.03529411764705882 0.08885017421602788
1 0.2248366013071896 0.49390243902439024 0.05751633986928104 0.05400696864111499
0 0.26405228758169935 0.3153310104529617 0.06274509803921569 0.055749128919860634
0 0.7287581699346406 0.12891986062717767 0.03529411764705882 0.10104529616724739
0 0.441830065359477 0.44773519163763065 0.06013071895424837 0.041811846689895474
0 0.5444444444444444 0.3945993031358885 0.030065359477124184 0.09581881533101046
0 0.6137254901960785 0.38414634146341464 0.06143790849673203 0.06445993031358885
0 0.28878217708802706 0.37662749073895907 0.06640869765338554 0.05185221403724908
0 0.27704326588667105 0.45619381917542756 0.04293087525067347 0.0911883764103346
0 0.3136015893423228 0.48837795202613377 0.03555213106696398 0.08224833950736063
0 0.277378663349567 0.5625802583208179 0.05299279913755006 0.06973228784319707
0 0.2867697923106518 0.6050454336099442 0.039576900621714615 0.08314234319765802
0 0.31427238426811455 0.6121974631323235 0.050309619434383016 0.07777832105587364
0 0.363240413850914 0.6524276291957062 0.059700748395467775 0.04917020296635684
0 0.30353966545544614 0.68550576573671 0.03152736151221334 0.07420230629468395
3 0.4437358049459267 0.5929763837909293 0.052992799137550096 0.06615627308200749
0 0.4195871876174228 0.6837177583561153 0.05701756869230072 0.043806180824572556
1 0.5601187245707994 0.5947643911715241 0.02817338688325444 0.08582435426855022
1 0.5718576357721553 0.4544058117948327 0.06640869765338554 0.05364022141784383
1 0.584602739362199 0.48837795202613377 0.065067107801802 0.04470018451486995
1 0.4491021643522609 0.769989114469814 0.032868951363796924 0.08582435426855012
0 0.48096492332737023 0.7530030443541635 0.03756451584433926 0.08224833950736063
0 0.827095105035925 0.7771411439921933 0.052322004211758116 0.06258025832081789
0 0.73452540527666 0.7418279982254461 0.050980414360174704 0.06168625463052039
3 0.6211610628178508 0.6738837177628437 0.059029953469676044 0.04738219558576215
2 0.5695098535318842 0.6689666974662082 0.044272465102256964 0.028608118089516705
3 0.5869505216024704 0.6618146679438288 0.044272465102256964 0.0303961254701116
1 0.6832095934535897 0.6050454336099442 0.02884418180904629 0.07062629153349446
0 0.7221156991495126 0.6296305350931226 0.055675978840717184 0.039336162373085466
2 0.6989732742096963 0.6774597325240334 0.025490207180087352 0.05811023986933091
0 0.6734830670296091 0.6823767528206691 0.05232200421175825 0.051852214037249024
0 0.6191486780404755 0.7145608856713754 0.06439631287601022 0.05721623617903351
1 0.593658470860388 0.5357601476118958 0.06707949257917731 0.046488191895464645
0 0.6449742826834586 0.5411241697536804 0.0476264397312159 0.087612361649145
0 0.6798556188246307 0.48703694649068763 0.03286895136379677 0.08671835795884761
0 0.6456450776092503 0.4915069649421747 0.0382353107701311 0.05274621772754652
0 0.7539784581246218 0.4655808579235501 0.06707949257917738 0.05453422510814122
2 0.7985863206897748 0.4074706180542193 0.03689372091854756 0.05095821034695167
0 0.7435811367748494 0.4159636531120446 0.06640869765338539 0.046488191895464694
2 0.7305006357219096 0.33952633759161704 0.02817338688325444 0.02771411439921931
