0 0.7808750000000001 0.45416699999999993 0.02025 0.019
0 0.9015 0.144167 0.019 0.019
0 0.9405 0.701833 0.018 0.030333300000000004
0 0.172875 0.227667 0.02625 0.018666700000000005
0 0.941875 0.5525 0.02275 0.021666699999999997
0 0.2365 0.0843333 0.0155 0.0273333
0 0.770625 0.037 0.02125 0.018000000000000002
0 0.543375 0.3625 0.01975 0.0196667
0 0.747 0.856333 0.017500000000000005 0.020666699999999996
0 0.80975 0.006500000000000001 0.022 0.013000000000000001
2 0.6707499999999998 0.30933299999999997 0.015 0.020666699999999996
0 0.716 0.6516670000000001 0.013000000000000001 0.024
0 0.504 0.9371670000000001 0.0225 0.0176667
0 0.6757383955701082 0.7227320826211638 0.020523208859783714 0.0174634652423276
0 0.8072500000000001 0.978667 0.016 0.0333333
0 0.43561527355760954 0.10716700000000012 0.012362288323915626 0.020333299999999995
0 0.7766249999999999 0.473833 0.01975 0.023
1 0.0569341293956517 0.8054495413105822 0.01836825879130344 0.024898382621163437
0 0.696125 0.7735 0.01975 0.0236667
0 0.19024999999999997 0.939833 0.019499999999999997 0.0176667
0 0.9226250000000001 0.23566699999999996 0.01475 0.0286667
0 0.76075 0.501167 0.022 0.018333300000000004
0 0.652625 0.565167 0.01975 0.019
0 0.727 0.866 0.0225 0.018666700000000005
0 0.08624999999999998 0.9419999999999998 0.019 0.02
0 0.19725 0.6150000000000001 0.019 0.019333300000000005
0 0.72775 0.009000000000000001 0.014000000000000002 0.018000000000000002
0 0.79325 0.48466699999999996 0.018 0.0266667
1 0.466 0.6355 0.022 0.017
0 0.991875 0.567667 0.01625 0.0153333
0 0.14275000000000002 0.943167 0.024 0.021
0 0.2511249999999997 0.0996306818611996 0.016749999999999998 0.027928063722399168
0 0.856625 0.857167 0.02125 0.018333300000000004
0 0.75725 0.468667 0.015 0.03
1 0.9208750000000001 0.529167 0.01375 0.025
0 0.191875 0.153333 0.01725 0.03
0 0.964375 0.711167 0.02375 0.018333300000000004
0 0.9795000000000001 0.1195 0.0165 0.0316667
0 0.2728749999999999 0.422667 0.01825 0.0213333
0 0.937625 0.532333 0.015250000000000001 0.0286667
0 0.652875 0.7165 0.02125 0.0203333
0 0.518 0.32366700000000004 0.017 0.0233333
0 0.04100000000000001 0.848 0.0155 0.0313333
0 0.567125 0.20816699999999996 0.019250000000000003 0.023
0 0.8015000000000001 0.08 0.0165 0.021999999999999992
0 0.68 0.0966667 0.015 0.03
0 0.47850000000000004 0.14333300000000002 0.015 0.0273333
0 0.2755 0.163 0.014500000000000002 0.028000000000000008
0 0.635125 0.764167 0.01825 0.029000000000000005
0 0.77475 0.8291669999999998 0.013499999999999998 0.0336667
1 0.603 0.514333 0.02 0.0173333
0 0.689875 0.12199999999999997 0.01625 0.028000000000000008
0 0.62675 0.52 0.022 0.019333300000000005
0 0.73925 0.609 0.013499999999999998 0.0326667
0 0.8946250000000002 0.6879999999999998 0.02125 0.0233333
0 0.244 0.0351667 0.015 0.0323333
2 0.603125 0.0403333 0.02125 0.016
0 0.172625 0.5791669999999999 0.02275 0.019
0 0.7814999999999999 0.045500000000000006 0.0165 0.030333300000000004
0 0.787625 0.0643333 0.01475 0.0286667
0 0.6775 0.6875 0.0125 0.027000000000000003
0 0.48787499999999995 0.807 0.01475 0.036000000000000004
1 0.480375 0.0716667 0.01575 0.021999999999999992
0 0.2859999999999999 0.1565 0.017 0.027000000000000003
2 0.4766250000000001 0.8266670000000002 0.01275 0.024666699999999996
0 0.193125 0.530667 0.023250000000000003 0.018000000000000002
0 0.05325 0.660167 0.015 0.028333299999999995
0 0.530875 0.49 0.01975 0.02
1 0.9617500000000001 0.0726667 0.021 0.018666700000000005
0 0.6105000000000002 0.153667 0.015 0.0333333
0 0.3155 0.20216700000000004 0.0235 0.019
0 0.4472500000000001 0.109667 0.018 0.025333300000000003
0 0.593625 0.273333 0.01775 0.0266667
0 0.790625 0.0843333 0.01825 0.024
0 0.6707499999999998 0.7836669999999999 0.015 0.0266667
1 0.715875 0.2885 0.02175 0.021
0 0.276875 0.20816699999999996 0.019250000000000003 0.023
0 0.59525 0.406833 0.019 0.025
0 0.959 0.727833 0.023 0.0203333
0 0.48325 0.6466670000000002 0.016 0.032
0 0.5599505970467387 0.30862361158589097 0.02140119409347774 0.024579923171781263
0 0.58975 0.31350000000000006 0.019 0.025
0 0.47775000000000006 0.561 0.0155 0.0286667
0 0.2914999999999999 0.571167 0.018499999999999996 0.025
0 0.22075 0.0978333 0.015 0.027000000000000003
0 0.4923749999999999 0.8991670000000002 0.02175 0.021
0 0.84025 0.491833 0.0155 0.030333300000000004
0 0.241 0.736 0.0225 0.021999999999999992
0 0.799375 0.03816669999999999 0.01975 0.0196667
2 0.5567500000000001 0.22839808262116398 0.015914676510870463 0.015840253656436765
0 0.4545 0.237167 0.014500000000000002 0.023
0 0.682625 0.743167 0.01675 0.0276667
0 0.5199999999999999 0.22966699999999998 0.016 0.03
0 0.794 0.617 0.017500000000000005 0.028000000000000008
0 0.9627500000000001 0.5545 0.020500000000000004 0.0176667
0 0.629125 0.7325 0.01375 0.029000000000000005
0 0.68675 0.391 0.0155 0.0313333
0 0.8732499999999999 0.6161669999999999 0.023 0.0176667
0 0.023624999999999997 0.604667 0.01875 0.0266667
0 0.330125 0.4204999999999999 0.02175 0.017
0 0.316875 0.6451670000000002 0.01175 0.0323333
0 0.465 0.0613333 0.020500000000000004 0.019333300000000005
0 0.03662499999999999 0.737 0.01475 0.0233333
0 0.270625 0.230833 0.01325 0.029666699999999997
0 0.20575 0.600667 0.020500000000000004 0.018000000000000002
0 0.26899999999999996 0.0938333 0.026000000000000002 0.0176667
0 0.6413750000000001 0.723 0.01675 0.024666699999999996
0 0.796 0.422833 0.019 0.023
0 0.0075 0.614833 0.015 0.029000000000000005
0 0.6205 0.106 0.019499999999999997 0.0213333
0 0.46537500000000004 0.666333 0.014250000000000002 0.0326667
0 0.017125 0.5735 0.02175 0.019
0 0.976375 0.550333 0.01825 0.022666699999999998
0 0.118125 0.13366700000000004 0.01575 0.0286667
0 0.6006250000000001 0.44050000000000006 0.01675 0.028333299999999995
0 0.403 0.8768330000000002 0.0215 0.018333300000000004
0 0.8857500000000001 0.589833 0.023 0.015
0 0.007875 0.6629999999999999 0.01575 0.025333300000000003
0 0.617875 0.17 0.01775 0.0266667
0 0.407875 0.581333 0.02175 0.024666699999999996
0 0.79375 0.1505 0.019 0.021
0 0.740125 0.896167 0.01975 0.0223333
0 0.6146250000000001 0.4885000000000001 0.022250000000000002 0.021
0 0.522625 0.9305 0.01325 0.030333300000000004
0 0.6845 0.139833 0.015 0.0263333
0 0.5425 0.203833 0.014000000000000002 0.0316667
0 0.45000000000000007 0.6485 0.0225 0.0196667
1 0.707875 0.5238330000000001 0.01975 0.0203333
0 0.48649999999999993 0.406 0.017 0.0313333
0 0.66925 0.6964999999999999 0.015 0.031
0 0.6103750000000001 0.1935 0.01375 0.0336667
0 0.663875 0.130167 0.01775 0.023
0 0.44900000000000007 0.902667 0.0125 0.0333333
0 0.878125 0.08899999999999998 0.01825 0.020666699999999996
0 0.399875 0.338 0.02175 0.019333300000000005
1 0.501875 0.0826667 0.02125 0.0233333
0 0.914375 0.5515 0.01625 0.028333299999999995
0 0.6406249999999999 0.789833 0.02075 0.021
2 0.9547926617445642 0.5337896115858907 0.018914676510870383 0.022913223171781523
0 0.8653750000000001 0.507167 0.01275 0.028333299999999995
1 0.03025 0.0833333 0.02 0.020666699999999996
0 0.8681250000000001 0.6841669999999997 0.02025 0.023
0 0.6089999999999999 0.9754999999999999 0.015 0.029666699999999997
0 0.13775 0.649 0.016 0.0286667
0 0.4593749999999999 0.125 0.019250000000000003 0.0266667
0 0.48749999999999993 0.8668330000000001 0.019 0.0243333
0 0.185875 0.127 0.02125 0.025333300000000003
0 0.700625 0.5930000000000001 0.01775 0.0233333
0 0.12262499999999997 0.24233300000000002 0.02175 0.020666699999999996
0 0.271 0.620167 0.019 0.029000000000000005
0 0.7666249999999999 0.6603329999999998 0.02175 0.021999999999999992
0 0.6757500000000001 0.891167 0.020500000000000004 0.023
0 0.691125 0.30966699999999997 0.01475 0.0333333
1 0.5775 0.028500000000000004 0.016 0.03300000000000001
0 0.118875 0.15449999999999997 0.024250000000000004 0.019
0 0.12125000000000002 0.7628329999999999 0.014500000000000002 0.0343333
0 0.045249999999999985 0.13249999999999998 0.023 0.0196667
0 0.5315 0.531167 0.0225 0.0196667
0 0.076875 0.9675 0.02375 0.021666699999999997
0 0.9245 0.786167 0.020500000000000004 0.023
0 0.41625 0.954667 0.013499999999999998 0.036000000000000004
0 0.800375 0.0605 0.01575 0.0256667
0 0.716 0.386 0.0235 0.021999999999999992
0 0.32475000000000004 0.861 0.022 0.022666699999999998
0 0.48487500000000006 0.325667 0.02125 0.02
0 0.8803750000000001 0.567 0.019250000000000003 0.024
0 0.801125 0.786333 0.01725 0.0233333
0 0.081625 0.08900000000000002 0.02375 0.018666700000000005
0 0.73925 0.344333 0.020500000000000004 0.02
0 0.791875 0.1195 0.01675 0.030333300000000004
0 0.419 0.647667 0.0215 0.020666699999999996
0 0.8858749999999997 0.550333 0.02375 0.018000000000000002
0 0.8539999999999999 0.600667 0.022 0.02
0 0.49075 0.951833 0.0215 0.0196667
0 0.25375 0.9163329999999997 0.014500000000000002 0.03
0 0.13824999999999998 0.212667 0.0225 0.018666700000000005
0 0.197125 0.23533299999999996 0.023250000000000003 0.020666699999999996
0 0.422625 0.114333 0.02175 0.021999999999999992
0 0.446625 0.305167 0.01875 0.025
0 0.6510000000000001 0.769833 0.018 0.0243333
0 0.23375 0.580833 0.019 0.0263333
0 0.768875 0.1035 0.02125 0.0203333
0 0.265625 0.1885 0.02475 0.0176667
0 0.46199999999999997 0.32933300000000004 0.017 0.03
0 0.934375 0.714333 0.01675 0.028000000000000008
0 0.8791249999999999 0.896333 0.02275 0.019333300000000005
0 0.639125 0.938833 0.02125 0.018333300000000004
0 0.37075 0.6481670000000002 0.021 0.021
0 0.549625 0.17949999999999997 0.01475 0.029666699999999997
0 0.4025 0.669833 0.021 0.0196667
0 0.5035 0.061500000000000006 0.021 0.0236667
0 0.10337499999999998 0.1245 0.01825 0.0263333
0 0.537 0.508833 0.02 0.0196667
0 0.386375 0.27 0.02275 0.020666699999999996
0 0.7188817412086963 0.35649999999999993 0.01276348241739353 0.024333300000000002
0 0.4592499999999999 0.04216670000000001 0.0245 0.021
0 0.4488750000000001 0.626 0.02075 0.019333300000000005
0 0.24810438544774754 0.08059452611129675 0.012907164560865476 0.027263430197886736
1 0.6903540378318467 0.08896487748784095 0.01183156751412676 0.02869834757672289
2 0.16712935347526375 0.25589359922577903 0.016492488049994803 0.01817562013192448
2 0.7672592266736702 0.45008575116160393 0.014341293956517143 0.031568182334395165
0 0.7886451803158279 0.4716095118441459 0.015416891003256 0.02582851281905055
2 0.663464111663377 0.7242567103669877 0.010397438118474954 0.011957644823634641
2 0.31753367384423786 0.72712654512466 0.017568085096733566 0.016740702753088248
0 0.7279999344677043 0.36194007221086133 0.008246244024997334 0.026785124404941373
