2 0.32230147242655405 0.7813073749668756 0.01760294485310787 0.028717950066246466
2 0.34153675857815347 0.38004175008517493 0.030426482843692836 0.036084200170351084
2 0.7865477705258911 0.9097713750425873 0.024169120710923434 0.03364455021767035
2 0.3660588241421847 0.8555332501041019 0.018617648284369168 0.0383625002839197
2 0.55825 0.9650168246214436 0.017499999999999984 0.06996635075711279
2 0.4499301430757998 0.566210624995268 0.031080900123354658 0.026384550066247386
2 0.45466176899529254 0.18716699999999992 0.028823537990584944 0.01566669999999999
2 0.6562573517156306 0.2784487499337524 0.015117648284369496 0.05015000037855676
2 0.8349669120710922 0.25544687502365954 0.032948548407723884 0.026051250066247623
2 0.9051249999999998 0.290333 0.01975 0.022666699999999998
2 0.9685919016539519 0.23909875031230896 0.02721325183898343 0.06749420070032978
2 0.537 0.18162237500473183 0.017500000000000147 0.03699625017981424
2 0.8721911758578155 0.3303245000189278 0.01935294485310768 0.024648300037855737
2 0.09127206556403104 0.9850000000000001 0.031044131128062254 0.024000000000000007
2 0.905838241421846 0.649096749971608 0.029176482843694108 0.020472500056782823
2 0.011301472426553936 0.7385436249952673 0.022602944853107872 0.025366250104101824
2 0.4786323412984912 0.7184051249384845 0.035235317403015644 0.030523750123030845
2 0.918125 0.785667 0.015250000000000001 0.024
2 0.5145808792890766 0.46199237492902007 0.026176482843693134 0.04590455036909333
2 0.825375 0.300667 0.01675 0.0273333
2 0.469419110293784 0.21243074997160818 0.04654415196234044 0.024260000151422653
2 0.8250147138484003 0.2692600001514225 0.031029427696800848 0.04652000030284544
2 0.2529999479143052 0.7496099997728646 0.09650010417138982 0.04811330045426507
2 0.5245588241421846 0.5646754999810721 0.01685294485310796 0.04208420017035047
2 0.7382500000000001 0.9578330000000002 0.020500000000000004 0.0196667
2 0.4186433844976463 0.978437375042588 0.02578676899529256 0.0262087500851747
2 0.8794816155023532 0.7417988749858039 0.024242658701509018 0.03482045019874293
2 0.8442426482843688 0.6530692500283917 0.028191186274953314 0.031084200170350015
2 0.8948198465070607 0.8181631247492058 0.028198548407723397 0.07440625070979229
2 0.15427941727966174 0.46827324995268 0.02905883455932373 0.021454200094638436
2 0.43119117585781525 0.9081062499526805 0.019117648284369095 0.03806580020820589
2 0.763125 0.8069193750804433 0.01575 0.044505450160886494
2 0.7914999999999999 0.7338329999999997 0.0215 0.0163333
2 0.9314117689952925 0.20399424983911327 0.02332353799058483 0.046010800321772675
2 0.778908087928907 0.541684999962144 0.023022065564032173 0.03361170011356747
2 0.18406985692420016 0.9572011250141956 0.026639713848400467 0.02173625002839198
2 0.4373750000000001 0.4655 0.019250000000000003 0.0223333
2 0.6754926482843692 0.22664612512776278 0.023985296568739014 0.0399595502555256
2 0.3997536810663845 0.8919211245599284 0.021507362132770127 0.08815705088014457
2 0.4358345603554615 0.23533299999999976 0.031977955270246744 0.01799999999999998
2 0.498 0.661 0.0155 0.028000000000000008
2 0.622875 0.0108333 0.02025 0.021666699999999997
2 0.15661051532865697 0.13422999401880786 0.019088262256124398 0.03993375065300988
2 0.15834581189739552 0.19760312005510616 0.07114715931828182 0.12616750206313268
2 0.2845886372731272 0.24477124582641493 0.05726478676837319 0.014468750236597766
2 0.46701168906177065 0.18747499488948768 0.003036768995292533 0.0005787500094639144
2 0.42428001105658303 0.20946749524911634 0.022558855393601532 0.0607687509937107
2 0.44944181130329247 0.15795874440682822 0.03210298652166373 0.0214137503501647
2 0.4808940616116793 0.17358499466235386 0.034272107232586974 0.026043750425876023
2 0.5275301568965286 0.16635061954405495 0.028632393384186643 0.02662250043533991
2 0.5112617515646044 0.21120374527750804 0.02125738296704754 0.04456375072872116
2 0.4401145922463226 0.29367562162611544 0.03774270037006415 0.025465000416412108
2 0.7116885052539105 0.1122775018359988 0.04294859007627992 0.03356750054890685
2 0.7741591817284994 0.1707312527918538 0.024727976104524818 0.02662250043533991
2 0.8242658701508259 0.2207931286104821 0.04077946936535704 0.032988750539442925
2 0.6791516945900622 0.30963125506319256 0.02038973468267834 0.03125250051105119
2 0.6661369703245227 0.3209168802477388 0.021257382967047635 0.034146250558370825
2 0.7828356645721922 0.29371562980293503 0.04555153492938771 0.04456375072872116
2 0.8340269133499806 0.3272831303518419 0.05336036948871146 0.026043750425875964
2 0.7728930615663381 0.3660593809859239 0.02386032782015552 0.037618750615154246
2 0.8199629809933721 0.36953188104270734 0.031235338237294522 0.03530375057729859
2 0.8073820808700174 0.3955756314685835 0.024294151962340173 0.022571250369092535
2 0.7344996249829968 0.4867287579591495 0.02950004166855651 0.043985000719257344
2 0.7635658425093683 0.5104575083471699 0.03383828309040232 0.02083500034070079
2 0.7785327754147385 0.5619662591894579 0.018654438113939843 0.025465000416412177
2 0.7455621406087054 0.5341862587351901 0.015183844976462664 0.039355000643545995
2 0.7347165370540893 0.5176918834654687 0.03774270037006415 0.0214137503501647
2 0.7347165370540893 0.5344756337399221 0.013448548407723984 0.022571250369092535
2 0.6479517086171603 0.6319950103345913 0.043816238360649115 0.02662250043533981
2 0.547521419701415 0.405125006624738 0.02602944853107876 0.039355000643545995
2 0.48179706216044127 0.4887543829922732 0.018654438113939756 0.014468750236597798
2 0.3564218850690788 0.39644375648277924 0.0386103486544334 0.026622500435339938
2 0.3902601681594811 0.48412438291656185 0.03253681066384842 0.02025625033123688
2 0.13101489093976287 0.3408837555742438 0.045117710787203086 0.05556000090853548
2 0.1707097999496579 0.35274813076825395 0.029066217526371223 0.019098750312309114
2 0.175481865513689 0.36432313095753216 0.0507574246356035 0.013311250217669969
2 0.20519881925333722 0.4326156320742737 0.04077946936535668 0.03993375065300991
2 0.17808481036679688 0.5049593832572626 0.03080151409510981 0.026043750425876023
2 0.07722069730886685 0.5503912590001796 0.026029448531078712 0.046300000757112963
2 0.15574286704428764 0.5975593847714885 0.02082355882486299 0.02951625048265951
2 0.3290556118470534 0.5556000090853549 0.01518384497646257 0.03819750062461823
2 0.3492284344586395 0.5729625093692722 0.05119124877778813 0.025465000416412108
2 0.2607283094529718 0.6554343857178796 0.09197071814314477 0.08739125142905058
2 0.48241244610932554 0.5929293846957772 0.027764745099817256 0.0376187506151542
2 0.5099602791380505 0.6328631353487871 0.026463272673263313 0.038776250634082014
2 0.4856661271757104 0.6887125112620545 0.025595624388894112 0.03588250058676244
2 0.6271281497922975 0.7376168870617551 0.026463272673263313 0.03530375057729853
2 0.7032642867457025 0.7448512621800539 0.025161800246709463 0.0370400006056904
2 0.8006578066661555 0.7040493865128481 0.017786789829570455 0.04224875069086551
2 0.8806983608992226 0.6768481360680444 0.013882372549908721 0.0214137503501647
2 0.94208447701835 0.7416681371280025 0.016919141545201254 0.04224875069086551
2 0.9273344561840721 0.7344337620097035 0.02559562438889402 0.04398500071925723
2 0.8579225934345287 0.8200887634103624 0.041213293507541424 0.01736250028391731
2 0.8509814071595743 0.8310850135901766 0.04728683149812621 0.018520000302845136
2 0.4451389221458386 0.7581625123977238 0.03210298652166373 0.06597750107888586
2 0.5512089249099845 0.7934662629750227 0.04815447978249569 0.027780000454267772
2 0.4486095152833159 0.7943343879892183 0.06767656618080464 0.012153750198742203
2 0.32952478825363074 0.7671331375444145 0.003904417279661827 0.0017362500283917433
2 0.2757305946227347 0.7810231377715481 0.022125031251416884 0.04803625078550465
2 0.1666238228632964 0.8565500140065887 0.04251476593409524 0.04398500071925723
2 0.3165100639880914 0.8203781384150942 0.022125031251416884 0.07581625123977241
2 0.23730180577500096 0.9545681242570829 0.031235338237294484 0.019098750312309176
2 0.41321749543087466 0.8593637477002696 0.01171325183898539 0.06945000113566936
2 0.47612199604764815 0.8553124976340221 0.016051493260831773 0.05440250088960771
2 0.6745965410971233 0.928234998826475 0.02950004166855594 0.0219925003596285
2 0.8075636406767172 0.8969824983154236 0.019522086398309046 0.04630000075711291
2 0.8053945199657939 0.9262093737933513 0.013448548407723984 0.023728750388020237
