0 0.751966912071092 0.6082106249952679 0.018375010417139737 0.027996250179814594
1 0.9600073517156305 0.460667 0.01098529656873798 0.028666699999999996
0 0.6509889672179842 0.9064999999999999 0.014154417279662294 0.034538300264989795
0 0.5663749999999999 0.40700000000000003 0.01225 0.0313333
2 0.714625 0.5504999999999999 0.01375 0.017
2 0.24178308792890768 0.04720142501419586 0.013272065564030947 0.033977950217669965
0 0.43007352757344625 0.9043329999999962 0.019397075981170114 0.027999999999999994
0 0.26370587928907663 0.538131874985804 0.022750000000000204 0.020366250104103492
0 0.053625 0.935333 0.01825 0.021999999999999992
0 0.7552499999999999 0.7515711249384844 0.012500000000000006 0.028329550179814564
1 0.25273529656873855 0.801754249990536 0.02397059313747727 0.017157500018927695
0 0.78963235171563 0.15609674997160825 0.020544131128063196 0.024435800132494818
0 0.9017499999999999 0.144833 0.017 0.015666699999999995
0 0.5975 0.26683299999999993 0.0165 0.027000000000000003
0 0.49731985692420017 0.7723150000378545 0.01837501041713905 0.028556700227135315
1 0.3015 0.807 0.017 0.025333300000000003
0 0.585375 0.468 0.008750000000000003 0.0173333
0 0.887375 0.9629999999999999 0.015250000000000001 0.028000000000000008
1 0.8937500000000002 0.4341670000000001 0.017500000000000005 0.021
0 0.407875 0.6538330000000001 0.01875 0.0116667
0 0.3546250000000001 0.8284999999999999 0.01375 0.0356667
0 0.635492648284369 0.7663937500473191 0.020485296568738782 0.01745420009463965
0 0.7815404396445377 0.3399563750047318 0.014757362132771054 0.03415375019874254
0 0.334625 0.0225 0.01875 0.0196667
0 0.23 0.782 0.022 0.019333300000000005
2 0.25325 0.587 0.015 0.018000000000000002
0 0.4022757362132767 0.5668150000378547 0.01712501041713935 0.02864830003785688
0 0.8977573517156303 0.7488329999999999 0.01648529656873798 0.02166669999999999
0 0.499977944853108 0.9082542499905353 0.01272059313747735 0.03190830018927969
0 0.6355 0.865833 0.018 0.0196667
0 0.30155882414218466 0.7859999999999981 0.010970572303199309 0.02733329999999997
0 0.09194117585781542 0.7851498749479486 0.020926482843693008 0.030996250179814312
1 0.6352977913601686 0.9253861249763399 0.022816196692092294 0.022384550066247892
0 0.26175 0.24 0.0165 0.02
2 0.5745 0.1665 0.015 0.023
0 0.8098419120710919 0.2676669999999999 0.023860306985877565 0.020666699999999975
0 0.323125 0.6678330000000001 0.01675 0.0223333
1 0.675375 0.7056669999999998 0.01725 0.028000000000000008
1 0.14105147242655391 0.8381138750236596 0.018573537990585132 0.03103295010410315
0 0.37 0.681333 0.0105 0.021999999999999992
0 0.684205879289076 0.421167 0.022397075981171542 0.02166669999999999
0 0.5739999999999998 0.5530179999621443 0.017 0.02470329992428885
1 0.2772573517156307 0.2935512500662474 0.01975 0.027000000000000003
0 0.22575000000000003 0.510333 0.022 0.025333300000000003
0 0.9873051430757994 0.733 0.02188971384839999 0.019999999999999993
0 0.6012352965687378 0.292 0.022941186274954842 0.01999999999999998
0 0.245375 0.278167 0.01675 0.0203333
0 0.05474999999999999 0.2795 0.0165 0.021666699999999997
0 0.202375 0.807667 0.02075 0.0153333
0 0.47325 0.784833 0.014000000000000002 0.029000000000000005
0 0.5815 0.972167 0.012 0.028333299999999995
0 0.3655 0.849167 0.018499999999999996 0.0203333
0 0.6090000000000001 0.263 0.018499999999999996 0.034
0 0.5968750000000002 0.465333 0.02125 0.0313333
0 0.5167279448531079 0.8590094999810721 0.01625 0.029000000000000005
0 0.6721433844976442 0.1731575000189278 0.020286768995293008 0.02789000022713393
0 0.9917500000000001 0.428667 0.0165 0.018000000000000002
0 0.9932500000000001 0.656167 0.013499999999999998 0.015666699999999995
1 0.877 0.427667 0.014500000000000002 0.024666699999999996
0 0.26200000000000007 0.158167 0.02 0.021
0 0.049352944853107886 0.32249999999999995 0.022705889706215707 0.022333299999999986
0 0.07924999999999999 0.4755 0.017500000000000005 0.029666699999999997
0 0.225125 0.7636669999999998 0.01825 0.035333300000000005
0 0.4287536810663849 0.8784392499526796 0.020772065564031102 0.03066670000000002
0 0.921375 0.466333 0.019250000000000003 0.0166667
0 0.12975 0.42666699999999996 0.013000000000000001 0.032
0 0.7388749999999998 0.976667 0.01775 0.024666699999999996
0 0.499375 0.259333 0.02025 0.026000000000000002
0 0.9064999999999999 0.7335 0.020500000000000004 0.018333300000000004
0 0.058125 0.531 0.02025 0.021999999999999992
1 0.66275 0.620167 0.018 0.0236667
0 0.018625 0.767167 0.01725 0.03300000000000001
0 0.3605 0.32 0.015 0.0313333
1 0.073625 0.495333 0.015250000000000001 0.020666699999999996
0 0.582875 0.75 0.02125 0.021999999999999992
0 0.126 0.4755 0.017 0.0276667
0 0.23780882414218463 0.8423329999999996 0.022926482843693034 0.021296700075710624
0 0.5182499999999999 0.2845 0.017 0.025
0 0.8786249999999999 0.8766669999999999 0.01875 0.024666699999999996
0 0.045875000000000006 0.6361669999999999 0.01875 0.015
0 0.212875 0.379333 0.01675 0.032
0 0.24174999999999996 0.609167 0.0165 0.0143333
0 0.409375 0.6558329999999999 0.01625 0.0236667
0 0.13319117585781529 0.2141670000000001 0.022691186274954447 0.023666699999999995
0 0.034 0.390333 0.017 0.0306667
1 0.690125 0.6904999999999998 0.02125 0.0196667
1 0.7763492637867229 0.460167 0.01930147242655383 0.027666699999999995
0 0.978625 0.119667 0.01725 0.020666699999999996
0 0.044974263786723014 0.8949820000378557 0.020551472426553898 0.023296700075711288
0 0.1522352965687386 0.25311387502365973 0.020970593137477095 0.02289375004731961
0 0.8778749999999998 0.465833 0.01625 0.0176667
0 0.031125 0.68 0.02025 0.0233333
0 0.42007352757344585 0.117833 0.016352944853107426 0.030333300000000004
0 0.07735294485310786 0.8124563750047319 0.022205889706215814 0.02610624995268031
0 0.024827208639830903 0.5878330000000002 0.02315441727966183 0.021666699999999997
0 0.14987500000000004 0.6566670000000001 0.019250000000000003 0.0213333
0 0.08537500000000002 0.1515 0.024250000000000004 0.0176667
1 0.205625 0.5415000000000001 0.019250000000000003 0.0203333
0 0.9578750000000003 0.748167 0.014250000000000002 0.027000000000000003
0 0.41657720863983094 0.5179999999999996 0.02365441727966197 0.0266667
0 0.617875 0.684 0.02125 0.020666699999999996
0 0.6936250000000002 0.507333 0.01675 0.0273333
0 0.814625 0.46650000000000014 0.019250000000000003 0.027000000000000003
0 0.7235 0.478667 0.025 0.018000000000000002
0 0.08562499999999998 0.5222267500473197 0.018249999999999995 0.035787500094638984
0 0.026249999999999996 0.471833 0.016 0.038333299999999994
0 0.239 0.5725 0.019499999999999997 0.023
0 0.8967500000000002 0.5878329999999999 0.015 0.027000000000000003
0 0.6341250000000002 0.667833 0.01825 0.019
0 0.28057720863983093 0.5645607500473195 0.0251544172796619 0.02378750009463924
0 0.2891250000000001 0.6245 0.01725 0.028333299999999995
0 0.8611249999999999 0.6095 0.01725 0.0223333
0 0.542875 0.17766699999999996 0.01975 0.02
0 0.577875 0.6473330000000002 0.02075 0.016
0 0.146 0.764833 0.018499999999999996 0.0343333
0 0.837375 0.8328330000000003 0.01875 0.0203333
0 0.42370587928907644 0.23025424999053584 0.023588241421846953 0.024999999999999974
0 0.352875 0.380167 0.01775 0.0256667
0 0.48675 0.674 0.017500000000000005 0.035333300000000005
0 0.73675 0.198167 0.0155 0.031
0 0.735 0.8335000000000001 0.018 0.023
0 0.8772499999999998 0.0966667 0.016 0.0213333
0 0.7049154396445377 0.7933150000378554 0.020669120710922802 0.02336999992428856
0 0.274375 0.647667 0.01875 0.021999999999999992
0 0.5303088241421846 0.9061669999999977 0.0246764620094151 0.01566669999999998
0 0.73125 0.8665000000000002 0.013499999999999998 0.031
0 0.278125 0.24616699999999997 0.01575 0.029666699999999997
0 0.39050000000000007 0.556 0.0215 0.0213333
2 0.21141912071092328 0.7237637499716082 0.01883824142184636 0.025805800056783342
0 0.714375 0.3066670000000001 0.01775 0.02
0 0.3118933844976463 0.8914999999999992 0.020286768995292474 0.0276667
0 0.921375 0.37966699999999987 0.01375 0.03
0 0.465625 0.481833 0.01625 0.0223333
0 0.58125 0.4684999999999999 0.0155 0.029666699999999997
0 0.198375 0.326667 0.01725 0.029333299999999996
0 0.834 0.684667 0.0155 0.035333300000000005
0 0.55025 0.8008330000000002 0.020500000000000004 0.0263333
0 0.953125 0.428 0.01825 0.0266667
0 0.5926727913601687 0.7964117500094638 0.024889713848400788 0.02229670007571143
0 0.478375 0.566667 0.01975 0.026000000000000002
1 0.5588639672179836 0.552805500056783 0.01733087928907507 0.028417500170351315
0 0.249625 0.972333 0.01775 0.0213333
0 0.32675 0.6475 0.0215 0.0203333
0 0.562625 0.333167 0.01625 0.031
0 0.209 0.7635 0.016 0.021666699999999997
1 0.1202022086398309 0.6366669999999999 0.020536768995292536 0.02133329999999999
0 0.3870514724265539 0.5807201249763401 0.016 0.034772949952680425
0 0.21899999999999997 0.466667 0.018 0.028000000000000008
0 0.4775 0.8816669999999999 0.018499999999999996 0.020666699999999996
0 0.7385 0.791333 0.018499999999999996 0.024
0 0.4785000000000001 0.763 0.017500000000000005 0.0233333
0 0.458125 0.4335 0.019250000000000003 0.025
0 0.47549264828436927 0.4997713750425871 0.02225000000000001 0.018208750085175737
0 0.143125 0.321 0.01625 0.029333299999999996
0 0.5936249999999998 0.607667 0.02075 0.0266667
0 0.92125 0.125 0.019 0.03
0 0.30962499999999993 0.523 0.01775 0.0266667
0 0.4985 0.374667 0.017500000000000005 0.025333300000000003
0 0.62625 0.6300000000000001 0.019 0.02
0 0.7318933844976457 0.09717579998107219 0.0202867689952932 0.026315000037855682
0 0.922375 0.865333 0.014250000000000002 0.0333333
0 0.23750000000000004 0.7315 0.015 0.03699999999999999
1 0.66525 0.5505 0.016 0.035
0 0.033875 0.6531670000000002 0.01775 0.0343333
0 0.598 0.897833 0.013499999999999998 0.03633329999999999
0 0.6292499999999999 0.8383329999999998 0.018 0.035333300000000005
0 0.374375 0.34283299999999994 0.01775 0.029000000000000005
0 0.505375 0.815833 0.01725 0.0223333
0 0.642125 0.294833 0.019250000000000003 0.013000000000000001
0 0.71025 0.5935000000000001 0.020500000000000004 0.0176667
0 0.8806249999999999 0.5015 0.015250000000000001 0.030333300000000004
0 0.7895 0.10783300000000001 0.014500000000000002 0.0276667
0 0.858125 0.5291670000000002 0.01675 0.027000000000000003
0 0.15349999999999997 0.599167 0.02 0.023
0 0.6501249999999998 0.647167 0.01475 0.0323333
0 0.689 0.39466699999999993 0.016 0.025333300000000003
0 0.773375 0.6311669999999999 0.01825 0.0196667
0 0.43450000000000005 0.705833 0.017 0.0316667
0 0.75 0.685167 0.0155 0.0356667
0 0.4335000000000001 0.656167 0.017500000000000005 0.03300000000000001
0 0.530875 0.694333 0.019250000000000003 0.026000000000000002
0 0.36912500000000004 0.6830000000000002 0.01625 0.036000000000000004
0 0.678375 0.5735 0.01975 0.0203333
0 0.28975 0.663833 0.019499999999999997 0.03699999999999999
0 0.24999999999999997 0.507167 0.018499999999999996 0.0243333
0 0.3119191207109231 0.5876754999810716 0.025838241421846864 0.021315000037854713
0 0.6622499999999999 0.0653333 0.018 0.025333300000000003
0 0.2039852965687386 0.8328330000000002 0.021970593137477158 0.02233329999999999
2 0.1659377343856268 0.23641937886600778 0.03861034865443343 0.06308375103156628
0 0.7993209819752087 0.2685400043912549 0.0013014724265539427 0.0011575000189278288
0 0.5759369010145092 0.3993375065300988 0.018654438113939756 0.03125250051105119
0 0.6128119531002042 0.4690768826705002 0.021257382967047635 0.01678375027445346
2 0.34492554530118563 0.437245632149985 0.019088262256124398 0.02372875038802037
0 0.2820210446844121 0.3246787553092543 0.024294151962340173 0.02083500034070079
1 0.27985192397348885 0.2746168794906259 0.022558855393601574 0.0214137503501647
1 0.2549070357978718 0.29892437988811016 0.013448548407724028 0.026043750425876023
1 0.25967910136190286 0.3125250051105121 0.019522086398309046 0.018520000302845136
1 0.2778997153336579 0.3125250051105121 0.027330920957632693 0.023150000378556454
1 0.7038796706945868 0.613475010031746 0.019522086398309046 0.017362500283917434
2 0.7080363523097337 0.7766425045237494 0.012147075981170036 0.01678375027445352
1 0.5182382901039513 0.8756087561420783 0.016051493260831867 0.028358750463731687
2 0.37789618010721876 0.8620081309196763 0.009544131128062199 0.016205000264989604
0 0.35924174199327896 0.812814380115244 0.019088262256124353 0.030095000492123297
2 0.28766075853281253 0.7847450046562442 0.024294151962340124 0.031831250520515046
1 0.2831056050398737 0.8023968799448927 0.016051493260831867 0.03009500049212437
1 0.019088262256124394 0.9831294372241269 0.023860327820155493 0.03119462551010489
0 0.9737536393978291 0.7619022461065468 0.012407370466480806 0.021645250353950304
