0 0.17040973363654863 0.20808279739245125 0.03973382464059835 0.0823308629249265
0 0.6184720114986153 0.047932351702868164 0.051569431980351 0.0823308629249265
0 0.6032548020617903 0.1043233537062425 0.06340503932010379 0.053007541883171874
1 0.5051883412466965 0.07443612264445411 0.05833263617449539 0.05639100200337432
0 0.4946208346933458 0.1071429038064112 0.060868837747299544 0.05639100200337434
0 0.4231844903926957 0.2881580202372428 0.06509584036863988 0.04172934148249699
0 0.6235444146442234 0.2148497176328562 0.0600234372230315 0.07781958276465656
0 0.5808516881686869 0.21936099779312612 0.043960827261938645 0.07556394268452159
0 0.565211778469728 0.2971805805577827 0.053260233028887195 0.06654138236398174
0 0.4992705375768201 0.3535715825611571 0.031279819397917824 0.08684214308519653
2 0.5018067391496241 0.42011296492513867 0.03297062044645392 0.043984981562631933
0 0.7444366896145546 0.24078957855440838 0.04649702883474271 0.06428574228384673
0 0.7397869867310802 0.2859023801571078 0.054105633553155154 0.07105266252425162
1 0.329345032198942 0.4291355252456786 0.03804302359206226 0.09586470340573638
0 0.630307618838368 0.46466185650780445 0.06509584036863979 0.049624081762969424
0 0.6628555390226878 0.4020678442840589 0.06932284298998014 0.04624062164276697
3 0.784593214517287 0.46635358656790565 0.043960827261938645 0.04624062164276697
0 0.8057282276239881 0.41447386472480136 0.06425043984437184 0.04849626172290193
1 0.6941353584206056 0.4421054557064547 0.05748723565022744 0.07218048256431914
0 0.7905110181871633 0.2543234190352182 0.042270026213402555 0.07556394268452159
0 0.8304971948842561 0.1291353945877272 0.06171423827156779 0.04849626172290191
0 0.8419101019618748 0.27349635971636554 0.03888842411633044 0.09135342324546646
1 0.863045115068576 0.4133460446847338 0.03550682201925807 0.0890977831653315
0 0.9327906583206901 0.4082708545044301 0.048187829883278716 0.0676692024040492
1 0.26376496357163154 0.4787596070086481 0.04057922516486641 0.08684214308519653
1 0.3977609466681175 0.669925103800087 0.053260233028887154 0.06992484248418411
0 0.15808989803812534 0.5661656601138784 0.05579643460169129 0.06090228216364434
0 0.36352222543526147 0.5103385681305377 0.06594124089290788 0.05526318196330686
1 0.3909977424739731 0.481015247088783 0.04818782988327886 0.0665413823639817
0 0.4725788930658399 0.537970159112191 0.04565162831047475 0.07894740280472395
0 0.3876161403769009 0.5808273206347556 0.03297062044645392 0.07669176272458914
0 0.37493513251288024 0.7719928174261946 0.06678664141717597 0.05526318196330679
0 0.6116472793079342 0.7020679749420105 0.06340503932010379 0.046240621642766905
0 0.5135808184928403 0.5983085312558015 0.038043023592062214 0.08458650300506142
0 0.5093538158715001 0.7629702571056547 0.0566418351259594 0.07105266252425173
0 0.5258391260947272 0.6710529238401545 0.049033230407546854 0.0563910020033744
0 0.7164769443171722 0.7906018480873079 0.05833263617449551 0.04962408176296949
0 0.5600778473275831 0.7922935781474094 0.036352222543526116 0.08007522284479161
0 0.5807901601721503 0.52274458857128 0.05917803669876354 0.04849626172290187
0 0.5820582609585524 0.5639100200337431 0.0684774424657121 0.038345881362294505
0 0.6394366763996767 0.9159774070149723 0.046497028834742805 0.05977446212357673
0 0.8055578794183486 0.6368419470982692 0.03719762306779416 0.09022560320539882
0 0.8846028284374111 0.6063908060164471 0.036352222543526214 0.07669176272458901
0 0.8968611360392978 0.7248119102235333 0.03381602097072197 0.08796996312526399
0 0.880375825816071 0.8466164745508218 0.043115426737670604 0.0789474028047241
