0 0.28971991532956637 0.8081585226971602 0.0142713981732593 0.032101136561518154
0 0.9218750000000001 0.6416669999999999 0.01225 0.0306667
0 0.23152473512711894 0.9338068636277593 0.019549470254238095 0.020281027255521576
0 0.863626107246192 0.27051772364497717 0.020364502816301974 0.01885292773156687
0 0.10688368649717457 0.8476147272555203 0.014422457664783233 0.02908488195583847
0 0.852794539732066 0.37371797530829043 0.01589146765108707 0.023463465242327067
0 0.912477944853107 0.9086669999999986 0.019455889706216915 0.013999999999999978
0 0.9185213308722827 0.30265237606825446 0.01669385583804173 0.027101617378835884
0 0.5713091293956518 0.08131160579294537 0.014250000000000002 0.029000000000000005
0 0.6936249999999993 0.5124288750615151 0.011749999999999993 0.027523750123031175
0 0.9594883955701081 0.2736669999999999 0.019476791140216363 0.019999999999999983
0 0.24900000000000014 0.15454338841410936 0.015631741208696485 0.03427620427301679
0 0.83 0.535 0.014500000000000002 0.020666699999999996
0 0.530789676510871 0.41462361158589095 0.021079353021741073 0.019216942070545903
0 0.81025 0.545 0.014500000000000002 0.02
0 0.846625 0.487167 0.01875 0.025
0 0.19324999999999964 0.8814039318138802 0.014499999999999975 0.0339965910725579
0 0.909740273557609 0.2275433884141092 0.015953582280433393 0.029522727444798506
1 0.742375 0.32999344634356326 0.013750000000000002 0.03131959268712588
0 0.22300486322119537 0.23450000000000049 0.0190097264423904 0.0196667
0 0.27426938558380387 0.8055363181388004 0.015749999999999983 0.034928063722398824
0 0.5867165783757057 0.7926222045583584 0.018411758578154868 0.02127761832808066
0 0.852852277462335 0.6634579090220803 0.01589438558380566 0.02975148195583894
0 0.706934129395652 0.35909384710352726 0.012565870604347799 0.022854994207054554
0 0.5311416326836036 0.8144670457728751 0.022465254011302872 0.017581818044164522
0 0.5117005970467388 0.6094061528964728 0.018249999999999985 0.016665666762255685
0 0.660143384497646 0.8158424999810714 0.01978676899529262 0.02017579998107295
1 0.43877473512711873 0.7884898182334388 0.016049470254238637 0.024980336466880585
0 0.698617648284369 0.9681944999432163 0.013000000000000001 0.0313333
0 0.3745193855838041 0.8539999999999993 0.018538771167608437 0.019333299999999994
0 0.9582500000000002 0.198667 0.0235 0.016
0 0.6561727913601687 0.8447542499905354 0.02078676899529303 0.020212499905361798
2 0.7700872014766315 0.4587825413105825 0.016872014766304903 0.020464498480070772
0 0.262125 0.9495 0.01725 0.030333300000000004
0 0.4148420646978259 0.6993546942070549 0.018486517582606957 0.03053653475767175
0 0.714 0.277 0.017500000000000005 0.018666700000000005
0 0.9172499999999999 0.6204999999999999 0.014500000000000002 0.0223333
1 0.33428779852336954 0.4390504586894179 0.01957559704673866 0.018768217378836195
1 0.6555969279190212 0.4375000000000002 0.020193855838042066 0.01633329999999999
0 0.7501627985233693 0.16750707027530878 0.018825597046738793 0.02034814055061776
0 0.8724889672179831 0.91073625002839 0.02438971384840197 0.023333299999999932
0 0.19362500000000002 0.849833 0.01575 0.031
0 0.8185915783757057 0.6398852727444796 0.019183156751413372 0.0224378454889598
0 0.617875 0.848667 0.01625 0.0313333
0 0.426 0.44299999999999995 0.018 0.0213333
0 0.2575 0.5235 0.015 0.0236667
0 0.078125 0.26565237606825426 0.01875 0.02930475213650837
0 0.8603139926168472 0.20849999999999969 0.024127985233693795 0.02099999999999999
1 0.7228274750342407 0.35378254131058257 0.019542661744563834 0.0276814405506168
1 0.44921220147663055 0.4829631652423278 0.018575597046738796 0.021260330484655306
0 0.82375 0.348 0.013499999999999998 0.0286667
0 0.5817499999999999 0.731 0.017 0.0266667
0 0.9827165783757057 0.5469840453943204 0.017665783757064225 0.025509881766560893
0 0.4066647742424112 0.09228702849153138 0.02575000000000018 0.018549208832802318
0 0.914375 0.669 0.01625 0.020666699999999996
0 0.174 0.7840000000000003 0.018499999999999996 0.026000000000000002
0 0.101375 0.35416700000000007 0.01575 0.0243333
0 0.256096927919021 0.6348546942070548 0.021193855838042105 0.02107296951534413
0 0.5905000000000001 0.242333 0.018499999999999996 0.025333300000000003
0 0.6505 0.8966670000000001 0.016 0.020666699999999996
0 0.6857500000000001 0.7741670000000002 0.0155 0.021
0 0.29281399261684704 0.4913330000000001 0.02262798523369395 0.0213333
0 0.8400097264423905 0.10334814055061767 0.022019452884781198 0.026029581101235367
0 0.8445 0.748167 0.016 0.028333299999999995
0 0.63975 0.22966699999999998 0.018499999999999996 0.025333300000000003
0 0.8817499999999998 0.6585 0.018499999999999996 0.0163333
0 0.3303749999999999 0.870167 0.01825 0.025
0 0.7008701367788048 0.11828305792945376 0.01524027355760949 0.027203134757672394
0 0.8097757362132765 0.9180351250141955 0.019051472426554448 0.02206955002839228
0 0.6036676617445649 0.6767320826211639 0.01375 0.0276667
0 0.886375 0.535333 0.02025 0.021999999999999992
0 0.48937499999999995 0.7870000000000001 0.01625 0.032
0 0.286983532348913 0.5994278471035276 0.015250000000000001 0.025174586894180076
0 0.7993255970467389 0.4848763884141103 0.02017064697825793 0.023289911585892446
0 0.43012499999999987 0.5590802231717815 0.01375 0.03082644634356294
0 0.38725000000000004 0.214 0.016 0.0266667
0 0.5505 0.31199999999999994 0.0245 0.0166667
0 0.23711631350282542 0.7964999999999995 0.02173262700565058 0.021666699999999962
0 0.6343749999999992 0.9480626249574117 0.013749999999999983 0.030124549914825827
0 0.7708749999999999 0.205 0.01675 0.022666699999999998
0 0.359 0.865167 0.019499999999999997 0.021666699999999997
0 0.7016957338255437 0.37767407027530886 0.021845049931519558 0.021348140550617664
0 0.5372499999999999 0.123667 0.0155 0.0286667
0 0.8536579353021752 0.3303763884141102 0.02213771167608396 0.018637018898763826
0 0.96075 0.16716699999999998 0.016 0.0243333
0 0.62975 0.759833 0.015 0.0223333
0 0.46087013677880473 0.1504999999999999 0.0275815675141266 0.020796865242327787
0 0.587618274006585 0.8127227266876825 0.016915783757063957 0.020333299999999964
0 0.9448536691277176 0.41386276448236387 0.018792661744564662 0.023724828964726538
0 0.394375 0.503667 0.015250000000000001 0.0286667
0 0.8729999999999998 0.886833 0.015 0.021666699999999997
0 0.5701250000000001 0.652333 0.01675 0.0153333
0 0.40456587060434807 0.15832592972469114 0.023802388186955573 0.01818839420705465
0 0.9055 0.358333 0.015 0.0273333
1 0.28797679114021635 0.2991377521365084 0.021953582280432822 0.022942804273016856
1 0.09862500000000002 0.31817407027530886 0.014750000000000006 0.02898515944938251
0 0.6055000000000001 0.8853329999999998 0.016 0.029333299999999996
0 0.447269452884781 0.05885004463720768 0.017368258791303607 0.030001033237743772
0 0.8899338241421827 0.9482637499716059 0.0248088345593258 0.02466669999999993
0 0.4221250000000001 0.654108471035273 0.023269452884780856 0.022710088414109222
0 0.9662188449537856 0.21506404938342016 0.020726791140217346 0.016940737797529217
0 0.6049786691277178 0.6425 0.021542661744564647 0.022999999999999993
0 0.26649999999999996 0.2415 0.017500000000000005 0.019
0 0.8085426617445647 0.203333 0.01958532348912928 0.025333300000000003
0 0.5501249999999999 0.480167 0.015250000000000001 0.0323333
0 0.49753293530217424 0.1257896115858908 0.021019452884781006 0.021086776828218426
0 0.369 0.503167 0.0155 0.023
0 0.017625 0.273167 0.01675 0.0263333
0 0.9018749999999999 0.8435000000000001 0.01675 0.021
0 0.78525 0.531333 0.017 0.0273333
0 0.62675 0.919667 0.0245 0.0153333
0 0.6863749999999995 0.8120437954416397 0.02127139817325975 0.013493527160881395
0 0.458375 0.2 0.01975 0.0173333
0 0.4036676617445647 0.607347623931746 0.021835323489129213 0.01736194786349134
0 0.09261825879130342 0.4073410702753085 0.021236517582606907 0.019348140550618106
1 0.5473798632211951 0.39286931813880044 0.017542661744564567 0.021391528964726732
0 0.9051249999999998 0.780167 0.01675 0.0196667
3 0.25634692791902114 0.8526846590693998 0.020193855838042233 0.0220360181388016
0 0.5821414676510873 0.4805433884141093 0.016697611813045184 0.02479686524232799
0 0.8743749999999999 0.405833 0.01325 0.028333299999999995
0 0.45824999999999994 0.855667 0.02 0.018666700000000005
0 0.6822500000000001 0.532833 0.017500000000000005 0.0223333
0 0.550125 0.6363330000000001 0.01675 0.032
0 0.5108750000000001 0.343333 0.01975 0.019333300000000005
0 0.07775 0.391 0.017500000000000005 0.022666699999999998
0 0.7271931828282746 0.45259333048465583 0.017236517582606636 0.021333300000000003
0 0.49437499999999995 0.256667 0.01825 0.028000000000000008
0 0.46625000000000005 0.6475 0.019499999999999997 0.0243333
0 0.7164408706043481 0.3057174586894181 0.0221182587913032 0.0201016173788361
0 0.6312877985233696 0.33331130579294543 0.024595049931519813 0.019753476828218368
0 0.9354525423352164 0.5511425680914803 0.017172457664784726 0.017023072460563927
0 0.51325 0.3685 0.0115 0.0243333
0 0.417391467651087 0.6289999999999999 0.020217064697825866 0.024
0 0.33775 0.9406669999999998 0.017500000000000005 0.0266667
0 0.56175 0.439 0.015 0.0266667
0 0.8065915783757062 0.6743414773028397 0.01718315675141304 0.027349654605679792
1 0.22387986322119527 0.6096669999999998 0.0218450499315196 0.02199999999999999
0 0.533875 0.4462537768282187 0.018749999999999996 0.0205068536564365
0 0.40612500000000007 0.198833 0.015250000000000001 0.0323333
0 0.4647446504566849 0.8151323863249196 0.022743326092280663 0.02342159088328168
0 0.770375 0.09616670000000001 0.01675 0.027000000000000003
0 0.334875 0.646833 0.01775 0.025
0 0.8890000000000002 0.359333 0.017500000000000005 0.024666699999999996
0 0.4698749999999996 0.1199132231717816 0.019269452884781588 0.026696281101235217
0 0.5305 0.477 0.017500000000000005 0.026000000000000002
0 0.84175 0.797 0.013499999999999998 0.0233333
0 0.89375 0.413833 0.013499999999999998 0.0316667
0 0.7302830879289062 0.9302381249384833 0.01863971384840276 0.027106249952682782
0 0.8531250000000001 0.2375 0.01375 0.0223333
0 0.49117926617445645 0.6022320826211641 0.0177732088597838 0.024550242070546943
0 0.6977499999999999 0.619167 0.018499999999999996 0.021666699999999997
0 0.6225755970467389 0.6094999999999999 0.015651194093477337 0.027000000000000003
0 0.4465 0.897 0.017500000000000005 0.0233333
0 0.864375 0.5616670000000001 0.01625 0.021999999999999992
0 0.742375 0.8643330000000001 0.01675 0.032
0 0.6886908706043484 0.35627547103527313 0.01325 0.028000000000000008
0 0.586375 0.875833 0.02075 0.018333300000000004
0 0.49 0.6531670000000002 0.02 0.015666699999999995
0 0.530467064697826 0.37880423551763676 0.018934129395651478 0.02294177103527273
0 0.4797238059065223 0.3164999999999996 0.02355238818695484 0.01899999999999998
0 0.4261085323489129 0.28466699999999967 0.02223651758260696 0.020666699999999972
0 0.649875 0.5178329999999999 0.01625 0.027000000000000003
0 0.913125 0.41276084710352784 0.014749999999999992 0.028971452136507727
0 0.65775 0.7965000000000001 0.016 0.028333299999999995
0 0.398125 0.7154999999999998 0.01775 0.023
0 0.669875 0.658167 0.01875 0.021
0 0.554625 0.35283300000000006 0.01725 0.0276667
0 0.674625 0.561 0.01575 0.0306667
0 0.21117555350971579 0.06217975308289956 0.013624229258691356 0.027741735990832114
0 0.08066977850540924 0.12196797720107226 0.025097264423905093 0.019132231717815272
0 0.19091847579613525 0.11072779106685576 0.020436343888036997 0.015784091167197582
0 0.22533758129177653 0.1454049610553959 0.021153408585862857 0.019132231717815272
0 0.21225115055645458 0.12866425830230757 0.015058358654343048 0.023915289647269064
1 0.17532231861842276 0.14516580815892322 0.015058358654343068 0.031089876541449787
1 0.14717752922875774 0.1688419449097196 0.013265696909778404 0.030611570748504444
2 0.16008469378962328 0.1786472136650999 0.013265696909778404 0.04448243874392047
0 0.0819246417266045 0.17434246152859148 0.02617286147064389 0.015784091167197582
0 0.09160501514725361 0.20519318517356858 0.02115340858586288 0.016262396960142964
0 0.15829203204505857 0.21428099523953087 0.020436343888036997 0.02008884330370603
0 0.1577542335216892 0.13392562202470681 0.01577542335216893 0.025828512819050613
0 0.3735907075672731 0.13272985754234332 0.022229005632601665 0.019610537510760636
0 0.44834470231561896 0.09924845203616664 0.02258753798151457 0.01674070275308834
0 0.4438630479542073 0.11264101423863732 0.023663135028253332 0.02343698385432367
0 0.5245328264596166 0.11024948527391043 0.020794876236949998 0.01865392592486986
0 0.48509426807919426 0.11670661347867303 0.008604776373910286 0.02487190123315984
1 0.570962765643841 0.10187913389736622 0.024021667377166284 0.018175620131924496
1 0.5390533865905902 0.19275723455698868 0.01398276160760419 0.031568182334395165
0 0.5573385363851497 0.19108316428167985 0.01900221449238524 0.024393595440214445
1 0.901350325167106 0.08848657169489556 0.012907164560865336 0.027741735990832114
1 0.9156916191236232 0.09829184045027585 0.020077811539124187 0.018653925924869877
0 0.9045771163073222 0.126033576441108 0.022946070330427615 0.017697314338979118
0 0.9208903381828606 0.10857541499860156 0.018285149794559422 0.01434917378836143
0 0.8900565561763487 0.09924845203616663 0.01398276160760419 0.0253502070261052
0 0.8576093785997285 0.09733522886438511 0.020794876236949908 0.020567149096651395
0 0.7392937034584617 0.06768026970177146 0.02294607033042752 0.01865392592486987
0 0.7154513022557518 0.08681250141958673 0.013265696909778378 0.024393595440214445
0 0.7161683669535778 0.136077998092961 0.02473873207499219 0.01674070275308834
0 0.7100733170220578 0.11311932003158269 0.013982761607604284 0.03013326495555903
1 0.7050538641372768 0.17338584994270076 0.01398276160760419 0.024393595440214445
1 0.6937600951465196 0.2176291357901485 0.020794876236949998 0.017219008546033723
0 0.9390495006848019 0.23939204936916333 0.020077811539124003 0.023436983854323717
0 0.9551834563858839 0.22408626399491116 0.020794876236950092 0.015784091167197582
0 0.8243191490326639 0.2805263475624661 0.019360746841298748 0.020567149096651614
0 0.7646235129386615 0.28794008735311954 0.01971927919021114 0.019132231717815272
0 0.8547943986902634 0.2826787236307204 0.02509726442390514 0.014349173788361475
3 0.9315203213576305 0.2762215954259577 0.011473035165213714 0.015784091167197582
0 0.9243496743793719 0.28674432287075613 0.012190099863039618 0.0253502070261052
1 0.8775612028462346 0.30755062486388024 0.01900221449238533 0.02104545488959676
0 0.8262910769516856 0.4187567217236814 0.01756808509673362 0.024393595440214508
0 0.8737966131826489 0.3407928774735842 0.020794876236950092 0.016740702753088373
0 0.8542566001668942 0.35514205126194576 0.020436343888036956 0.01865392592486989
0 0.8741551455315618 0.3587293447090362 0.018643682143471972 0.015305785374251901
1 0.7610381894495322 0.38623192780339544 0.01900221449238533 0.027263430197886726
1 0.7354031265022578 0.35562035705489115 0.010038905769562094 0.01961053751076065
0 0.7255434869071523 0.4680222183970556 0.01971927919021114 0.01865392592486989
1 0.7144289840908513 0.4405196353026962 0.016133955701081806 0.02774173599083207
0 0.694171906377271 0.4366931889591332 0.01864368214347238 0.01913223171781524
0 0.6330421408876162 0.351793910711328 0.02115340858586295 0.017697314338979066
0 0.614039926395231 0.3560986628478364 0.01900221449238533 0.015784091167197613
0 0.5609771387561173 0.3317050674076219 0.013265696909778378 0.028220041783777544
1 0.544663916880579 0.3305093029252585 0.020077811539124094 0.022002066475487515
0 0.5285299611794971 0.3314659145111493 0.020794876236949908 0.014349173788361445
1 0.40949722134040445 0.21954235896193 0.020794876236949908 0.017219008546033723
0 0.30068265344533013 0.35346798098663684 0.022587537981514617 0.017219008546033723
0 0.2748683243235992 0.3482066172642376 0.018285149794559422 0.022002066475487584
0 0.27486832432359926 0.37164360111856126 0.01254863221195257 0.03348140550617661
0 0.27253786405566516 0.25924173977639664 0.01434129395651719 0.03061157074850438
0 0.2574795054013221 0.25876343398345125 0.02294607033042752 0.014349173788361445
0 0.235555753235795 0.2508713883998525 0.02079487623694995 0.0176973143389791
1 0.19844765512330678 0.24082696674799953 0.020436343888036997 0.01674070275308834
0 0.08371730347116917 0.25015392971043443 0.013265696909778404 0.03061157074850438
0 0.08443436816899501 0.29272314528257337 0.019002214492385285 0.02104545488959676
1 0.0424860833461822 0.337205584026494 0.018285149794559433 0.023915289647269095
0 0.15721643499831978 0.30061519086617217 0.018285149794559422 0.024393595440214445
1 0.1446678027863673 0.37260021270445215 0.014699826305430142 0.031568182334395165
1 0.1606224923129926 0.3747525887727062 0.010038905769562047 0.031089876541449755
1 0.1916355404939611 0.3914932915257946 0.015416891003256 0.028220041783777544
0 0.15900909674288446 0.41062552324360985 0.018285149794559422 0.0253502070261052
0 0.06148829783856749 0.40440754793531986 0.013982761607604272 0.030133264955558996
0 0.06883821099128257 0.3702086837397251 0.019360746841298224 0.014349173788361445
0 0.018464415969015893 0.35107645202190985 0.025455796772818028 0.016262396960142964
0 0.13247770292332764 0.48284969797836247 0.014699826305430142 0.029176653369668303
1 0.08712336078584201 0.501742776799705 0.0215119409347758 0.022002066475487515
1 0.14359220573962844 0.5837722202898379 0.021870473283688737 0.02056714909665141
3 0.09411474158964413 0.6119922620736152 0.012548632211952546 0.019610537510760712
1 0.13624229258691342 0.6072092041441616 0.017209552747820614 0.022480372268432927
1 0.13355329997006637 0.6213192250360503 0.016133955701081858 0.017219008546033785
0 0.05754444200052526 0.555791331402533 0.016851020398907707 0.03156818233439511
0 0.08371730347116917 0.628493811930231 0.012548632211952546 0.026785124404941373
0 0.07063087273584721 0.6598228413681535 0.019360746841298213 0.02152376068254223
1 0.08013197998203986 0.6823032136365864 0.022587537981514593 0.014827479581306858
0 0.23412162384014326 0.5357024880988271 0.02151194093477581 0.020088843303706
1 0.2468495222265523 0.607687509937107 0.019002214492385285 0.019610537510760712
1 0.35620188864499597 0.5476601329224617 0.021153408585862902 0.012435950616579927
1 0.312281675903162 0.5519648850589701 0.010038905769562002 0.029654959162613646
0 0.3008086407379482 0.6533657131633909 0.022229005632601665 0.015305785374252267
0 0.3058280936227293 0.67106302750237 0.02222900563260162 0.01817562013192448
1 0.5118049280732077 0.5964473238028906 0.018285149794559422 0.015305785374252267
1 0.5600275290019966 0.5313977359623187 0.010038905769562094 0.022958678061378274
1 0.5358265954503739 0.626341435861977 0.01398276160760419 0.02630681861199596
0 0.5747273553074268 0.6669974282623342 0.01864368214347238 0.019610537510760712
2 0.6442826309965352 0.6466694320621557 0.010755970467387809 0.021045454889596818
1 0.959485844572839 0.5263755251363921 0.02222900563260171 0.017697314338979128
0 0.8564077942603717 0.5220707729998838 0.015416891003256 0.019610537510760587
0 0.8435006296995061 0.5302019714799553 0.016133955701081903 0.02630681861199596
0 0.8300556666152713 0.5553130256095877 0.01577542335216895 0.020088843303706
2 0.8877793747902529 0.5560304842990057 0.02939965261086019 0.013870867995416035
0 0.9785059856826699 0.5615579555520703 0.020902435941623807 0.013153409305998042
0 0.9337432219208905 0.5612948873659505 0.02287436386064495 0.01367954567823792
0 0.931376908418065 0.5731329557413486 0.018930508022602665 0.012101136561518164
0 0.9177706057768195 0.56392556922715 0.020113664774015428 0.022097727634076567
0 0.9211228832391555 0.5457738643848729 0.01498665218456057 0.02262386400631651
0 0.9108688580602456 0.5347250005678346 0.021296821525428 0.019467045772876997
0 0.918164991360624 0.5265698867981157 0.014592266600756194 0.02104545488959676
0 0.8720218780555297 0.5970721606782651 0.020113664774015428 0.021045454889596697
0 0.9288134021233379 0.6520534115773365 0.010648410762714094 0.02578068223975609
0 0.8465840079001573 0.6709943209779736 0.014197881016952097 0.026832954984235838
1 0.5005106581119518 0.7401812539275231 0.017747351271190093 0.02735909135647572
2 0.27354175463262126 0.7101914807098477 0.020508050357819618 0.011575000189278288
2 0.32619223007048503 0.7528085268612812 0.015381037768364709 0.022097727634076705
0 0.08755359960453751 0.7449164812776823 0.016564194519777368 0.02735909135647584
0 0.13034443544729568 0.7896380729180754 0.022479978276840715 0.02735909135647584
0 0.08893394914785228 0.8290983008360695 0.013803495433147808 0.030515909589915225
0 0.11949883189267956 0.8535636421452257 0.014197881016952024 0.027885227728715843
1 0.1340910984934358 0.877239778896022 0.01183156751412669 0.03209431870663511
0 0.15676826956217862 0.8490914829811865 0.01459226660075626 0.02630681861199596
0 0.17412123524956447 0.8509329602840262 0.019324893606406927 0.01736250028391731
0 0.20547488916200016 0.8851318244796208 0.022874363860644908 0.01946704577287706
1 0.2508292312994858 0.8756613697793023 0.021296821525428045 0.014205682050477796
0 0.24451906195861825 0.8946022791799395 0.014986652184560476 0.027885227728715715
0 0.22558855393601554 0.9006528474606985 0.01971927919021119 0.023150000378556322
0 0.2435330979991077 0.8293613690221895 0.01853612243879852 0.015257954794957675
3 0.29322568155843975 0.8556681876341853 0.016169808935973144 0.018414773028397186
0 0.31531127425147626 0.8535636421452257 0.020902435941623807 0.016310227539437554
0 0.4012873315207968 0.8735568242903428 0.025635062947274526 0.01946704577287706
0 0.41233012786731515 0.9048619384386177 0.013803495433147761 0.03156818233439523
0 0.36421508664319996 0.9127539840222165 0.02169120710923224 0.01999318214511694
1 0.37742700370064136 0.9272227342588144 0.02366313502825338 0.01736250028391731
0 0.29322568155843975 0.963263075757249 0.022479978276840715 0.022097727634076567
0 0.18693876672320164 0.9422176208676523 0.018930508022602714 0.016836363911677307
0 0.46537498888898304 0.8362011418613082 0.02287436386064495 0.018414773028397186
0 0.4466416736582824 0.8351488691168284 0.014592266600756194 0.020519318517356812
0 0.4886437383334322 0.8861840972241005 0.022085592693036477 0.01946704577287706
0 0.490221280668649 0.9580017120348495 0.01971927919021114 0.01788863665615731
0 0.5720562893080253 0.8938130746215793 0.014592266600756288 0.03156818233439523
1 0.6893860004897817 0.7962147775710744 0.02287436386064495 0.019467045772876935
0 0.6745965410971233 0.7720125044480382 0.005127012589454951 0.0005261363722398768
2 0.6959550843498816 0.5002893750047317 0.017786789829570455 0.01620500026498954
0 0.8366652104674808 0.7074818783928118 0.01865443811393966 0.018520000302845136
0 0.94772419086675 0.7439431289890385 0.02038973468267825 0.01852000030284526
2 0.8490291985197431 0.7798256295758008 0.018220613971755104 0.015047500246061649
0 0.7637827545804605 0.7835875046373164 0.01691914154520116 0.0214137503501647
1 0.7854739616896927 0.8478287556878105 0.01605149326083196 0.030673750501587348
1 0.790246027253724 0.889788131373944 0.022992679535786226 0.024307500397484284
1 0.7891614668982622 0.8675062560095834 0.019088262256124398 0.026043750425876023
0 0.9286359286106254 0.8611400059054805 0.022125031251417026 0.01678375027445352
0 0.7639996666515527 0.8486968807020063 0.019955910540493605 0.01967750032177297
0 0.6609664328826996 0.8307156222318057 0.017786789829570455 0.016783750274453394
0 0.643179643053129 0.9291031238406707 0.010845603554616189 0.02951625048265951
0 0.6401428740578367 0.9565937492902065 0.018654438113939756 0.01852000030284526
