2 0.7771496517772843 0.2819312601680124 0.024700696445431575 0.04521391865590086
2 0.46009991294432084 0.04730057994399588 0.03360063840831238 0.027404639551966967
2 0.8106500870556788 0.8796698997199792 0.026000870556790186 0.0193333
2 0.05060078350111077 0.5680817885718934 0.04280249559613052 0.06816287714379198
2 0.14602465177728413 0.6363678699159938 0.0289506964454319 0.018068439831987974
2 0.7762256384083127 0.5990745392719464 0.028951276816624662 0.044148378543892725
2 0.7181499419628807 0.5152318401120081 0.018600348222715897 0.0447437389919258
2 0.735 0.215333 0.017 0.0186667
2 0.4058001741113578 0.972900289971998 0.02260034822271589 0.029133879943995855
2 0.7625748258886424 0.9148005799439958 0.027850928593909335 0.03733909943995868
2 0.7326751741113577 0.5193344498599896 0.017549883925761775 0.03987771893592185
2 0.8532002611670367 0.20326671002800198 0.025400522334074242 0.01813387994399573
2 0.5180500290185597 0.19589884011200825 0.023600638408312457 0.02513677966397516
2 0.45362499999999994 0.3855000000000001 0.018750000000000003 0.0323333
2 0.46397549331551347 0.9353049295239648 0.03385179915069973 0.04515127826387161
2 0.768875 0.477167 0.023250000000000003 0.017666699999999997
2 0.8605746807958431 0.5314646802240163 0.034751450927983554 0.04494605876790977
2 0.3306753192041563 0.18426091058804336 0.027151102705266862 0.051216818375880345
2 0.2862004062598351 0.2100266206160456 0.0224008125196705 0.04727945876790958
2 0.7983506384083116 0.7361205312040888 0.03120127681662618 0.05642493759182231
2 0.26087529018559635 0.21245743092406813 0.019750580371193642 0.05441913815186362
2 0.533375 0.364 0.02175 0.0193333
2 0.9102499999999999 0.4647681598879915 0.01720011607423863 0.039809279103934066
2 0.8236753192041563 0.8676306802240166 0.03335121877950568 0.018196520336024813
2 0.39275 0.7503329999999999 0.016500000000000004 0.0193333
2 0.7961245647216052 0.7965881111480848 0.029551334853744636 0.06215707770383006
2 0.8949746227587242 0.8134530813440993 0.020850638408311778 0.07816577686376897
2 0.17015008705567902 0.18083589971997935 0.01730017411135795 0.0336724994399587
2 0.6015498839257611 0.21852952033602477 0.02050058037119316 0.0489460587679092
2 0.6207257835011104 0.27832720056004123 0.03145156700222165 0.04134489887991717
2 0.26740023214847725 0.16673328997199793 0.026600928593909088 0.032806379383954413
2 0.6101249999999998 0.24646613008400617 0.0312511607423868 0.021467279943995898
2 0.448125 0.8819999999999999 0.018750000000000003 0.021333299999999996
2 0.7400501741113577 0.9585000000000001 0.02310034822271636 0.020333299999999988
2 0.1524147414283061 0.1405017801712753 0.0204019732620567 0.0408295771437894
2 0.20792010986184276 0.19894411608297383 0.06780655819448261 0.010407539271946329
2 0.3792366794594073 0.21055252527091395 0.039603830449874824 0.04483247686376875
2 0.3837371147378022 0.2381725333387714 0.03180307596732371 0.02641913815186373
2 0.41614024874224526 0.20775049546692842 0.06300609389752812 0.053638856247723334
2 0.13921346461168116 0.23537050353478592 0.019201857187818097 0.07685567462360358
2 0.1176113752753858 0.26098906174265374 0.026402553633249864 0.03522551753581832
2 0.15391488652110438 0.31182588818639156 0.02580249559613055 0.02802029803985544
2 0.16261572805933447 0.33424212661827596 0.02640255363324989 0.023216818375880282
2 0.1509145963355078 0.37627257367805916 0.028202727744607813 0.04002899719979352
2 0.2994289605225384 0.3786743135100468 0.0204019732620567 0.04323131697577701
2 0.6429621867733464 0.2033473057749511 0.018601799150698806 0.04483247686376875
2 0.6402619256063095 0.2273647040948272 0.030002901855965707 0.03042203787184306
2 0.6336612871979971 0.2481797826387198 0.020401973262056648 0.04163015708778526
2 0.5958576308594803 0.31783023776636066 0.03960383044987477 0.022416238431884374
2 0.6165596331400965 0.3410470561422409 0.03180307596732376 0.038427837311801764
2 0.6654643631653206 0.37467141379006746 0.025202437559011283 0.0368266774238101
2 0.5583540035395227 0.3534560452741767 0.05100493315514178 0.029621457927847254
2 0.7311707182298858 0.23296876370279831 0.03540342419003978 0.028820877983851384
2 0.8148820955486912 0.1056765526074549 0.041404004561232714 0.02882087798385133
2 0.7686776266905039 0.22656412415083133 0.022202147373414704 0.049635956527743975
2 0.8223828210126827 0.23136760381480656 0.031203017930204448 0.022416238431884374
2 0.881788566687495 0.39508620236196196 0.07080684838007913 0.08726321389554988
2 0.9108913814877816 0.5071673945213838 0.0150014509279828 0.05684117602370682
2 0.8940897564484406 0.5007627549694169 0.01980191522493733 0.034424937591822406
2 0.8610865644068784 0.48795347586548304 0.022202147373414704 0.03922841725579757
2 0.3891409182125368 0.4731427469015594 0.05400522334073836 0.027219718095859567
2 0.30963322829422757 0.4651369474616008 0.04380423670971004 0.02721971809585964
2 0.29133145816208844 0.4855517360334954 0.03600348222715887 0.06965045512764079
2 0.25742817906484716 0.44992592852567925 0.02100203129917607 0.04323131697577701
2 0.14911770336481073 0.5411920421412085 0.03480336615292029 0.02882087798385131
2 0.09330902477205355 0.47194187698556556 0.029402843818846443 0.02802029803985544
2 0.39843853664722545 0.598833798108911 0.022802205410533967 0.05123711641573579
2 0.5604542066694406 0.5732152399010433 0.037203598301397495 0.022416238431884408
2 0.5241506954237218 0.5848236490889833 0.015001450927982907 0.05203769635973152
2 0.9729973883296307 0.5612065407411053 0.042004062598351925 0.01761275876790918
2 0.8925896113556423 0.6632804836005787 0.018001741113579377 0.028020298039855368
2 0.8655869996852733 0.6776909225925044 0.03600348222715887 0.029621457927847112
2 0.8757879863163016 0.6616793237125872 0.012001160742386325 0.026419138151863766
2 0.9441946025479035 0.7313297788402277 0.014401392890863592 0.044031896919772946
2 0.9390941092323893 0.7257257192322568 0.022202147373414704 0.06484697546366561
2 0.9252927743786452 0.7065118005763558 0.0150014509279828 0.04082957714378931
2 0.8838887698174124 0.7321303587842236 0.03540342419003956 0.024817978263872015
2 0.8169822986786087 0.7681564562640378 0.014401392890863592 0.03282377770383074
2 0.7419750440386943 0.7505436974961286 0.01920185718781812 0.03762725736780597
2 0.759676756133714 0.8498156105516166 0.02460237952189186 0.044031896919772946
2 0.7980804705093503 0.9166640358752716 0.027002611670369124 0.062445235631677996
2 0.6762686889741293 0.9286727350352098 0.0294028438188465 0.028820877983851384
2 0.5553569944945872 0.8554196701595876 0.045604410821067934 0.0216156584878884
2 0.7035713296630581 0.945160273836283 0.02640255363324981 0.04563305680776469
2 0.43624547412640313 0.8422857510328136 0.036603540264278235 0.02721971809585964
2 0.4059425432518777 0.8430863309768095 0.03600348222715893 0.03362435764782661
2 0.2883311679764919 0.7994547240290346 0.03480336615292025 0.02802029803985551
2 0.26132855630612273 0.832278501732865 0.015601508965102224 0.07605509467960768
2 0.2757299491969863 0.9363538944523283 0.02160208933629533 0.04883537658374804
2 0.18362104049917138 0.7818419652611255 0.0462044688581873 0.03282377770383074
2 0.16321906723711466 0.8382828513128342 0.017401683076460173 0.06564755540766135
2 0.1500177904204897 0.8570964799967372 0.01860179915069878 0.0536388562477234
2 0.5703248684017168 0.6593154088551781 0.0480046429695453 0.046433636751760564
2 0.4902171204462883 0.6761275876790915 0.09900957612468708 0.07205219495962831
2 0.49771784591027973 0.647706999667238 0.040803946524113455 0.03442493759182248
2 0.38760719609888533 0.6633183085751575 0.022202147373414704 0.044832476863768816
2 0.36720522283682866 0.6757272977070936 0.010200986631028378 0.0696504551276407
2 0.3486034236861299 0.7029470158029532 0.019801915224937384 0.04243073703178106
2 0.31410008655176924 0.6176852517673929 0.034803366152920345 0.07845683451159528
