0 0.936125 0.875833 0.019250000000000003 0.0243333
0 0.15812499999999996 0.813833 0.02025 0.0243333
1 0.78425 0.8583330000000001 0.017500000000000005 0.0233333
0 0.42925 0.405 0.021 0.016
0 0.6056250000000001 0.30800000000000005 0.014250000000000002 0.0233333
0 0.838625 0.274833 0.01325 0.0323333
1 0.030625 0.677833 0.01875 0.0236667
0 0.8086249999999999 0.511333 0.02075 0.022666699999999998
1 0.8675 0.561667 0.017500000000000005 0.018000000000000002
0 0.286875 0.955167 0.02375 0.015
0 0.70975 0.273 0.017500000000000005 0.018000000000000002
1 0.48300000000000004 0.0896667 0.017 0.018000000000000002
0 0.47725 0.075 0.0215 0.0166667
1 0.21475000000000002 0.0535 0.018 0.0196667
0 0.988125 0.9921670000000001 0.02275 0.015666699999999995
1 0.40275 0.785 0.024 0.0173333
2 0.6766908706043473 0.07728254131058193 0.015249999999999996 0.039290944823634544
0 0.260625 0.20800000000000002 0.01875 0.019333300000000005
0 0.801125 0.6245 0.01975 0.021
0 0.29639633087228234 0.25500707027530883 0.024292661744564695 0.020681440550617654
0 0.8860000000000001 0.568833 0.017 0.0176667
0 0.595625 0.18849999999999995 0.01325 0.03699999999999999
0 0.27364633087228235 0.07197093551763648 0.021660920535868145 0.027537567995416193
0 0.030875 0.768667 0.02175 0.024666699999999996
0 0.1099011940934776 0.7495802231717811 0.013302388186955132 0.037826446343564045
0 0.44000000000000006 0.323833 0.0225 0.0196667
0 0.625125 0.16666699999999998 0.01625 0.0233333
0 0.51525 0.281 0.018499999999999996 0.020666699999999996
0 0.5845000000000001 0.3144419876541451 0.016999999999999998 0.019115324691710164
0 0.008625 0.206 0.01725 0.025333300000000003
0 0.45725 0.08016669999999998 0.020500000000000004 0.0196667
0 0.8878750000000001 0.843833 0.01975 0.0236667
0 0.381 0.6995000000000001 0.023 0.0196667
0 0.30825 0.960833 0.020500000000000004 0.017
0 0.051875 0.0716667 0.02025 0.024
0 0.8392500000000002 0.0858333 0.0165 0.031
0 0.03574999999999999 0.753333 0.019499999999999997 0.024666699999999996
0 0.03525 0.20233299999999999 0.020500000000000004 0.018666700000000005
0 0.37162500000000004 0.979833 0.022250000000000002 0.0223333
0 0.757375 0.592 0.01475 0.0286667
0 0.610375 0.32900000000000007 0.01825 0.018666700000000005
0 0.31675 0.312667 0.02 0.022666699999999998
0 0.3328749999999999 0.937333 0.022250000000000002 0.0213333
0 0.78775 0.494 0.0235 0.022666699999999998
0 0.508125 0.669167 0.01375 0.035
0 0.14575 0.242667 0.0235 0.018000000000000002
1 0.40830426617445625 0.1669636818611996 0.019608532348913185 0.027928063722399213
0 0.032875 0.311833 0.02175 0.017
0 0.817625 0.529833 0.024250000000000004 0.015666699999999995
0 0.518625 0.0993333 0.02375 0.0173333
1 0.19174999999999998 0.19574622317178159 0.021499999999999995 0.022826446343562998
0 0.750625 0.353333 0.02175 0.0173333
0 0.2655 0.192167 0.016 0.029666699999999997
0 0.9077499999999997 0.20766699999999996 0.021 0.019333300000000005
0 0.34875 0.723167 0.019499999999999997 0.025
0 0.74875 0.9578330000000002 0.019499999999999997 0.0243333
0 0.5919999999999999 0.3245 0.018499999999999996 0.021666699999999997
0 0.5557499999999999 0.369833 0.0235 0.018333300000000004
1 0.28012500000000007 0.21600000000000003 0.01725 0.0266667
0 0.47874999999999995 0.682667 0.0235 0.0173333
0 0.789 0.605667 0.0225 0.019333300000000005
0 0.246875 0.503667 0.014250000000000002 0.035333300000000005
0 0.3268749999999999 0.3415000000000001 0.01475 0.029000000000000005
0 0.028125 0.327167 0.02025 0.0196667
1 0.5041133955701079 0.3739999999999999 0.014726791140216616 0.028666699999999996
0 0.749125 0.8995000000000001 0.014250000000000002 0.0323333
1 0.5225 0.3053330000000001 0.021 0.019333300000000005
0 0.027374999999999997 0.450333 0.01825 0.0213333
0 0.084 0.107167 0.0225 0.021
0 0.31525 0.529167 0.0155 0.0276667
0 0.98925 0.26850000000000007 0.0215 0.019
0 0.567125 0.34639152896472686 0.01825 0.0273333
0 0.29074999999999995 0.07433330000000002 0.014500000000000002 0.032
0 0.452125 0.381667 0.02275 0.02
0 0.536 0.008166669999999997 0.022 0.0163333
0 0.756375 0.4854999999999999 0.02175 0.017
0 0.419 0.365 0.018499999999999996 0.022666699999999998
0 0.26375 0.100333 0.019499999999999997 0.024
0 0.913375 0.135333 0.02175 0.0173333
0 0.75 0.501667 0.02 0.018000000000000002
0 0.742875 0.467333 0.02025 0.016
0 0.80275 0.290667 0.018 0.029333299999999996
0 0.800125 0.2585 0.023250000000000003 0.0203333
0 0.55275 0.5813330000000001 0.014500000000000002 0.0273333
1 0.46224999999999994 0.32933300000000004 0.0165 0.0233333
0 0.84125 0.8905 0.021 0.0196667
0 0.614875 0.162667 0.01975 0.0213333
0 0.256625 0.626833 0.022250000000000002 0.018333300000000004
0 0.544125 0.3215 0.01675 0.021666699999999997
0 0.2929999999999999 0.299333 0.019 0.020666699999999996
0 0.74725 0.4164999999999999 0.022 0.019
0 0.270625 0.267333 0.014250000000000002 0.03
0 0.39725 0.373667 0.014500000000000002 0.032
0 0.3972500000000001 0.18526791737883613 0.0155 0.03053653475767229
0 0.19725 0.065 0.020500000000000004 0.0233333
0 0.803375 0.841167 0.02025 0.0196667
0 0.607 0.0698333 0.013000000000000001 0.0323333
0 0.771875 0.065 0.014250000000000002 0.0306667
0 0.737375 0.653 0.01725 0.026000000000000002
1 0.476875 0.698167 0.02275 0.0196667
0 0.3147499999999999 0.0661667 0.017 0.030333300000000004
0 0.9002500000000001 0.14433300000000002 0.014000000000000002 0.029333299999999996
0 0.013125 0.347667 0.025250000000000005 0.0213333
0 0.1505 0.101833 0.018 0.0276667
0 0.78 0.767833 0.013499999999999998 0.029000000000000005
0 0.24850000000000003 0.18883299999999997 0.014500000000000002 0.035
0 0.8950000000000001 0.205167 0.018 0.0223333
0 0.776875 0.253 0.01875 0.024
0 0.7496250000000001 0.401667 0.02075 0.018000000000000002
0 0.495375 0.35933299999999996 0.01325 0.0266667
0 0.710375 0.9236670000000001 0.015250000000000001 0.026000000000000002
0 0.804625 0.092 0.01575 0.0286667
0 0.8970000000000001 0.168833 0.017500000000000005 0.023
0 0.601375 0.0171667 0.01475 0.03300000000000001
0 0.847125 0.323167 0.02075 0.018333300000000004
0 0.423875 0.34716699999999995 0.014250000000000002 0.0343333
0 0.439125 0.419833 0.02275 0.019
0 0.60075 0.3528330000000001 0.0165 0.028333299999999995
0 0.70575 0.491167 0.0225 0.019
0 0.74625 0.454167 0.023 0.017
0 0.5945000000000001 0.300833 0.019499999999999997 0.0196667
0 0.024125000000000004 0.694 0.01975 0.025333300000000003
0 0.764375 0.887 0.019250000000000003 0.025333300000000003
0 0.8177499999999999 0.9025 0.017 0.031
0 0.680125 0.150333 0.01475 0.0286667
0 0.9926249999999999 0.877667 0.01375 0.0326667
0 0.957375 0.189333 0.019250000000000003 0.0213333
0 0.017 0.785167 0.0155 0.029000000000000005
0 0.7304999999999999 0.416333 0.018499999999999996 0.020666699999999996
0 0.777 0.6685 0.017 0.023
0 0.49987500000000007 0.0966667 0.01625 0.034
0 0.27725000000000005 0.7065 0.014000000000000002 0.0323333
0 0.05975 0.417667 0.02 0.018666700000000005
0 0.747875 0.145167 0.02125 0.0223333
0 0.6423749999999999 0.158 0.01975 0.024666699999999996
0 0.01 0.558333 0.02 0.024666699999999996
0 0.561875 0.809167 0.01625 0.0316667
0 0.50475 0.5934999999999999 0.014000000000000002 0.031
0 0.9135 0.162833 0.020500000000000004 0.0223333
0 0.9002500000000001 0.791833 0.021 0.021666699999999997
0 0.71575 0.05850000000000002 0.018499999999999996 0.023
0 0.3685 0.1545 0.018 0.025
0 0.8448750000000002 0.198167 0.02025 0.0236667
1 0.64625 0.195667 0.017500000000000005 0.024666699999999996
0 0.329125 0.6233330000000001 0.01375 0.026000000000000002
0 0.21387499999999998 0.0763333 0.01475 0.03
1 0.332625 0.4678627644823633 0.01625 0.02705822896472714
0 0.07275 0.229833 0.021 0.0223333
0 0.35949999999999993 0.907833 0.019 0.0276667
0 0.7872499999999999 0.6895 0.0225 0.021
0 0.01575 0.624667 0.017500000000000005 0.025333300000000003
0 0.041875 0.5519999999999999 0.02275 0.0166667
0 0.37487500000000007 0.9405 0.015250000000000001 0.030333300000000004
0 0.59175 0.2735 0.016 0.023
0 0.9072499999999999 0.18083299999999997 0.024 0.0196667
0 0.9843750000000001 0.928167 0.01975 0.0223333
0 0.30087499999999995 0.946167 0.02025 0.0163333
0 0.44574999999999987 0.11150000000000002 0.0245 0.018333300000000004
0 0.30987500000000007 0.484667 0.024250000000000004 0.018666700000000005
0 0.46775 0.403833 0.021 0.0236667
0 0.755125 0.236 0.015250000000000001 0.032
0 0.24887499999999999 0.5939999999999999 0.01725 0.024
0 0.05887499999999999 0.809 0.01675 0.0273333
0 0.181125 0.870333 0.014250000000000002 0.034666699999999995
0 0.49712500000000004 0.6923330000000001 0.01875 0.02
0 0.24025 0.7895 0.017500000000000005 0.0263333
0 0.777 0.6294999999999998 0.0215 0.0196667
0 0.345 0.19400000000000003 0.018 0.022666699999999998
0 0.13925 0.20816699999999994 0.023 0.019
0 0.410125 0.468167 0.01975 0.019
0 0.28075 0.42383299999999996 0.0235 0.018333300000000004
0 0.5571249999999999 0.387 0.02125 0.022666699999999998
0 0.64325 0.817167 0.0225 0.0196667
0 0.266875 0.230167 0.01825 0.0276667
0 0.5955 0.7734999999999999 0.022 0.0203333
0 0.658875 0.0588333 0.02075 0.021666699999999997
0 0.55525 0.608667 0.016 0.024666699999999996
0 0.06574999999999999 0.541833 0.0155 0.031
0 0.9634999999999999 0.269833 0.021 0.0196667
0 0.65925 0.930333 0.0225 0.0173333
0 0.72575 0.147833 0.0155 0.0276667
0 0.1065 0.31250000000000006 0.020500000000000004 0.0203333
0 0.399125 0.2575 0.01875 0.028333299999999995
0 0.06324999999999999 0.567833 0.018499999999999996 0.023
0 0.08062500000000002 0.7810000000000001 0.01975 0.024
0 0.5108750000000001 0.607167 0.01875 0.0203333
0 0.694375 0.38800000000000007 0.02175 0.0213333
0 0.28874999999999995 0.9721670000000002 0.016 0.0256667
0 0.11275 0.423333 0.022 0.0213333
0 0.18862499999999996 0.8345 0.02175 0.019
0 0.36375 0.34783299999999995 0.013499999999999998 0.0336667
0 0.346625 0.403833 0.01625 0.028333299999999995
0 0.045625000000000006 0.658333 0.019250000000000003 0.018000000000000002
0 0.00825 0.6514999999999997 0.016 0.0323333
0 0.27625 0.6629999999999998 0.0215 0.019333300000000005
0 0.4084999999999999 0.7268329999999998 0.021 0.0276667
0 0.29287500000000005 0.882333 0.022250000000000002 0.018666700000000005
0 0.28075000000000006 0.855833 0.020500000000000004 0.0223333
0 0.77875 0.460667 0.015 0.028000000000000008
0 0.27125 0.0426667 0.022 0.022666699999999998
0 0.347875 0.136167 0.02025 0.021666699999999997
0 0.03725 0.9121669999999998 0.017 0.0276667
0 0.2587499999999999 0.16216700000000003 0.0215 0.019
0 0.02175 0.5788330000000002 0.019499999999999997 0.027000000000000003
0 0.9451249999999999 0.5945 0.022250000000000002 0.019
1 0.174875 0.751833 0.02275 0.0203333
0 0.715125 0.402833 0.01825 0.0236667
0 0.4497500000000001 0.6693330000000001 0.023 0.018000000000000002
0 0.639375 0.877167 0.02275 0.0203333
0 0.7091249999999999 0.133667 0.02375 0.020666699999999996
0 0.4302500000000001 0.8838329999999999 0.016 0.0343333
0 0.911 0.850333 0.0235 0.02
0 0.4685 0.09016669999999997 0.012 0.0343333
1 0.37837499999999996 0.133167 0.02025 0.0243333
0 0.78 0.481167 0.019499999999999997 0.0243333
0 0.42475 0.9128329999999998 0.017 0.0343333
0 0.61775 0.280333 0.0225 0.02
0 0.36274999999999996 0.314333 0.020500000000000004 0.024
0 0.736875 0.612833 0.02025 0.019
0 0.26275 0.839667 0.023 0.019333300000000005
0 0.318875 0.925167 0.023250000000000003 0.019
0 0.7126249999999998 0.0745 0.02275 0.0223333
2 0.6917881672274983 0.12340289457990838 0.01254863221195257 0.019132231717815255
2 0.6326303296568649 0.17314669704622804 0.01254863221195257 0.029654959162613646
1 0.617087451360991 0.30707231907093474 0.010038905769562002 0.02869834757672289
1 0.6249751630370752 0.32309556313460513 0.014341293956517143 0.017697314338979066
2 0.4365664136833306 0.3900583741469585 0.01254863221195257 0.04256921557213894
2 0.28562429479098705 0.32620455078875 0.035494702542380054 0.034438017092067445
2 0.08066977850540924 0.2613941158446509 0.055931046430417075 0.0253502070261052
2 0.11670227957115871 0.5101131281762491 0.031192314355424907 0.022480372268432927
0 0.33218022126782953 0.4809364748065809 0.0010755970467388092 0.00047830579294534816
2 0.5218971127246079 0.661018605850517 0.023304602679340473 0.011479339030689106
2 0.14986652184560473 0.8212510464872197 0.01577542335216893 0.035394628677958256
0 0.02043634388803701 0.7626585868514104 0.011473035165213759 0.022480372268432927
0 0.9270386669962187 0.8806627046601275 0.018285149794559422 0.01865392592486989
0 0.8965634173386198 0.8385717948809339 0.021153408585862857 0.013870867995416156
