1 0.16810685509655 0.02372875038802037 0.021257382967047614 0.01967750032177298
1 0.18437526042847424 0.03472500056783468 0.02342650367797085 0.019677500321772987
0 0.08286041115726725 0.10620062673662774 0.023426503677970844 0.020256250331236892
0 0.19500395191199804 0.07813125127762804 0.02038973468267834 0.018520000302845167
0 0.1303641547264859 0.1548156275315963 0.016051493260831887 0.030673750501587292
0 0.196956160551829 0.17594000287702913 0.01735296568738581 0.01620500026498951
0 0.27287538543414186 0.16783750274453432 0.019955910540493692 0.023150000378556454
0 0.14554799970294854 0.2540712541546571 0.0238603278201555 0.015047500246061683
0 0.2607283094529718 0.24973062908367777 0.02082355882486294 0.01909875031230908
0 0.3138717668705909 0.24654750403162623 0.01518384497646257 0.028937500473195564
0 0.34315489646805447 0.05237687585648398 0.022558855393601574 0.020256250331236902
0 0.5151661688442661 0.07379062620664871 0.01518384497646257 0.02835875046373166
0 0.3843681899755957 0.13108687714357592 0.013882372549908675 0.02835875046373164
0 0.39911821080987336 0.14555562738017372 0.02429415196234011 0.01678375027445338
1 0.3900079038239961 0.189251253094699 0.02082355882486294 0.025465000416412108
1 0.40996381436448975 0.18664687805211144 0.013882372549908685 0.03183125052051513
2 0.465276392493032 0.19359187816567835 0.014316196692093275 0.014468750236597766
0 0.5585485830627309 0.1200906269637616 0.022125031251416932 0.019098750312309065
0 0.5826258229539786 0.1357168772192872 0.02169120710923219 0.02025625033123688
1 0.6364200165848746 0.0405125006624738 0.018220613971755197 0.01967750032177298
0 0.6060523266319495 0.1267462520725966 0.013882372549908721 0.03125250051105123
0 0.6500854770636909 0.16205000264989514 0.02038973468267825 0.02662250043533991
0 0.6188501388263965 0.143819377351782 0.011713251838985297 0.021413750350164726
0 0.5880486247312866 0.15770937757891584 0.017786789829570455 0.02372875038802037
0 0.5602838796314693 0.1513431274748128 0.012580900123354779 0.026043750425876012
0 0.5396772328776988 0.20690312838334834 0.013014724265539335 0.027201250444803857
0 0.5557287261385306 0.22224000363414198 0.021691207109232283 0.01736250028391734
0 0.6316479510208436 0.19706437822246184 0.018220613971755197 0.0214137503501647
0 0.5941221627218717 0.1909875031230908 0.013448548407724074 0.026622500435339938
0 0.5969420196460719 0.21876750357735852 0.015617669118647308 0.028937500473195564
0 0.5832765591672555 0.1808593779574723 0.01865443811393966 0.015626250255525595
0 0.5709125711149929 0.17565062787229713 0.020823558824862996 0.01562625025552559
0 0.4789418529718484 0.24220687896064685 0.015617669118647108 0.029516250482659642
2 0.42601530762532164 0.21471625351111112 0.008676482843692952 0.012732500208206054
0 0.6153795456889193 0.24857312906474996 0.02125738296704754 0.01678375027445346
0 0.6646185858268764 0.23526187884707997 0.022558855393601574 0.021413750350164736
0 0.6952031878508939 0.202562503312369 0.01691914154520116 0.028937500473195564
0 0.7014936379125714 0.17883375292434864 0.016485317403016512 0.01967750032177297
0 0.7086517362586179 0.20169437829817308 0.01691914154520116 0.022571250369092535
0 0.7077840879742487 0.21992500359628633 0.014316196692093275 0.023150000378556454
0 0.7370672175717122 0.11517125188331835 0.01735296568738581 0.02199250035962864
1 0.7941150922689931 0.10012375163725667 0.013448548407723984 0.032410000529979034
0 0.765048874742622 0.14671312739910153 0.009977955270246893 0.02372875038802035
1 0.7372841296428043 0.19243437814675046 0.019522086398309046 0.0214137503501647
1 0.7192804277421417 0.17015250278238997 0.012147075981170036 0.026622500435339938
0 0.7700378523777452 0.18520000302845163 0.02082355882486299 0.018520000302845167
2 0.8383651547718268 0.16639062772087454 0.014316196692093365 0.027201250444803857
0 0.8299055839992263 0.19619625320826597 0.011279427696800742 0.026622500435339938
0 0.8407511875538425 0.19069812811835876 0.017352965687385903 0.02372875038802037
0 0.841835747909304 0.22773812872404914 0.012580900123354779 0.02835875046373166
0 0.896931413966754 0.1548156275315963 0.014316196692093181 0.030673750501587292
0 0.9322880815548027 0.06713500109781372 0.016485317403016415 0.024307500397484274
2 0.930769697057156 0.1339806271908955 0.01344854840772448 0.03183125052051514
2 0.927949840132956 0.18085937795747234 0.010411779412431542 0.013311250217669969
2 0.903655688170616 0.21240125347325547 0.011279427696800837 0.01736250028391734
2 0.9246961590665714 0.23178937879029654 0.009110306985877411 0.010996250179814308
1 0.9880698360899223 0.16899500276346213 0.02038973468267825 0.025465000416412108
0 0.9449043339425499 0.3209168802477388 0.01908826225612449 0.013311250217669969
0 0.9318896096770107 0.3374112555174602 0.014750020834277833 0.021992500359628617
0 0.9210440061223945 0.33654313050326434 0.01908826225612449 0.0214137503501647
0 0.8524997916572207 0.2613056292729559 0.013882372549908721 0.02951625048265948
0 0.811720322291864 0.2928475047887391 0.021691207109232283 0.01620500026498948
2 0.7974041255997706 0.3052906299922132 0.010411779412431448 0.01678375027445346
2 0.7737607098507072 0.26709312936759505 0.010845603554616189 0.010996250179814308
1 0.7564077441633217 0.3284406303707697 0.013448548407723984 0.022571250369092535
0 0.7948011807466628 0.3368325055079964 0.016485317403016415 0.015047500246061649
0 0.7824371926944004 0.32554688032345 0.02038973468267834 0.0214137503501647
0 0.8852535143921613 0.39644375648277935 0.016919141545201254 0.0185200003028452
0 0.8850366023210688 0.4193043818566038 0.016485317403016606 0.028358750463731618
0 0.8967498541600544 0.43116875705061397 0.014750020834278017 0.027780000454267772
0 0.8353637380409272 0.44621625729667563 0.023860327820155427 0.02083500034070086
0 0.7577092165898756 0.37358313110895464 0.02212503125141684 0.019098750312309114
2 0.7446944923243362 0.3863156313171608 0.015183844976462664 0.0248862504069482
2 0.6987091332527637 0.33683250550799637 0.008242658701508207 0.012732500208205993
2 0.7282091749213196 0.29545187983132676 0.009110306985877505 0.013311250217669969
0 0.697624572897302 0.2763531295190176 0.019088262256124398 0.023728750388020338
1 0.6748488054326083 0.35651000582976944 0.01518384497646257 0.02083500034070086
0 0.6694260036553003 0.3909456313928721 0.02082355882486299 0.01794125029338122
0 0.6982753091105792 0.39210313141180003 0.02038973468267834 0.026043750425876023
0 0.7119407695893956 0.4297218820269542 0.01735296568738581 0.026043750425876023
1 0.6063045909674345 0.2786681295568733 0.018654438113939843 0.0214137503501647
1 0.45685217398482414 0.30181812993542984 0.018220613971755104 0.026043750425876023
1 0.547521419701415 0.2890856297272237 0.013882372549908628 0.026043750425876023
1 0.552293485265446 0.3339387554606768 0.020823558824862896 0.013890000227133886
2 0.5622714405356929 0.3900775063786762 0.011279427696800742 0.012732500208205993
2 0.5425324420662916 0.35072250573513025 0.009110306985877599 0.012732500208206054
1 0.34492554530118563 0.3834218812698413 0.02169120710923224 0.01909875031230905
0 0.6021832616166803 0.313393130124708 0.02082355882486299 0.0214137503501647
0 0.5913376580620642 0.32294250528086255 0.016485317403016415 0.02199250035962868
0 0.5574993749716619 0.2963200048455226 0.013882372549908534 0.03125250051105119
0 0.5314699264405833 0.3596931308818209 0.013014724265539335 0.026043750425876023
0 0.5251794763789057 0.37763438117520215 0.014316196692093275 0.026043750425876023
0 0.47572352416985625 0.2957412548360587 0.013448548407723984 0.028937500473195595
0 0.41281902355308264 0.27114437943384245 0.014316196692093228 0.027201250444803857
0 0.35446967642924787 0.43290500707900564 0.019088262256124398 0.023150000378556454
0 0.4277859564584529 0.44274375723989223 0.02082355882486299 0.021992500359628617
0 0.35230055571832464 0.4543187574291704 0.02082355882486299 0.01620500026498948
0 0.43494405480449955 0.47515375776987123 0.02038973468267834 0.01736250028391737
1 0.6041354702565112 0.4476631323203354 0.015183844976462664 0.01678375027445346
0 0.5332052230093217 0.4595275075143451 0.015617669118647095 0.027780000454267883
1 0.29955557017849754 0.2760637545142858 0.020389734682678292 0.02083500034070082
1 0.2652834629459106 0.2720125044480384 0.02038973468267834 0.023150000378556454
1 0.27916583549581925 0.2832981296325846 0.02125738296704759 0.022571250369092535
1 0.2325297402109699 0.2922687547792753 0.021691207109232283 0.02083500034070079
1 0.22038266422979977 0.2714337544385744 0.016485317403016512 0.015047500246061683
1 0.16333478953251895 0.2922687547792752 0.0229926795357862 0.024307500397484284
2 0.10802221140397666 0.30239687994489367 0.03123533823729446 0.027201250444803794
0 0.13925754964127113 0.31078875508212045 0.022558855393601557 0.0185200003028452
0 0.1993421933338445 0.32062750524300687 0.021257382967047614 0.01967750032177297
0 0.22797458671803109 0.34406688062629526 0.013448548407724028 0.027201250444803857
0 0.28762540626841987 0.39875875652063497 0.01735296568738581 0.028937500473195533
0 0.2639819905193566 0.39731188149697516 0.016051493260831867 0.026043750425875964
1 0.02950004166855588 0.31715500518622336 0.017352965687385813 0.026622500435339938
0 0.07895599387760543 0.274038129481162 0.018220613971755093 0.022571250369092567
0 0.05032360049341883 0.32062750524300676 0.021691207109232245 0.01620500026498953
0 0.13448548407724004 0.3718468810805631 0.01388237254990865 0.0248862504069482
0 0.17287892066058116 0.3596931308818209 0.02299267953578618 0.01794125029338122
0 0.024944888175617103 0.3741618811184187 0.021257382967047617 0.02372875038802037
0 0.1813384914331817 0.43059000704115 0.016485317403016512 0.026622500435339938
0 0.03297063480603304 0.46328938257586094 0.01735296568738581 0.02025625033123688
1 0.22287715304736147 0.6084982642741994 0.018654438113939756 0.023150000378556575
1 0.1909910785967901 0.6707138902915699 0.014750020834277946 0.026043750425876023
1 0.23697643766836246 0.6206520144729414 0.01735296568738581 0.009260000151422506
2 0.23957938252147035 0.5925826390139417 0.012147075981170036 0.012153750198742076
0 0.22721539446920785 0.5934507640281377 0.022125031251416884 0.015047500246061649
1 0.10075565702238386 0.5821651388435913 0.014750020834277924 0.027201250444803725
1 0.23914555837928567 0.5222645128640765 0.02082355882486299 0.023150000378556454
3 0.1270020176245549 0.6848932655234357 0.016051493260831887 0.025465000416411986
0 0.057590154875011644 0.5092426376511386 0.016919141545201175 0.01678375027445346
0 0.14522263159630996 0.48869701231516977 0.019522086398309046 0.018520000302845136
0 0.22266024097626924 0.50056138750918 0.021691207109232283 0.022571250369092535
0 0.2699470724743955 0.4936163873956131 0.02169120710923224 0.01794125029338122
0 0.2985794658585821 0.4892757623246337 0.019088262256124398 0.01736250028391731
0 0.2105131649950991 0.513004512712654 0.013882372549908628 0.021992500359628617
0 0.029174673561917386 0.6157326393924981 0.017352965687385803 0.027201250444803857
0 0.11897627099413896 0.6264395145675806 0.01388237254990865 0.03241000052997896
0 0.18296533196637416 0.6061832642363438 0.017786789829570455 0.030095000492123426
0 0.16778148698991158 0.6050257642174159 0.01518384497646257 0.024307500397484284
0 0.15953882828840332 0.6252820145486527 0.018654438113939756 0.023150000378556454
0 0.17450576119377353 0.6423551398278381 0.013014724265539356 0.03183125052051517
0 0.25801690856431775 0.5700113886448492 0.02038973468267834 0.014468750236597737
0 0.2992302020718591 0.6142857643688386 0.02038973468267834 0.016205000264989604
2 0.2807926760290116 0.6027107641795604 0.01735296568738581 0.015047500246061649
1 0.3059544762757211 0.6631901401685388 0.012147075981170086 0.03183125052051517
0 0.3246089143896608 0.6657945152111266 0.009544131128062199 0.027780000454267772
0 0.3176677281147065 0.6657945152111266 0.009544131128062199 0.030095000492123426
0 0.33046554030915354 0.7228013911433219 0.01518384497646257 0.0248862504069482
0 0.2745022259673343 0.6765013903862089 0.01691914154520116 0.02951625048265939
3 0.22244332890517687 0.6605857651259516 0.02038973468267834 0.01852000030284526
0 0.2161528788434995 0.6750545153625492 0.024294151962340124 0.01967750032177297
0 0.23936247045037803 0.6090770142836633 0.022125031251416932 0.01852000030284526
0 0.11377038128792318 0.6892338905944151 0.013882372549908628 0.02951625048265951
0 0.06214530836795043 0.717013891048683 0.019088262256124387 0.0248862504069482
1 0.36907588896358695 0.493905762400345 0.02038973468267834 0.023150000378556454
1 0.5768776530700319 0.5841907638767151 0.016919141545201067 0.021992500359628617
0 0.34022658350830803 0.4762538871116956 0.02169120710923224 0.0214137503501647
0 0.35475969227149373 0.4973782624571284 0.012580900123354687 0.025465000416412108
0 0.3645207354706482 0.5130045127126539 0.026029448531078712 0.013890000227133886
0 0.37298030624324874 0.5332607630438907 0.019522086398309046 0.02199250035962868
0 0.3656052958261099 0.5523595133562 0.017786789829570455 0.01620500026498954
0 0.49488489019713405 0.52573701292086 0.018654438113939756 0.01736250028391737
0 0.4911973849885646 0.5538063883798596 0.013882372549908628 0.026043750425875964
0 0.46516793645748583 0.597791389099117 0.019955910540493692 0.020256250331237003
0 0.5534511493920611 0.4910120123530253 0.014316196692093365 0.025465000416412108
0 0.589675465264479 0.5104001376700664 0.02082355882486299 0.026043750425876023
0 0.614620353440096 0.5717476386732409 0.01518384497646257 0.026043750425875964
0 0.5595246873826462 0.5824545138483233 0.011713251838985483 0.025465000416412108
0 0.5482452596858453 0.5908463889855499 0.009977955270246893 0.034146250558370825
0 0.5734070599325548 0.6192051394492818 0.014316196692093181 0.02488625040694807
0 0.5898923773355714 0.6194945144540137 0.010845603554616189 0.023150000378556454
0 0.5538849735342457 0.6079195142647353 0.018654438113939843 0.01389000022713382
0 0.5632121925912158 0.6261501395628486 0.013014724265539427 0.022571250369092535
2 0.6927086990333322 0.5098213876606025 0.01691914154520116 0.009838750160886485
3 0.8189515244090642 0.6727395153246934 0.011713251838985483 0.01389000022713382
1 0.8703596852579445 0.7028345158168169 0.012147075981170131 0.01967750032177309
1 0.7564808479344752 0.5465720132615609 0.017786789829570455 0.024307500397484215
0 0.715918290640211 0.6683988902537142 0.013014724265539335 0.028358750463731687
2 0.7115800492183645 0.6831570154950439 0.009544131128062246 0.00926000015142263
0 0.6619071849382224 0.6116813893262509 0.013448548407723984 0.026043750425876023
0 0.7298006631901195 0.5645132635549424 0.013014724265539335 0.025465000416412177
0 0.7966095810865549 0.5653813885691381 0.019088262256124304 0.01794125029338128
0 0.7922713396647084 0.6015532641606325 0.019088262256124398 0.015047500246061649
0 0.7742676377640457 0.6255713895533848 0.01691914154520116 0.0214137503501647
0 0.8063706242857094 0.6478532649177454 0.02386032782015552 0.01736250028391731
0 0.7660249790625374 0.67071389029157 0.014316196692093275 0.0248862504069482
0 0.819602260622341 0.688944515589683 0.02082355882486299 0.012732500208205993
0 0.7996463500818475 0.7184607660723425 0.019955910540493692 0.01736250028391731
0 0.83630449009645 0.5312351380107674 0.018654438113939756 0.015626250255525564
0 0.8412934677315733 0.5425207631953135 0.013014724265539335 0.01967750032177297
0 0.761686737640691 0.5124257627031902 0.014316196692093275 0.025465000416412045
0 0.9300105048083332 0.5147407627410456 0.022125031251417026 0.015047500246061713
0 0.9256722633864868 0.5422313881905816 0.015183844976462664 0.030673750501587348
0 0.9616796671878126 0.5517807633467361 0.019522086398308953 0.021992500359628617
0 0.8651537955517287 0.6275970145865086 0.014750020834277833 0.030095000492123426
0 0.8599479058455131 0.5717476386732411 0.014750020834278017 0.01909875031230905
0 0.9616796671878124 0.6924170156464665 0.020389734682678434 0.01967750032177297
0 0.8866280905898687 0.7135413909918994 0.01952208639830914 0.01678375027445352
0 0.9763565842509369 0.5624876385218184 0.016919141545201067 0.027201250444803857
0 0.9214778302645789 0.7314599956087449 0.013882372549908728 0.02662250043533993
0 0.9637756841275822 0.7525843709541777 0.014316196692093365 0.02951625048265939
0 0.9537977288573353 0.7676318712002396 0.024727976104524912 0.01909875031230905
0 0.905209424932655 0.7262512455235698 0.014316196692093181 0.021992500359628617
2 0.902606480079547 0.7734193712948787 0.008242658701508303 0.04687875076657682
2 0.8689851090602373 0.7592399960630128 0.009544131128062058 0.027780000454267772
1 0.8247350465574033 0.8176937470188678 0.01735296568738581 0.025465000416411986
1 0.8258196069128649 0.7786281213800537 0.014316196692093275 0.028358750463731687
1 0.7715915891397842 0.8619681227428572 0.012580900123354687 0.02951625048265939
1 0.6774517502857162 0.8573381226671458 0.013448548407724074 0.02951625048265951
1 0.792198235893555 0.7661849961765798 0.021691207109232283 0.01620500026498948
1 0.7826541047654928 0.7462181208500748 0.014750020834278017 0.03067375050158722
0 0.6750657175037007 0.8281112471892181 0.018220613971755104 0.023150000378556454
0 0.6980583970394869 0.8093018718816412 0.013882372549908628 0.02951625048265951
0 0.7544555355234907 0.7557674960062292 0.019955910540493692 0.015047500246061649
0 0.769422468428861 0.8200087470567233 0.01518384497646257 0.02778000045426764
0 0.7258231421393043 0.8382393723548368 0.019088262256124398 0.02372875038802037
0 0.8577056813634364 0.739273120736508 0.022558855393601675 0.015626250255525564
0 0.8112864981496795 0.7748662463185384 0.013014724265539335 0.02778000045426764
0 0.8557534727236054 0.7806537464131774 0.022125031251417026 0.02083500034070079
0 0.866815988349314 0.7818112464321052 0.010411779412431354 0.026622500435339938
0 0.8780954160461149 0.8014887467538783 0.019088262256124304 0.015047500246061775
0 0.7540217113813061 0.9108724985425575 0.012147075981170036 0.028937500473195474
0 0.9609558272033819 0.8610999977286612 0.017352965687385903 0.01389000022713382
0 0.9607389151322897 0.8868543731498052 0.018654438113939843 0.019098750312309176
0 0.8559703847946978 0.9782968746451032 0.016485317403016606 0.0248862504069482
0 0.8021761911638018 0.9811906246924228 0.019955910540493605 0.0214137503501647
0 0.7436099319688746 0.9574618743044023 0.012147075981170036 0.028358750463731687
0 0.7173635713667036 0.9725093745504642 0.017786789829570455 0.013311250217670031
0 0.6527237741811915 0.9215793737176398 0.012580900123354687 0.028358750463731687
0 0.6535914224655608 0.9545681242570828 0.021257382967047635 0.016783750274453394
0 0.6785363106411779 0.9832162497255464 0.018220613971755197 0.02083500034070079
0 0.6544590707499301 0.796279996668703 0.016051493260831867 0.01967750032177297
0 0.6418781706265752 0.7661849961765789 0.013448548407724064 0.024307500397484284
0 0.6310325670719592 0.7916499965929918 0.016051493260831867 0.02083500034070079
0 0.6119443048158347 0.9027699984100626 0.01518384497646257 0.030095000492123297
0 0.5861317683558486 0.9236049987507635 0.023426503677970875 0.017362500283917434
2 0.612811953100204 0.7334856206418688 0.019522086398309046 0.014468750236597737
1 0.4909073691463188 0.7161231203579514 0.018654438113939756 0.01678375027445352
1 0.47767573280968706 0.759529371067745 0.01822061397175501 0.027201250444803857
1 0.28549163782188924 0.7962799966687031 0.014750020834277924 0.027780000454267772
1 0.32258360197867647 0.8101699968958372 0.018654438113939756 0.025465000416412108
3 0.3342968538176618 0.9325756238974543 0.009977955270246846 0.015626250255525564
0 0.35555423678470943 0.8995868733580115 0.019522086398309046 0.0248862504069482
0 0.34601010565664725 0.8489462475299192 0.018654438113939756 0.02083500034070079
0 0.3306093486090923 0.8544443726198264 0.023426503677970875 0.017941250293381342
0 0.28896223095936646 0.7635806211339923 0.02169120710923224 0.02141375035016484
1 0.3588079178510942 0.7980162466970949 0.013882372549908675 0.028937500473195595
0 0.37442558696974154 0.7875987465267447 0.02169120710923224 0.01967750032177309
0 0.3731241145431876 0.804961246810662 0.022558855393601532 0.018520000302845136
0 0.425833747818622 0.7985949967065588 0.019522086398309046 0.01967750032177297
0 0.48418309494245676 0.776891871351662 0.017352965687385716 0.01794125029338122
0 0.4748558758854869 0.7100462452585802 0.014316196692093275 0.026622500435339938
1 0.4852676552979183 0.8281112471892184 0.01518384497646257 0.027780000454267772
0 0.5325544867960447 0.8671768728280324 0.015183844976462664 0.01909875031230905
0 0.5640067371044316 0.8868543731498052 0.016485317403016512 0.02025625033123688
0 0.5112971038289971 0.914344998599341 0.01952208639830904 0.019677500321772942
0 0.5640067371044316 0.9768499996214436 0.01822061397175501 0.021992500359628617
0 0.534072871293691 0.9615131243706498 0.016485317403016512 0.0248862504069482
0 0.49763164335018084 0.9392312490062893 0.014750020834277924 0.025465000416412108
0 0.447958779070039 0.9267881238028153 0.014316196692093275 0.028358750463731555
0 0.47485587588548694 0.948780624162444 0.014316196692093365 0.027201250444803857
0 0.47507278795657926 0.9649856244274333 0.013014724265539427 0.016783750274453394
0 0.44578965835911577 0.9623812493848457 0.021257382967047635 0.015047500246061649
1 0.21582751073686104 0.8550231226292903 0.013448548407724003 0.02951625048265939
1 0.11105898039926919 0.8990081233485476 0.018220613971755104 0.02372875038802037
1 0.09609204749389892 0.8891693731876609 0.014316196692093297 0.03183125052051517
1 0.22472090565164626 0.8014887467538783 0.01735296568738581 0.021992500359628617
0 0.15465830668882605 0.9372056239731656 0.01518384497646257 0.02372875038802037
0 0.23144517985550825 0.8836712480977538 0.022992679535786226 0.01620500026498948
0 0.24944888175617097 0.9693262494984127 0.01735296568738581 0.023150000378556454
0 0.2659341991591875 0.9869781247870619 0.012147075981170036 0.022571250369092535
0 0.1863274690683051 0.8237706221182389 0.02038973468267834 0.022571250369092535
0 0.1093236838305306 0.7887562465456723 0.023426503677970844 0.021992500359628617
0 0.08047437837525169 0.7528737459589098 0.02038973468267833 0.02083500034070079
0 0.04837139185358796 0.8428693724305479 0.016051493260831877 0.02951625048265951
0 0.6871701454706427 0.5315129380153099 0.01622502291770574 0.026738250437232672
0 0.013123180301085523 0.672207065315987 0.017656642586915065 0.02928475047887392
0 0.28772656655413054 0.30785499685798123 0.01518384497646257 0.029516250482659448
0 0.2599618214543131 0.2954118716545072 0.017786789829570437 0.020835000340700703
0 0.2484654816864201 0.283547496460497 0.015617669118647214 0.029516250482659448
