1 0.527344 0.6125000000000002 0.06875 0.0645833
1 0.555859 0.395833 0.0585938 0.0395833
0 0.5367189999999998 0.7 0.059375 0.0645833
1 0.361328 0.292708 0.0460938 0.0875
2 0.666406 0.74375 0.0578125 0.0666667
0 0.728906 0.658333 0.0546875 0.0666667
0 0.246875 0.584375 0.065625 0.0395833
0 0.4859379999999999 0.493229 0.0578125 0.0739583
1 0.7886720000000002 0.19375 0.0367187 0.0895833
1 0.803906 0.864583 0.0515625 0.0458333
0 0.523438 0.667188 0.059375 0.05729170000000001
0 0.28203100000000003 0.732292 0.0625 0.0375
1 0.16875 0.90625 0.065625 0.0479167
0 0.24414100000000005 0.809375 0.0429688 0.07291669999999999
1 0.650391 0.266667 0.0648438 0.04375
1 0.690625 0.581771 0.0453125 0.06354169999999999
0 0.583984 0.571875 0.0414063 0.0854167
0 0.0960938 0.47031300000000004 0.03125 0.0802083
0 0.6125 0.6598959999999999 0.0609375 0.0739583
0 0.601562 0.235417 0.0296875 0.0875
0 0.2875 0.5401040000000001 0.0625 0.046875
0 0.764844 0.504687 0.05625 0.034375
0 0.0539063 0.6442710000000001 0.04375 0.065625
0 0.126563 0.7776039999999999 0.06875 0.0489583
0 0.6988279999999999 0.6817709999999999 0.0414063 0.090625
0 0.585938 0.0963542 0.0296875 0.0739583
0 0.205859 0.783333 0.0523437 0.05833330000000001
0 0.7535160000000001 0.625 0.0492188 0.0791667
0 0.685547 0.5135420000000002 0.0570313 0.06875
0 0.632031 0.915625 0.053125 0.0604167
0 0.400391 0.703646 0.0585938 0.05729170000000001
0 0.7746089999999998 0.715625 0.0382813 0.0770833
0 0.6636719999999999 0.627604 0.0539063 0.053125
0 0.423828 0.298438 0.0632813 0.053125
0 0.788281 0.795313 0.0375 0.084375
0 0.314063 0.46718699999999996 0.075 0.051041699999999995
0 0.301953 0.595312 0.0804688 0.0614583
0 0.503125 0.9546869999999998 0.0484375 0.065625
0 0.8414059999999999 0.620313 0.034375 0.0822917
0 0.494531 0.221875 0.0390625 0.0708333
0 0.582031 0.7223960000000001 0.04375 0.09270830000000001
0 0.680859 0.105729 0.0585938 0.07187499999999998
0 0.31484399999999996 0.416146 0.0640625 0.046875
0 0.172656 0.721875 0.04375 0.0645833
0 0.6902339999999999 0.410417 0.0773437 0.0645833
0 0.879687 0.669271 0.0546875 0.0677083
0 0.79375 0.6125 0.040625 0.0854167
0 0.717578 0.488021 0.0351562 0.084375
0 0.515234 0.344792 0.0320312 0.075
0 0.47343700000000005 0.6625 0.0390625 0.0854167
0 0.230469 0.6479169999999997 0.0453125 0.0770833
0 0.364062 0.8473960000000001 0.0671875 0.065625
0 0.6910159999999999 0.924479 0.0476562 0.0697917
0 0.626172 0.203646 0.0398437 0.0760417
0 0.404297 0.5776040000000001 0.0414063 0.0697917
0 0.6351560000000002 0.5770830000000001 0.053125 0.0625
0 0.740625 0.553646 0.075 0.06354169999999999
0 0.717969 0.163021 0.053125 0.0739583
0 0.39453099999999997 0.7713540000000001 0.05 0.0760417
0 0.785547 0.29739600000000005 0.0414063 0.0864583
0 0.49101599999999995 0.382812 0.0507812 0.065625
1 0.6039215686274509 0.3597560975609756 0.06797385620915032 0.04355400696864112
2 0.6379084967320261 0.34756097560975613 0.023529411764705882 0.06097560975609756
2 0.48496732026143796 0.8170731707317073 0.06797385620915032 0.07665505226480834
2 0.7496732026143791 0.729965156794425 0.04836601307189544 0.041811846689895474
2 0.3732026143790849 0.6071428571428572 0.05620915032679738 0.012195121951219513
2 0.44052287581699345 0.6027874564459931 0.03137254901960784 0.013937282229965159
2 0.25032679738562086 0.701219512195122 0.05098039215686273 0.033101045296167246
2 0.4666666666666666 0.29616724738675954 0.018300653594771246 0.08013937282229965
