1 0.03695823046263109 0.052499999999999894 0.011916460925262213 0.023666699999999964
1 0.6192499999999999 0.275167 0.020500000000000004 0.018333300000000004
1 0.8946250000000002 0.2155 0.02025 0.019
1 0.54375 0.434667 0.0155 0.034666699999999995
1 0.6462500000000001 0.07333329999999999 0.018 0.019333300000000005
1 0.8573750000000001 0.179333 0.02025 0.02
1 0.34887499999999994 0.236833 0.01575 0.0256667
1 0.726375 0.213833 0.01675 0.021666699999999997
1 0.5857500000000001 0.626833 0.019499999999999997 0.0176667
1 0.15375 0.5916669999999999 0.02 0.0173333
1 0.705125 0.881833 0.015250000000000001 0.0223333
1 0.302625 0.785167 0.01375 0.0276667
1 0.9502500000000002 0.572 0.015 0.0233333
1 0.585625 0.752833 0.014250000000000002 0.019
1 0.7907499999999998 0.24633299999999994 0.016 0.026000000000000002
1 0.40525 0.0756667 0.0155 0.02
1 0.5121250000000002 0.728667 0.01575 0.026000000000000002
1 0.5308750000000001 0.407667 0.01625 0.03
1 0.36524999999999996 0.575 0.023 0.02
1 0.601625 0.757833 0.01275 0.0276667
1 0.931 0.0963333 0.013499999999999998 0.0266667
1 0.04825 0.439 0.021 0.022666699999999998
1 0.82875 0.241167 0.013499999999999998 0.028333299999999995
1 0.86925 0.16666700000000007 0.0155 0.0266667
1 0.862 0.0231667 0.0215 0.018333300000000004
1 0.201125 0.985 0.014250000000000002 0.03
1 0.430375 0.864333 0.01875 0.0273333
1 0.06112499999999999 0.24 0.02075 0.0213333
1 0.9318102309054974 0.393667 0.02125 0.020666699999999996
1 0.650375 0.061 0.02125 0.016
1 0.37825 0.8341670000000001 0.02 0.017
1 0.9010000000000001 0.15083299999999997 0.0165 0.018333300000000004
1 0.802 0.9321670000000001 0.023 0.0163333
1 0.658875 0.118 0.01675 0.028000000000000008
1 0.8541250000000001 0.12416699999999999 0.02175 0.0176667
1 0.7310184613681285 0.427333 0.0165 0.020666699999999996
1 0.6255 0.1315 0.0155 0.0196667
1 0.3052500000000001 0.7635 0.017500000000000005 0.0263333
1 0.898 0.17133300000000007 0.016 0.0266667
1 0.5310000000000001 0.381833 0.017500000000000005 0.029666699999999997
1 0.99275 0.25549999999999995 0.013499999999999998 0.030333300000000004
1 0.7609999999999999 0.0103333 0.017 0.020666699999999996
1 0.66625 0.6468329999999999 0.023 0.015666699999999995
1 0.773125 0.9946670000000002 0.01225 0.0106667
1 0.3025 0.736667 0.015 0.026000000000000002
1 0.13227784635824563 0.8716434702187813 0.0183516918307592 0.026619640437562916
1 0.5285 0.6721670000000001 0.020500000000000004 0.021
1 0.8559953075049412 0.8433482344813216 0.016583230462631094 0.023333299999999987
1 0.70625 0.6579999999999999 0.018 0.020666699999999996
1 0.422125 0.2533329999999999 0.02075 0.02
1 0.8175 0.640167 0.014000000000000002 0.0276667
1 0.28337499999999993 0.7581669999999999 0.01475 0.0336667
1 0.60475 0.1805 0.017 0.025
1 0.318875 0.8671670000000001 0.02175 0.015666699999999995
1 0.582875 0.8305 0.02175 0.019
1 0.6241249999999999 0.0736667 0.01275 0.028000000000000008
1 0.176 0.939 0.0155 0.029333299999999996
1 0.688 0.168333 0.013499999999999998 0.026000000000000002
1 0.3065 0.45883300000000005 0.013000000000000001 0.030333300000000004
1 0.599375 0.7770000000000001 0.01475 0.021999999999999992
1 0.8277500000000001 0.882667 0.019 0.0233333
1 0.9221250000000001 0.235 0.01725 0.025333300000000003
1 0.753125 0.557333 0.02175 0.0146667
1 0.20925000000000002 0.5135 0.0255 0.018333300000000004
1 0.577625 0.7675 0.01725 0.0256667
1 0.060430538410438474 0.5800694112844174 0.01636107682087713 0.02880552256883449
1 0.006875 0.282667 0.01375 0.025333300000000003
1 0.7375 0.522833 0.019 0.019
1 0.6191249999999999 0.346833 0.01775 0.025
1 0.825375 0.8025 0.01825 0.027000000000000003
1 0.432125 0.0461667 0.02275 0.018333300000000004
1 0.18099999999999997 0.725167 0.020500000000000004 0.019
1 0.246125 0.21333300000000002 0.02575 0.021999999999999992
1 0.4991250000000001 0.354833 0.02375 0.0176667
1 0.61975 0.21050000000000002 0.0155 0.029666699999999997
1 0.27287500000000003 0.9799882351093907 0.01624999999999998 0.025976470218782566
1 0.691125 0.366 0.01575 0.0306667
1 0.285125 0.783333 0.01675 0.0233333
1 0.608875 0.493167 0.01975 0.0163333
1 0.8652500000000001 0.146667 0.02 0.02
1 0.486375 0.22000000000000003 0.01375 0.0306667
1 0.5845 0.8 0.0125 0.03
1 0.168875 0.367833 0.01825 0.021666699999999997
1 0.9324999999999999 0.343333 0.019499999999999997 0.022666699999999998
1 0.8888749999999999 0.19 0.024250000000000004 0.016
1 0.82475 0.72 0.018499999999999996 0.0173333
1 0.3102500000000001 0.369333 0.017500000000000005 0.021999999999999992
1 0.92875 0.214667 0.016 0.0286667
1 0.514125 0.405 0.024250000000000004 0.018000000000000002
1 0.805125 0.21900000000000003 0.01875 0.018666700000000005
1 0.516625 0.758667 0.01325 0.028000000000000008
1 0.140375 0.6044999999999999 0.01475 0.027000000000000003
1 0.7685 0.917333 0.014000000000000002 0.028000000000000008
1 0.829 0.343 0.014500000000000002 0.0266667
1 0.0885 0.293167 0.018 0.019
1 0.405875 0.494833 0.02075 0.0196667
1 0.787 0.21616700000000003 0.015 0.0256667
1 0.633875 0.08733330000000002 0.01575 0.028000000000000008
1 0.304125 0.379667 0.01225 0.0286667
1 0.6451249999999998 0.7218329999999998 0.02175 0.018333300000000004
1 0.699125 0.15216699999999997 0.022250000000000002 0.019
1 0.916875 0.3411670000000001 0.02125 0.019
1 0.7810000000000001 0.43700000000000006 0.018499999999999996 0.025333300000000003
1 0.652125 0.10100000000000002 0.01675 0.026000000000000002
1 0.5455739997785672 0.7348187655186784 0.013555384104384824 0.02450434764994772
1 0.6281250000000002 0.7965000000000001 0.01275 0.03300000000000001
1 0.8747500000000001 0.21533300000000005 0.0165 0.0266667
1 0.63325 0.635 0.017 0.021999999999999992
1 0.20375 0.6336669999999999 0.014500000000000002 0.028000000000000008
1 0.098 0.671667 0.020500000000000004 0.018000000000000002
1 0.4941250000000001 0.04650000000000001 0.02025 0.018333300000000004
1 0.0785 0.27683299999999994 0.020500000000000004 0.017
1 0.745875 0.609833 0.01575 0.0236667
1 0.906875 0.091 0.01325 0.0326667
1 0.12800000000000003 0.539333 0.021 0.021999999999999992
1 0.635 0.3466669999999999 0.017500000000000005 0.020666699999999996
1 0.6564999999999999 0.184333 0.0215 0.018000000000000002
1 0.95 0.6098329999999998 0.0225 0.017
1 0.39362499999999995 0.199 0.02125 0.018666700000000005
1 0.848875 0.802833 0.02075 0.015666699999999995
1 0.729375 0.6145 0.024250000000000004 0.0163333
1 0.813375 0.900833 0.01375 0.029666699999999997
1 0.844625 0.828667 0.02475 0.0166667
1 0.537625 0.7566669999999998 0.02125 0.018666700000000005
1 0.4352500000000001 0.0241667 0.024 0.018333300000000004
1 0.9129999999999999 0.196333 0.018 0.024
1 0.80825 0.195 0.0215 0.018666700000000005
1 0.913875 0.6846669999999999 0.02175 0.018666700000000005
1 0.541 0.380167 0.015 0.029666699999999997
1 0.7986249999999999 0.3765 0.015250000000000001 0.028333299999999995
1 0.886625 0.726667 0.01275 0.0306667
1 0.5572500000000001 0.6455 0.0225 0.0223333
1 0.2845 0.609167 0.023 0.0176667
1 0.175125 0.18666700000000003 0.022250000000000002 0.018000000000000002
1 0.24325 0.16499999999999995 0.0215 0.019333300000000005
1 0.8844999999999997 0.16483300000000004 0.021 0.0203333
1 0.4385 0.247333 0.016 0.0266667
1 0.39174076931593527 0.5411235880875129 0.019574154084620307 0.01992317147492169
1 0.872125 0.1255 0.02125 0.0196667
1 0.614375 0.885 0.01625 0.024
1 0.6403750000000001 0.29283300000000007 0.01875 0.021666699999999997
1 0.42325 0.23449999999999996 0.019 0.027000000000000003
1 0.5148750000000001 0.486 0.01975 0.019333300000000005
1 0.44087499999999996 0.5840000000000001 0.02025 0.0213333
1 0.329125 0.7741670000000002 0.01775 0.0196667
1 0.46675000000000005 0.828167 0.019 0.021
1 0.721875 0.875833 0.02075 0.018333300000000004
1 0.987875 0.357333 0.01225 0.03
1 0.93475 0.241667 0.016 0.032
1 0.909875 0.6598329999999999 0.01575 0.0243333
1 0.139375 0.785167 0.02125 0.019
1 0.006749999999999999 0.39716699999999994 0.013499999999999998 0.0323333
1 0.68525 0.408333 0.02 0.02
1 0.75225 0.838667 0.0215 0.019333300000000005
1 0.81875 0.2365 0.019499999999999997 0.023
1 0.6123749999999999 0.18300000000000005 0.019250000000000003 0.018000000000000002
1 0.773375 0.215 0.01825 0.026000000000000002
1 0.173125 0.391333 0.01775 0.021999999999999992
1 0.34025 0.24799999999999997 0.020500000000000004 0.025333300000000003
1 0.6071250000000001 0.7995 0.019250000000000003 0.0223333
1 0.624125 0.288833 0.01825 0.0256667
1 0.909 0.639167 0.0235 0.0196667
1 0.589625 0.492833 0.02175 0.018333300000000004
1 0.7751249999999998 0.344 0.02075 0.021999999999999992
1 0.10600469249505878 0.386667 0.023250000000000003 0.018000000000000002
1 0.773625 0.532333 0.01575 0.032
1 0.209125 0.8446669999999998 0.014250000000000002 0.0306667
1 0.68 0.152333 0.018499999999999996 0.022666699999999998
1 0.801 0.6488329999999999 0.0215 0.018333300000000004
1 0.76975 0.891833 0.020500000000000004 0.021666699999999997
1 0.168875 0.5075 0.01375 0.03300000000000001
1 0.006749999999999999 0.545667 0.013499999999999998 0.024666699999999996
1 0.3353749999999999 0.6905 0.015250000000000001 0.0236667
1 0.3102500000000001 0.3235 0.023 0.019
1 0.904 0.815333 0.018 0.0273333
1 0.632125 0.198333 0.01375 0.0266667
1 0.40725 0.513167 0.0225 0.023
1 0.7971249999999999 0.579 0.02125 0.0173333
1 0.6508749999999999 0.626667 0.01275 0.03
1 0.60025 0.176667 0.014000000000000002 0.0233333
1 0.9002500000000001 0.33233300000000005 0.020500000000000004 0.0213333
1 0.763 0.6783330000000001 0.014500000000000002 0.024
1 0.9634999999999999 0.597333 0.02 0.024666699999999996
1 0.6855 0.599167 0.015 0.0316667
1 0.5608749999999999 0.9225 0.01625 0.023
1 0.981875 0.187833 0.015250000000000001 0.0243333
1 0.668875 0.155333 0.01225 0.029333299999999996
1 0.068 0.288833 0.0155 0.031
1 0.489375 0.061500000000000006 0.01825 0.019
1 0.097375 0.943333 0.01475 0.0266667
1 0.04375 0.537667 0.018499999999999996 0.025333300000000003
1 0.13925 0.11666699999999999 0.017 0.0326667
1 0.06612500000000002 0.23 0.02275 0.0173333
1 0.5741250000000001 0.148833 0.01475 0.025
1 0.37450000000000006 0.42633299999999996 0.02 0.02
1 0.346875 0.525333 0.02125 0.018000000000000002
1 0.02175 0.577333 0.023 0.018000000000000002
1 0.75225 0.34199999999999997 0.016 0.0266667
1 0.28287499999999993 0.853167 0.014250000000000002 0.025
1 0.4916249999999999 0.7170000000000001 0.02125 0.018666700000000005
1 0.408625 0.22699999999999998 0.015250000000000001 0.03
1 0.015749999999999997 0.34766699999999995 0.019499999999999997 0.022666699999999998
1 0.791375 0.620167 0.01775 0.025
1 0.5872500000000002 0.37200000000000005 0.019499999999999997 0.022666699999999998
1 0.4670000000000001 0.432667 0.014500000000000002 0.0326667
1 0.5769999999999998 0.310833 0.018499999999999996 0.0196667
1 0.815125 0.688333 0.01725 0.028000000000000008
1 0.8102176154527487 0.7916434702187825 0.014250000000000002 0.0273333
1 0.035625 0.4534785875850574 0.01475 0.03
1 0.316375 0.737667 0.02175 0.018000000000000002
1 0.776125 0.406833 0.01875 0.0223333
1 0.3137499999999999 0.349333 0.020500000000000004 0.0173333
1 0.428125 0.09816669999999998 0.02075 0.029000000000000005
1 0.29275000000000007 0.36383299999999996 0.017 0.0223333
1 0.7505 0.9563330000000001 0.0225 0.022666699999999998
1 0.609375 0.8345 0.01975 0.023
1 0.5869999999999999 0.400667 0.0165 0.0306667
1 0.56625 0.7810000000000001 0.023 0.018000000000000002
1 0.721375 0.17749999999999996 0.01725 0.0256667
1 0.370125 0.654667 0.02175 0.018666700000000005
1 0.70025 0.8656669999999999 0.0155 0.0266667
1 0.197375 0.764 0.015250000000000001 0.0306667
1 0.008375 0.518 0.015250000000000001 0.028000000000000008
1 0.9002500000000001 0.377333 0.0245 0.020666699999999996
1 0.812375 0.385167 0.01625 0.023
1 0.81875 0.916 0.020500000000000004 0.021999999999999992
1 0.7575 0.44050000000000006 0.025 0.018333300000000004
1 0.70475 0.6830000000000002 0.013499999999999998 0.0326667
1 0.3172499999999999 0.0466667 0.012 0.029333299999999996
1 0.8857500000000001 0.8539999999999998 0.0155 0.0213333
1 0.47875 0.357667 0.0155 0.034666699999999995
1 0.584875 0.5201670000000002 0.01325 0.029000000000000005
1 0.31662499999999993 0.16016699999999998 0.01675 0.0276667
1 0.26225000000000004 0.380667 0.023 0.018666700000000005
1 0.199375 0.823 0.01625 0.026000000000000002
1 0.37925 0.7946670000000001 0.022 0.020666699999999996
1 0.6928750000000001 0.187667 0.015250000000000001 0.032
1 0.814 0.7731670000000002 0.020500000000000004 0.021
1 0.018412077042310116 0.7022165291531474 0.014768461368128403 0.02773728934365328
1 0.066125 0.7206670000000002 0.015250000000000001 0.026000000000000002
1 0.62875 0.0203333 0.014000000000000002 0.0306667
1 0.703625 0.20849999999999994 0.01675 0.025
1 0.9661249999999998 0.221 0.02025 0.021999999999999992
1 0.9196250000000002 0.8489999999999999 0.015250000000000001 0.032
1 0.33375 0.7893329999999998 0.018499999999999996 0.020666699999999996
1 0.161375 0.730167 0.01475 0.029000000000000005
1 0.779625 0.864167 0.01675 0.021666699999999997
1 0.15275000000000002 0.189667 0.0225 0.018000000000000002
1 0.129375 0.155667 0.01175 0.0326667
1 0.1495 0.146167 0.02 0.0223333
1 0.5204999999999999 0.890667 0.0235 0.020666699999999996
1 0.21224999999999997 0.32699999999999996 0.014000000000000002 0.0273333
1 0.9642499999999999 0.696 0.013000000000000001 0.0286667
1 0.706625 0.072 0.01725 0.025333300000000003
1 0.52475 0.3113330000000001 0.017500000000000005 0.0333333
1 0.43925 0.2905 0.015 0.027000000000000003
1 0.06775 0.34299999999999997 0.014500000000000002 0.0286667
1 0.677 0.0775 0.0215 0.023
1 0.501 0.2235 0.016 0.029666699999999997
1 0.6377500000000002 0.15133300000000002 0.020500000000000004 0.02
1 0.695125 0.523 0.02375 0.019333300000000005
1 0.71825 0.8933330000000003 0.0225 0.0213333
1 0.16237500000000002 0.771167 0.02025 0.021
1 0.048625 0.32150000000000006 0.01725 0.0236667
1 0.05674999999999999 0.49066700000000013 0.0245 0.02
1 0.767 0.7120000000000001 0.022 0.0166667
1 0.404125 0.253333 0.02175 0.018000000000000002
1 0.72625 0.911167 0.016 0.028333299999999995
1 0.9605 0.19400000000000003 0.015 0.03
1 0.870125 0.584667 0.015250000000000001 0.0306667
1 0.218 0.966167 0.016 0.0316667
1 0.448875 0.229167 0.015250000000000001 0.028333299999999995
1 0.032875 0.849833 0.01375 0.03300000000000001
1 0.12237499999999997 0.11150000000000002 0.019250000000000003 0.0256667
1 0.26175 0.207167 0.013000000000000001 0.0356667
1 0.79325 0.668333 0.022 0.02
1 0.068875 0.7603329999999998 0.02375 0.018000000000000002
1 0.7735 0.359833 0.0215 0.0203333
1 0.8917500000000003 0.699333 0.018499999999999996 0.021999999999999992
1 0.28987500000000005 0.6771670000000001 0.01625 0.029666699999999997
1 0.347875 0.6793330000000001 0.01725 0.0233333
1 0.836375 0.2615 0.01475 0.0276667
1 0.155375 0.852333 0.02275 0.02
1 0.569 0.41600000000000004 0.0235 0.020666699999999996
1 0.721375 0.408333 0.02075 0.018000000000000002
1 0.486375 0.769333 0.01475 0.029333299999999996
1 0.84575 0.781333 0.017500000000000005 0.0233333
1 0.78625 0.643667 0.014000000000000002 0.0286667
1 0.57475 0.4478329999999999 0.019 0.027000000000000003
1 0.425125 0.5133329999999999 0.01825 0.024666699999999996
1 0.8036526920521926 0.7369999999999994 0.013305384104385172 0.025999999999999964
1 0.726125 0.5055 0.01625 0.029000000000000005
1 0.06025 0.26416699999999993 0.013499999999999998 0.031
1 0.558875 0.436833 0.02125 0.0196667
1 0.162 0.5355 0.0165 0.0316667
1 0.504 0.09849999999999999 0.014500000000000002 0.03699999999999999
1 0.12875000000000003 0.3735 0.013499999999999998 0.029666699999999997
1 0.6115 0.157167 0.019 0.021
1 0.772875 0.106833 0.01675 0.0263333
1 0.353125 0.3185 0.01875 0.027000000000000003
1 0.8063749999999998 0.611 0.02125 0.0153333
1 0.321625 0.852333 0.022250000000000002 0.0173333
1 0.32062500000000005 0.5866669999999999 0.01775 0.0266667
1 0.5486249999999999 0.773333 0.01775 0.0233333
1 0.530375 0.429333 0.01825 0.0306667
1 0.71925 0.562667 0.019 0.021999999999999992
1 0.523625 0.212667 0.01975 0.024666699999999996
1 0.744875 0.8929999999999998 0.022250000000000002 0.018000000000000002
1 0.4487500000000001 0.560167 0.0115 0.0336667
1 0.723125 0.43450000000000005 0.01825 0.029666699999999997
1 0.104875 0.35333299999999995 0.014250000000000002 0.0313333
1 0.3786944615895614 0.849518882131269 0.015703692273625797 0.022713759562435588
1 0.33787500000000004 0.449667 0.01325 0.032
1 0.8863750000000001 0.659667 0.01975 0.0213333
1 0.047 0.512333 0.021 0.018000000000000002
1 0.9222499999999999 0.59 0.021 0.02
1 0.5046249999999999 0.535833 0.01775 0.023
1 0.395125 0.400333 0.02175 0.0213333
1 0.618 0.048 0.014000000000000002 0.0313333
1 0.541125 0.912333 0.023250000000000003 0.018666700000000005
1 0.8255 0.548 0.018 0.0233333
1 0.338375 0.6515 0.01575 0.0276667
1 0.19574999999999998 0.732167 0.024 0.0196667
1 0.730875 0.645 0.01875 0.0266667
1 0.292875 0.5615 0.01675 0.0276667
1 0.332375 0.300667 0.014250000000000002 0.0326667
1 0.445375 0.06083329999999999 0.01575 0.03633329999999999
1 0.335125 0.05383330000000001 0.01325 0.030333300000000004
1 0.26625 0.168667 0.020500000000000004 0.020666699999999996
1 0.543625 0.0348333 0.01875 0.0196667
1 0.48025000000000007 0.09266670000000002 0.021 0.0213333
1 0.390875 0.508833 0.014250000000000002 0.0316667
1 0.753 0.8241669999999999 0.023 0.0176667
1 0.6095000000000002 0.07516669999999999 0.014500000000000002 0.0336667
1 0.1905 0.966667 0.016 0.032
1 0.04746761545274862 0.05468588213126953 0.0197869227362568 0.024333300000000037
1 0.474375 0.06233330000000001 0.015250000000000001 0.032
1 0.7488749999999998 0.666167 0.01175 0.0316667
1 0.31375 0.948 0.0165 0.0313333
1 0.017 0.3073330000000001 0.020500000000000004 0.021999999999999992
1 0.7822499999999999 0.781833 0.020500000000000004 0.021666699999999997
1 0.897875 0.355833 0.02075 0.021
1 0.730125 0.713667 0.01975 0.021999999999999992
1 0.75075 0.9283329999999999 0.019499999999999997 0.025333300000000003
1 0.5641250000000001 0.29933299999999996 0.01875 0.0233333
1 0.601 0.2905 0.021 0.0203333
1 0.8806250000000001 0.34183299999999994 0.01475 0.029000000000000005
1 0.022750000000000003 0.545167 0.017500000000000005 0.030333300000000004
1 0.0545 0.382 0.020500000000000004 0.024
1 0.413 0.6693330000000001 0.02 0.022666699999999998
1 0.088625 0.236833 0.02175 0.0236667
1 0.17825 0.6971669999999999 0.0235 0.0163333
1 0.746625 0.0453333 0.02275 0.0213333
1 0.400125 0.148667 0.02025 0.026000000000000002
1 0.3875 0.270667 0.018499999999999996 0.0286667
1 0.282625 0.35649999999999993 0.01675 0.027000000000000003
1 0.543 0.306167 0.019499999999999997 0.0223333
1 0.11525 0.8988330000000001 0.023 0.0203333
1 0.705 0.29316699999999996 0.013000000000000001 0.030333300000000004
1 0.027250000000000007 0.326 0.021 0.022666699999999998
1 0.04724999999999999 0.827167 0.0225 0.0203333
1 0.6411249999999998 0.10599999999999998 0.01325 0.029333299999999996
1 0.833875 0.196 0.02275 0.021999999999999992
1 0.867375 0.3785 0.02375 0.0223333
1 0.015 0.444667 0.017500000000000005 0.025333300000000003
1 0.83125 0.704 0.022 0.021999999999999992
1 0.359125 0.05066670000000001 0.02125 0.022666699999999998
1 0.5115901049715861 0.07457222135466628 0.013363478459481985 0.02217599585474041
1 0.5254424911795857 0.07913786756005402 0.020208186938728813 0.020001878614079587
1 0.4900781640368104 0.18458255373210394 0.02118600243576406 0.02130634895847606
1 0.49529318002099837 0.2017580799333245 0.014015355457505395 0.02261081930287256
1 0.6432692585723352 0.20306255027772108 0.014015355457505487 0.027828700680458576
1 0.6303946878613707 0.22002066475487544 0.013689416958493645 0.01913223171781524
1 0.8855955868468741 0.14957926615746472 0.018252555944658126 0.02174117240660824
1 0.8710913236408514 0.19001784683375608 0.01792661744564648 0.024350113095401252
1 0.8968404650627798 0.20023619786486196 0.02183787943378765 0.018697408269683087
1 0.9064556507836268 0.2091500785515713 0.010430031968376155 0.026089406887929885
1 0.8624539534170398 0.21849878268641287 0.02151194093477581 0.02304564275100472
1 0.8026442388483827 0.24893642405566443 0.0068447084792468225 0.017827761373418734
1 0.6732466547407162 0.29176653369668265 0.014667232455528985 0.018262584821550867
1 0.6584164530356814 0.2878531226634931 0.017600678946634727 0.016523291029022263
1 0.40711787029761864 0.2850267702506341 0.02151194093477581 0.017827761373418734
1 0.4020658235629365 0.29676700335020256 0.026401018419952137 0.016088467580890137
1 0.03291978840018721 0.4346060364080987 0.011733785964423163 0.01521882068462576
1 0.6385431503366644 0.4992629378883637 0.009481847243978374 0.024903524756660314
1 0.626987149008066 0.4990652908664854 0.017778463582459422 0.01976470218782569
1 0.7493622400006611 0.3962888394897919 0.01896369448795656 0.017392937925286546
1 0.7431397777468003 0.40972883697751344 0.02074154084620254 0.01502117366274753
1 0.7598811642869495 0.4122982482619306 0.016296924950587828 0.013044703443964974
1 0.7472880859160408 0.41822765891827834 0.02014892539345388 0.013044703443964974
1 0.7441768547891106 0.4255405987277738 0.019852617667079592 0.013439997487721497
1 0.7890674753348201 0.36387472790175773 0.018371079035207995 0.01660234983777356
1 0.9148115286673825 0.35616649404850587 0.01748215585608496 0.017788231969043077
1 0.9392569160932639 0.5700205717207796 0.022519387204448522 0.014625879618990945
1 0.7319896614944256 0.5465005761172672 0.012148616781347203 0.028461171150468964
1 0.7392492007905963 0.5573711623205713 0.01007446269672694 0.02569411284417336
1 0.7315451999048638 0.627931149131109 0.01955630994070522 0.012649409400208513
1 0.07141016205621165 0.581088804945962 0.012444924507721535 0.033599993719303584
1 0.030816003542929512 0.5915640971055096 0.018963694487956623 0.0166023498377735
1 0.024593541289068748 0.6012488011775442 0.02251938720444849 0.022531760494121294
1 0.009037385654416828 0.6927593723071772 0.01629692495058772 0.015811761750260455
1 0.1714140197075454 0.7091640751230723 0.022223079478074167 0.018578820056556183
1 0.6161719169954032 0.765098182314619 0.013926463139593184 0.0221364664503647
1 0.6087642238360451 0.7700393578615754 0.009778154970352657 0.028065877106712503
1 0.5745406814398109 0.8085805271278356 0.014222770865967467 0.025298818800416775
1 0.5238720602298018 0.7791311208679752 0.024297233562694406 0.016997643881529963
1 0.5080195968687756 0.781305238108636 0.01392646313959309 0.027670583062955917
1 0.4967599032665514 0.7870370017431055 0.011556001328598544 0.028856465194225425
1 0.5225386754611174 0.7698417108396973 0.020445233119828255 0.011858821312695465
1 0.5503916017403037 0.7431593628861326 0.01629692495058773 0.019369408144069105
1 0.8132165550343277 0.738218187339176 0.009185539517603997 0.02450823071290385
1 0.864883676773309 0.8362511101907915 0.009481847243978186 0.022136466450364826
1 0.7819175133884988 0.9170887421389984 0.02014892539345388 0.018578820056556183
1 0.7756950511346381 0.9382369734799718 0.011259693602224261 0.026089406887929947
1 0.4291631651398682 0.8284423850096733 0.01629692495058773 0.02450823071290385
1 0.41671824063214663 0.8377317950379513 0.012741232234095866 0.029647053281738472
1 0.3470859249341809 0.8387200301473424 0.016889540403336345 0.015811761750260576
1 0.24426714388229098 0.7873318044589959 0.018667386761582277 0.013439997487721433
1 0.1875242142816083 0.8525553216788204 0.020148925393453903 0.01739293792528667
1 0.14915236371613352 0.8715294357791332 0.013926463139593137 0.027670583062955917
1 0.12426251470069051 0.8650070840571505 0.020445233119828207 0.016997643881530085
