0 0.35975 0.838833 0.01 0.019
0 0.24949999999999994 0.552333 0.018 0.025333300000000003
0 0.4040000000000001 0.21866699999999997 0.0165 0.022666699999999998
0 0.773 0.405667 0.018 0.018666700000000005
0 0.389875 0.9171669999999998 0.027249999999999996 0.021666699999999997
0 0.7597005970467388 0.39812361158589077 0.022250000000000002 0.0176667
0 0.16689146765108695 0.40502169420705464 0.012085323489129505 0.03323281585890761
2 0.321625 0.8815 0.019250000000000003 0.0196667
0 0.40287500000000004 0.9505 0.014250000000000002 0.0263333
2 0.18352619409347765 0.8430000000000001 0.01805238818695508 0.019999999999999976
0 0.6539622014766308 0.5302971652423278 0.022377985233693772 0.01549107986807529
0 0.016440870604348283 0.10888445868941803 0.015250000000000001 0.03246449848007151
0 0.039832338255435355 0.8124127065529092 0.015335323489129304 0.030884675308290824
0 0.8315 0.387167 0.02 0.018333300000000004
0 0.65075 0.769167 0.017 0.025
0 0.37237500000000007 0.851667 0.01225 0.016
0 0.7209951367788046 0.6116236115858906 0.016029179327171687 0.031566115858907826
0 0.65375 0.135833 0.0165 0.029666699999999997
0 0.8800658706043484 0.9028985992400359 0.015368258791303428 0.026464498480071385
0 0.2377103234891292 0.27534762393174583 0.023420646978258863 0.01736194786349135
0 0.8048963308722825 0.4161306818611996 0.017292661744564494 0.02092806372239907
1 0.40875 0.4655 0.02 0.0223333
0 0.44172192791902115 0.6377103884141093 0.016660920535867842 0.03452272744479837
0 0.3367451367788049 0.236833 0.019990273557609378 0.01766669999999999
0 0.3428798632211951 0.2602976818611996 0.013437885370654094 0.026738636277600963
0 0.3978749999999999 0.928833 0.01775 0.03300000000000001
0 0.4054127985233695 0.8350216942070535 0.02386450281630042 0.021116357929455997
0 0.40362500000000007 0.257 0.022250000000000002 0.020666699999999996
0 0.8201511940934779 0.6073329999999999 0.021519452884780858 0.021362981101235346
1 0.42274999999999996 0.9034999999999997 0.02 0.019
0 0.33675 0.875167 0.0155 0.0203333
0 0.0439505970467388 0.8306372355176365 0.018901194093477566 0.02605822896472647
0 0.8088847264423904 0.2560650826211638 0.01625 0.0276667
1 0.5935000000000001 0.225833 0.021 0.0163333
0 0.6005591293956517 0.37910191737883614 0.016447611813044844 0.024840253656436943
0 0.5161627985233694 0.5626886942070549 0.020345049931519806 0.03085602744479826
0 0.6023749999999999 0.2095 0.02175 0.015666699999999995
0 0.09535853234891287 0.5354712355176364 0.0165 0.028304752136508435
0 0.49319573382554366 0.7970499420705458 0.0153914676510869 0.02610058414109313
0 0.703125 0.559833 0.01175 0.0223333
0 0.75625 0.623333 0.013000000000000001 0.021999999999999992
0 0.15075 0.246333 0.017500000000000005 0.0313333
0 0.5707335323489129 0.5211670000000003 0.016920646978258683 0.02894280427301643
0 0.5360755970467387 0.47681130579294523 0.01800000000000001 0.015390495726983098
0 0.098 0.68 0.020500000000000004 0.022666699999999998
0 0.358375 0.556667 0.01825 0.0233333
0 0.802625 0.610333 0.015250000000000001 0.029333299999999996
0 0.6228255970467387 0.5239495413105821 0.017538905769562116 0.03326136372239865
0 0.01871706469782586 0.4880504586894181 0.01656587060434828 0.01969524786349139
0 0.7349738059065225 0.5493042355176365 0.015947611813044438 0.02127517103527309
0 0.42975 0.918833 0.020500000000000004 0.0336667
0 0.727919539732066 0.2051669999999998 0.021160920535868346 0.01899999999999999
0 0.7833042661744571 0.41637638841410946 0.014240273557608813 0.024260330484655226
0 0.105 0.8655000000000002 0.014500000000000002 0.0316667
0 0.649875 0.11333299999999999 0.01875 0.0286667
0 0.07602619409347758 0.19751514055061772 0.017618258791303434 0.03300000000000006
0 0.6579999999999999 0.513667 0.017 0.029333299999999996
0 0.8439341293956514 0.1549278471035273 0.02158532348912978 0.018492113105819295
0 0.082125 0.595333 0.02375 0.020666699999999996
0 0.2743750000000001 0.5726957644823635 0.019250000000000034 0.025247556409525095
0 0.40811339557010823 0.4876957644823634 0.018792661744564735 0.02652169420705468
0 0.8553255970467388 0.8739636818612 0.0241511940934774 0.018594663722398874
0 0.585733532348913 0.3636453057929454 0.019052388186955097 0.024043388414109225
0 0.501875 0.785 0.01875 0.0313333
0 0.7368682587913037 0.3982023181388004 0.022236517582606728 0.01840533627760059
0 0.6185377985233695 0.21215892972469114 0.01857559704673838 0.020665666762256313
0 0.843125 0.3660000000000001 0.01725 0.0233333
0 0.25148839557010816 0.23133300000000007 0.01947679114021644 0.01999999999999998
0 0.323125 0.0921667 0.01875 0.021
0 0.38878293530217417 0.3626811405506177 0.019065870604348282 0.03202958110123551
1 0.730625 0.877167 0.02025 0.021666699999999997
0 0.4025 0.385167 0.012 0.028333299999999995
0 0.040624999999999994 0.8746670000000001 0.01325 0.03
0 0.7074670646978258 0.46826791737883594 0.024499999999999994 0.015493146343563267
1 0.4187170646978259 0.9467391528964727 0.019065870604348126 0.024492113105819183
0 0.7686841293956519 0.43897830579294544 0.018217064697825854 0.025173553656436726
0 0.23078779852336934 0.3527825413105821 0.017509726442390273 0.03217458689418063
0 0.89425 0.883 0.019 0.02
0 0.333875 0.257 0.01775 0.029333299999999996
1 0.40058233825543527 0.402601917378836 0.01783532348912913 0.027203134757672425
0 0.17186339557010819 0.32183299999999987 0.018726791140216404 0.020333299999999988
1 0.3775 0.837167 0.014000000000000002 0.0263333
0 0.8484176617445647 0.8135065536564369 0.01725 0.032
1 0.815125 0.30099999999999993 0.01625 0.0273333
0 0.7150542661744566 0.913333 0.02384504993151989 0.019999999999999987
0 0.824830460267934 0.5864712355176369 0.01966092053586777 0.023724828964727454
0 0.9860164676510864 0.4211155413105818 0.022052388186956297 0.019738636277600977
0 0.182375 0.8215 0.01875 0.018333300000000004
0 0.3785920646978261 0.4684197768282183 0.014401194093477822 0.030493146343562826
0 0.8185707338255428 0.2784278471035273 0.023312114629343735 0.016158713105819286
1 0.70975 0.8225 0.0155 0.028333299999999995
0 0.5805426617445647 0.14313068186119968 0.024302388186955154 0.018405336277600735
1 0.7299835323489128 0.5309848594493825 0.01575 0.024666699999999996
0 0.25812499999999994 0.6695 0.02175 0.0176667
0 0.8533750000000002 0.517833 0.01625 0.021
0 0.4940542661744558 0.2545802231717815 0.02419385583804369 0.01982644634356317
0 0.41025 0.337667 0.018 0.026000000000000002
0 0.6343914676510871 0.146167 0.023519452884781175 0.02299999999999999
0 0.012993258791303443 0.466333 0.024986517582606886 0.015999999999999986
0 0.22302133087228218 0.40441977682821845 0.016193855838042504 0.03460950427301687
0 0.402625 0.236167 0.01725 0.029666699999999997
2 0.31775 0.9188552108259264 0.016499999999999994 0.03371112165185333
0 0.5797994029532616 0.2204132231717815 0.017098805906522012 0.026826446343563185
0 0.2788091293956516 0.3623042355176367 0.01811825879130373 0.027391528964727137
0 0.8324786691277173 0.3156669999999998 0.020910920535867607 0.017999999999999995
0 0.4700000000000001 0.823667 0.020500000000000004 0.016
0 0.24212500000000003 0.7001670000000001 0.014250000000000002 0.0336667
1 0.6999030720809788 0.518833 0.021693855838042234 0.013666699999999999
0 0.11425 0.5833330000000001 0.015 0.0313333
0 0.33259692791902107 0.6255000000000001 0.02219385583804239 0.0183333
0 0.2068749999999999 0.2975585289647269 0.02074999999999984 0.02511635792945388
1 0.2710920646978258 0.640667 0.025137711676084525 0.021333300000000003
0 0.3858750000000001 0.177667 0.01825 0.0333333
0 0.9661249999999998 0.40183300000000005 0.019250000000000003 0.027000000000000003
0 0.805 0.592667 0.018 0.0266667
1 0.186125 0.417167 0.01625 0.030333300000000004
0 0.676875 0.9255 0.01875 0.0203333
0 0.9293914676510879 0.594384458689418 0.013697611813043385 0.02949211310581928
0 0.358125 0.8395 0.01625 0.0276667
0 0.14248165436141158 0.3055938471035274 0.021160920535868218 0.017825413105818946
0 0.04950000000000001 0.711 0.018 0.019333300000000005
0 0.22949999999999998 0.929667 0.017500000000000005 0.034666699999999995
0 0.3303749999999998 0.3030802231717815 0.021749999999999988 0.020159746343562986
0 0.8658749999999997 0.3461957644823635 0.015381741208696563 0.029898382621164024
0 0.6692994029532613 0.12213068186119963 0.021249999999999988 0.02026136372239919
0 0.654625 0.8711670000000002 0.01825 0.0236667
1 0.250875 0.38583300000000004 0.01625 0.0316667
0 0.7251579353021742 0.18799999999999997 0.0216841293956518 0.013333300000000001
0 0.29875 0.572833 0.02 0.027000000000000003
0 0.299125 0.25299999999999995 0.01775 0.025333300000000003
0 0.518625 0.524833 0.02125 0.021
0 0.5172122014766306 0.4111669999999999 0.02322679114021636 0.020333299999999988
0 0.38262500000000005 0.657667 0.01725 0.038666700000000005
0 0.44275 0.8169999999999997 0.015 0.0273333
0 0.057249999999999995 0.6783330000000001 0.017 0.022666699999999998
0 0.25435179114021633 0.4874349173788363 0.01975 0.0313333
0 0.6585920646978259 0.21883299999999997 0.021184129395651813 0.021666699999999997
0 0.6572286691277178 0.24843491737883613 0.020042661744564656 0.020869834757672397
0 0.9051036691277176 0.7705 0.02179266174456417 0.0203333
0 0.5538207338255436 0.725406152896472 0.020443855838042334 0.031421110065963334
0 0.08962500000000001 0.624167 0.01375 0.0263333
0 0.7854786691277172 0.6766084710352732 0.020910920535867263 0.022666699999999994
0 0.3707713308722823 0.5679783057929453 0.015240273557609494 0.03004338841410923
0 0.525766467651087 0.8427103884141067 0.02935477637391001 0.023333299999999967
0 0.8757616044298915 0.3893763884141087 0.023996244024996248 0.021333299999999996
0 0.6551249999999998 0.923833 0.01475 0.0256667
0 0.461625 0.705833 0.01675 0.0276667
0 0.40612500000000007 0.551667 0.019250000000000003 0.0333333
0 0.46087500000000003 0.16166700000000003 0.01625 0.0286667
0 0.854391467651087 0.32209384710352723 0.016782935302174153 0.029318559449382487
0 0.5698750000000001 0.4806670000000001 0.01775 0.03
0 0.21387499999999998 0.6273329999999999 0.01825 0.034
0 0.39912986322119515 0.6017320826211638 0.024496244024997484 0.020506853656437053
0 0.450375 0.6843330000000002 0.01825 0.019333300000000005
0 0.098 0.9563330000000001 0.018499999999999996 0.032
0 0.5843372014766306 0.5558329999999999 0.021042661744564647 0.022072969515344897
0 0.7845658706043486 0.23649999999999985 0.020868258791303596 0.0183333
0 0.686875 0.22826791737883603 0.017749999999999995 0.031203134757672415
0 0.7145 0.214667 0.015 0.029333299999999996
0 0.870625 0.471667 0.01825 0.03
0 0.6920658706043483 0.582667 0.02236825879130343 0.017333299999999992
0 0.34980426617445665 0.9046957644823627 0.01967440295326157 0.026667733237745295
0 0.705125 0.8483329999999999 0.014250000000000002 0.0306667
0 0.845875 0.578 0.01575 0.0326667
0 0.42987499999999995 0.4727462231717816 0.02275 0.018333300000000004
1 0.5977499999999999 0.93 0.014000000000000002 0.032
0 0.473375 0.646833 0.015250000000000001 0.0356667
0 0.278 0.8839132231717812 0.021999999999999992 0.02382644634356346
0 0.8579079353021731 0.8409783057929454 0.02318412939565187 0.017869834757672273
0 0.6658750000000001 0.6365000000000001 0.01725 0.0276667
0 0.7340000000000001 0.794833 0.017500000000000005 0.029666699999999997
0 0.525625 0.619 0.01625 0.021999999999999992
0 0.3869341293956519 0.49489152896472655 0.022868258791303105 0.021783057929454473
0 0.70625 0.6955 0.018499999999999996 0.0223333
0 0.545950597046739 0.3085216942070547 0.020552388186955272 0.02860950427301681
1 0.6346249999999999 0.576667 0.01775 0.0233333
0 0.3589341293956516 0.3502028347576723 0.016 0.030927030484655428
0 0.4940707338255435 0.17265237606825412 0.02122679114021645 0.024638052136508663
0 0.42137500000000006 0.43866700000000003 0.02025 0.019333300000000005
0 0.13750000000000004 0.278 0.016 0.032
0 0.8043091293956518 0.7996084710352733 0.01725 0.0266667
0 0.43936339557010823 0.5043627644823634 0.027160920535867984 0.018638052136508654
0 0.67375 0.8661670000000001 0.020500000000000004 0.017
0 0.810625 0.6739999999999999 0.01675 0.036000000000000004
0 0.40625 0.813 0.017 0.032
0 0.541 0.9545216942070547 0.015499999999999993 0.029970418898764555
0 0.23734841498035966 0.2905707692143193 0.024380199726079237 0.017697314338979066
1 0.12656191916626428 0.2955929800402457 0.02151194093477581 0.022002066475487515
2 0.13839348668039098 0.33074845582173124 0.013624229258691356 0.01961053751076065
0 0.21117555350971576 0.32955269133936765 0.01577542335216893 0.03348140550617668
0 0.2626249455787213 0.3264437036852227 0.014699826305430095 0.02917665336966824
0 0.5261814123632356 0.13417171035517717 0.02473873207499219 0.020088843303706
0 0.666367560788191 0.07199195727227761 0.01685102039890762 0.037307851849739754
1 0.659017647635476 0.11193049098321695 0.015058358654343048 0.02630681861199596
0 0.6140218378469035 0.23557253845959802 0.01756808509673362 0.024871901233159827
0 0.7524153245272943 0.21739691832767352 0.021153408585862857 0.024871901233159854
0 0.8232435519859256 0.31521045298500394 0.003585323489129239 0.0004783057929454107
0 0.7120985238229173 0.4429180997014208 0.01792661744564648 0.01961053751076065
2 0.40949722134040434 0.31473214719205855 0.03226791140216367 0.021523760682542203
2 0.2522807863420846 0.40752347102346254 0.016851020398907717 0.012914256409525275
0 0.09393547541518765 0.5591464073871485 0.02294607033042752 0.014827479581306858
2 0.2384240120270984 0.5656035355919111 0.025814329121730952 0.013392562202470686
1 0.3911587926640066 0.6189346315053212 0.022229005632601665 0.019610537510760587
0 0.5903235124851391 0.572778122486092 0.018285149794559422 0.016262396960142964
0 0.6568312632084878 0.5438406220128962 0.02151194093477581 0.01865392592486989
0 0.7640324355334539 0.6021939287522328 0.020077811539124094 0.016740702753088373
1 0.8402738385592897 0.5589072544906757 0.019719279190211235 0.022002066475487584
0 0.8331031915810311 0.5507760560106043 0.011114502816300855 0.024871901233159792
3 0.8236020843348386 0.5550808081471127 0.015058358654343048 0.02295867806137821
0 0.9150278333076356 0.6009981642698693 0.02222900563260171 0.022002066475487515
2 0.4962620497773335 0.8119310189587826 0.00788771167608438 0.01721900854603366
1 0.4103935522126867 0.9262461034727287 0.009680373420649048 0.023915289647269033
0 0.3804561010784571 0.932942384573964 0.020077811539124045 0.012435950616579927
1 0.22503232782470195 0.9037657312042959 0.01254863221195257 0.02487190123315973
