1 0.170703 0.390625 0.0492188 0.06875
2 0.780469 0.434896 0.0578125 0.065625
2 0.3 0.267708 0.03125 0.06875
1 0.351562 0.34166699999999994 0.0328125 0.0791667
0 0.24726600000000004 0.395833 0.0335938 0.0708333
0 0.355078 0.558854 0.0664062 0.034375
0 0.19609400000000002 0.364062 0.028125 0.07187499999999998
1 0.593359 0.609375 0.0632813 0.04375
1 0.577734 0.493229 0.0726563 0.053125
1 0.41875 0.578125 0.0546875 0.06875
0 0.587109 0.453125 0.0632813 0.0375
0 0.21875 0.139062 0.059375 0.0447917
0 0.16484400000000002 0.492188 0.0671875 0.046875
0 0.170312 0.31562500000000004 0.0265625 0.075
0 0.457422 0.721875 0.0539063 0.0645833
0 0.417578 0.74375 0.0648438 0.05625
0 0.38710899999999987 0.698958 0.0617188 0.0416667
1 0.261328 0.254687 0.0460938 0.0697917
0 0.214844 0.42031199999999996 0.0328125 0.0822917
1 0.11601599999999998 0.34479199999999993 0.0367187 0.0791667
0 0.494922 0.708333 0.0585938 0.0479167
0 0.307813 0.0744792 0.0609375 0.053125
0 0.166797 0.441667 0.0648438 0.05
0 0.333203 0.23385399999999998 0.0632813 0.0385417
0 0.274219 0.417188 0.059375 0.065625
0 0.7679690000000001 0.55 0.0390625 0.0645833
0 0.22851600000000002 0.639583 0.0539063 0.0625
0 0.303906 0.346354 0.0421875 0.0697917
0 0.33046899999999996 0.446875 0.053125 0.0708333
0 0.46406299999999995 0.25833300000000003 0.0578125 0.0625
0 0.440234 0.8630210000000001 0.0617188 0.05937499999999999
0 0.448828 0.653125 0.0554687 0.07291669999999999
0 0.5230470000000002 0.606771 0.0445312 0.0677083
0 0.379297 0.315104 0.0601562 0.065625
0 0.645703 0.78125 0.0757812 0.05
0 0.563672 0.69375 0.0695312 0.04375
0 0.3246089999999999 0.692708 0.0492188 0.06875
2 0.4522731949105493 0.32549861633100713 0.023172915618261257 0.08858763840219669
2 0.5452697641680451 0.5636286902011322 0.059151916183456325 0.02356918819874955
