0 0.2074304765408334 0.52514633846187 0.05915446158645264 0.06688079739973662
1 0.2896451519660727 0.6776345565332698 0.04110733771261963 0.10165881204759966
0 0.32473678172074805 0.8334668144746559 0.06717540553037843 0.041466094387836716
0 0.3282459446962156 0.6361684621454328 0.04010471971962893 0.07758172498369445
0 0.37436637237378884 0.6401813099894169 0.03809948373364748 0.07758172498369445
2 0.473124244683375 0.5759757444856699 0.06918064151635984 0.09095788446364182
0 0.4741268626763657 0.600052831549575 0.04311257369860109 0.06688079739973656
1 0.5087171834345456 0.6609143571833352 0.04612042767757319 0.06286794955575238
0 0.5312760882768369 0.592695943835604 0.05514398961448976 0.04949179007580514
0 0.6390575225233395 0.6448629658073984 0.03208377577570307 0.08694503661965758
0 0.6205090896530112 0.8929907241604214 0.03709686574065672 0.06955602929572609
0 0.835069340153026 0.8174154230987188 0.051133517642526854 0.04681655817981552
1 0.7097420910291856 0.7284639625570692 0.065170169544397 0.04547894223182088
1 0.787946294482462 0.6268051505094696 0.05915446158645267 0.040128478439842075
1 0.7117473270151672 0.6522198535213696 0.05514398961448976 0.06420556550374715
0 0.6004567297931969 0.7083997233371483 0.04110733771261963 0.0936331163596313
2 0.6410627585093209 0.5378536899678198 0.036094247747666064 0.07624410903569968
0 0.7869436764894714 0.5452105776817909 0.06115969757243407 0.06420556550374715
1 0.7187656529661021 0.532503226175841 0.05514398961448966 0.04681655817981565
1 0.7092407820326901 0.47632335636006234 0.04210995570561039 0.0708936452437208
2 0.7292931418925046 0.4662912367501017 0.026068067817758854 0.13108636290348377
0 0.7704004796051244 0.43218203007623607 0.06416755155140623 0.044141326283826186
0 0.4701163907044028 0.48568666799602533 0.041107337712619735 0.07624410903569968
0 0.4219907270408481 0.4676288526980965 0.04511780968458254 0.09363311635963126
1 0.49367791353968477 0.4241563343882676 0.03208377577570316 0.06554318145174184
2 0.4866595875887498 0.3846966639224231 0.04210995570561039 0.05885510171176819
1 0.40193836718103365 0.3599507688845205 0.04110733771261963 0.08962026851564707
1 0.30167656788196145 0.16131480060730272 0.04511780968458254 0.0668807973997366
1 0.4129671651039316 0.29975805122475757 0.03509162975467532 0.09497073230762601
1 0.4816464976237962 0.2656488445508919 0.03809948373364748 0.07490649308770497
1 0.7132512540046531 0.12586797798544233 0.036094247747666064 0.08159457282767864
1 0.7292931418925047 0.20880016676111576 0.03809948373364748 0.06286794955575238
3 0.6360496685443675 0.32316633031466535 0.04210995570561028 0.045478942231820946
0 0.6290313425934323 0.390047127714402 0.05013089964953609 0.07758172498369452
0 0.6144933816950668 0.1626524165552975 0.05915446158645267 0.06688079739973664
1 0.5192446723609482 0.1459322172053633 0.05514398961448976 0.052167021971794555
0 0.4756307896658518 0.10446612281752664 0.06416755155140633 0.054842253867784005
0 0.4565810477990281 0.2375589096430025 0.046120427677573295 0.04815417412781036
0 0.44805879485860683 0.3064461309647312 0.031081157782712414 0.08694503661965758
0 0.7623795356611985 0.31112778678271275 0.06216231556542483 0.06153033360775767
0 0.7353088498504491 0.2709993083428708 0.036094247747666064 0.07758172498369445
0 0.7668913166296568 0.14726983315335807 0.04912828165654535 0.06554318145174191
0 0.5059098530541717 0.29327145523741416 0.05293823002991019 0.0750402546825045
