0 0.27725 0.848 0.018 0.0233333
2 0.4173497088481736 0.12230115004580529 0.02369941769634754 0.027935600091610727
0 0.7175 0.508333 0.023 0.018666700000000005
0 0.7248750000000002 0.475833 0.022250000000000002 0.0203333
0 0.721625 0.4275 0.01575 0.029000000000000005
2 0.47342449048430413 0.32908371877862813 0.022348980968607827 0.027831862442743
0 0.882 0.42816700000000013 0.024 0.015
0 0.689625 0.48100000000000004 0.01625 0.0266667
1 0.5458504367277394 0.07001684375572566 0.014750727879565854 0.03530546271757535
0 0.416875 0.0435 0.015250000000000001 0.0223333
3 0.4745 0.9070000000000001 0.016 0.021999999999999992
2 0.670375 0.206167 0.01675 0.0196667
0 0.22474999999999998 0.686667 0.013499999999999998 0.03
0 0.230125 0.9060000000000001 0.02575 0.019333300000000005
0 0.68475 0.742833 0.014000000000000002 0.021
0 0.53275 0.17333300000000001 0.020500000000000004 0.0173333
0 0.5673749999999999 0.351333 0.01675 0.018666700000000005
1 0.7403749999999999 0.441333 0.01475 0.020666699999999996
0 0.5682500000000001 0.6399999999999999 0.0155 0.0273333
2 0.40525 0.774167 0.0125 0.025
0 0.831125 0.730667 0.02175 0.018666700000000005
0 0.745125 0.973833 0.01675 0.021
0 0.863125 0.616833 0.01575 0.027000000000000003
0 0.5675 0.889333 0.0215 0.016
0 0.314265784746542 0.9063844117240695 0.009727815497033748 0.025928345514504594
0 0.415375 0.7864999999999999 0.01775 0.029666699999999997
0 0.9583750000000001 0.237 0.01975 0.022666699999999998
0 0.7929999999999999 0.6431669999999999 0.02 0.019
0 0.535625 0.059166699999999996 0.01325 0.030333300000000004
0 0.37549999999999994 0.386667 0.016 0.020666699999999996
0 0.486375 0.256167 0.014250000000000002 0.028333299999999995
0 0.546 0.04416670000000001 0.0215 0.0163333
0 0.181875 0.687333 0.014250000000000002 0.0273333
0 0.9932500000000001 0.525667 0.013499999999999998 0.018666700000000005
0 0.197625 0.666 0.01975 0.022666699999999998
1 0.43287499999999995 0.46183300000000005 0.022250000000000002 0.0223333
1 0.741 0.5375 0.023 0.0176667
0 0.87975 0.126333 0.021 0.019333300000000005
0 0.6286249999999999 0.921167 0.01325 0.0316667
0 0.5308750000000001 0.33083299999999993 0.01575 0.0276667
0 0.695875 0.503167 0.02175 0.018333300000000004
0 0.3037500000000001 0.608167 0.018 0.029666699999999997
0 0.43487500000000007 0.8055 0.01725 0.027000000000000003
0 0.7490000000000001 0.875833 0.017 0.0196667
0 0.9147499999999998 0.367167 0.021 0.021666699999999997
0 0.51825 0.177 0.014000000000000002 0.0286667
0 0.23237499999999997 0.6515000000000001 0.015250000000000001 0.023
0 0.962375 0.5355 0.01825 0.021666699999999997
0 0.72625 0.7715 0.02 0.021
0 0.76075 0.381833 0.0225 0.021
0 0.69725 0.163 0.0215 0.019333300000000005
0 0.7765 0.07116670000000001 0.014000000000000002 0.029666699999999997
0 0.9431378275458044 0.27466699999999983 0.013775655091609692 0.026000000000000002
1 0.12065187699802356 0.25286964689626457 0.022518769980235075 0.023739293792528215
0 0.38075 0.25749999999999995 0.019 0.0243333
0 0.35600000000000004 0.816667 0.0155 0.0266667
0 0.24250000000000005 0.037 0.015 0.0333333
0 0.8951249999999998 0.17366700000000002 0.01775 0.0233333
0 0.392125 0.231667 0.01325 0.034666699999999995
0 0.31412499999999993 0.9258330000000001 0.01875 0.017
0 0.519375 0.314167 0.015250000000000001 0.0276667
0 0.265125 0.250833 0.01575 0.028333299999999995
0 0.7304999999999999 0.634 0.024 0.018666700000000005
0 0.675625 0.475 0.01825 0.022666699999999998
0 0.653625 0.8034999999999998 0.01375 0.030333300000000004
0 0.046875 0.762167 0.02075 0.0203333
1 0.44037499999999996 0.8175 0.01575 0.031
0 0.7909999999999997 0.07776756253435402 0.017000000000000008 0.033535025068707994
0 0.715125 0.894 0.014250000000000002 0.021999999999999992
1 0.58675 0.581333 0.018499999999999996 0.026000000000000002
0 0.5342499999999999 0.785 0.015 0.03
0 0.943125 0.2285 0.01875 0.0276667
0 0.788125 0.630833 0.015250000000000001 0.028333299999999995
1 0.6735 0.743833 0.0155 0.0256667
0 0.481125 0.278167 0.014250000000000002 0.0223333
0 0.294375 0.953 0.01825 0.0273333
2 0.12612499999999996 0.206667 0.02025 0.0166667
0 0.24324999999999997 0.9465 0.019 0.018333300000000004
0 0.9391249999999998 0.1515 0.01575 0.0236667
0 0.77475 0.607 0.024 0.018666700000000005
0 0.9735 0.4195 0.0235 0.019
0 0.45087500000000014 0.06816669999999998 0.01775 0.0323333
2 0.7408123180301084 0.34391771877862837 0.020124636060217447 0.02716813755725667
0 0.5976249999999999 0.206667 0.01475 0.0266667
1 0.305625 0.6466669999999999 0.015250000000000001 0.0306667
0 0.278875 0.23799999999999996 0.01875 0.0266667
0 0.253125 0.8245 0.02175 0.0203333
0 0.803125 0.5263329999999999 0.02175 0.020666699999999996
0 0.310875 0.9419999999999998 0.01725 0.0233333
0 0.833125 0.7093329999999999 0.02025 0.02
0 0.507375 0.457 0.01675 0.0313333
0 0.579 0.7681669999999999 0.0265 0.0196667
1 0.5833750000000001 0.888333 0.01475 0.024666699999999996
1 0.5788750000000001 0.0771667 0.02075 0.0196667
0 0.38087499999999996 0.7845 0.015250000000000001 0.030333300000000004
0 0.463 0.0561667 0.018 0.0223333
0 0.9687499999999999 0.987333 0.019 0.025333300000000003
0 0.98025 0.542 0.02 0.026000000000000002
0 0.741 0.2455 0.017 0.0256667
0 0.500875 0.154167 0.014250000000000002 0.029000000000000005
0 0.6555 0.482 0.018 0.028000000000000008
0 0.269375 0.816 0.015250000000000001 0.0233333
0 0.9548750000000001 0.549 0.02025 0.024
1 0.6082499999999998 0.866 0.021 0.02
1 0.441625 0.557167 0.02175 0.017
0 0.280875 0.811167 0.02075 0.021666699999999997
0 0.030875000000000003 0.507 0.01775 0.0266667
0 0.331 0.570333 0.018 0.0286667
0 0.3615 0.256333 0.0215 0.020666699999999996
0 0.65775 0.3685 0.0225 0.0196667
0 0.4707500000000001 0.796333 0.023 0.018666700000000005
0 0.902 0.5433329999999998 0.0225 0.018000000000000002
0 0.138375 0.852667 0.01625 0.0306667
0 0.6341250000000002 0.823667 0.014250000000000002 0.0313333
0 0.69875 0.570667 0.017500000000000005 0.022666699999999998
0 0.65925 0.7810000000000001 0.017 0.024
0 0.773125 0.347667 0.01625 0.028000000000000008
0 0.4215 0.347333 0.014000000000000002 0.028000000000000008
0 0.03625 0.887333 0.019 0.0266667
0 0.9058750000000001 0.0893333 0.01675 0.029333299999999996
0 0.409 0.247167 0.025 0.019
0 0.68625 0.6013330000000001 0.0155 0.0306667
0 0.6314999999999998 0.10933299999999999 0.023 0.019333300000000005
0 0.6345 0.6505 0.020500000000000004 0.0223333
0 0.3885 0.272667 0.016 0.0313333
0 0.18025 0.6403329999999999 0.017 0.0233333
0 0.5688750000000001 0.0665 0.019250000000000003 0.019
0 0.2956250000000001 0.19416700000000003 0.01625 0.027000000000000003
0 0.75125 0.6888330000000003 0.0165 0.025
0 0.8751249999999999 0.239833 0.023250000000000003 0.0196667
0 0.91025 0.2735 0.0155 0.030333300000000004
0 0.0285 0.669667 0.017 0.03
0 0.30887500000000007 0.330667 0.022250000000000002 0.020666699999999996
0 0.3955 0.514667 0.018 0.024
0 0.384 0.522833 0.020500000000000004 0.0223333
0 0.605625 0.274333 0.022250000000000002 0.019333300000000005
0 0.312875 0.214667 0.014250000000000002 0.0326667
0 0.3 0.889167 0.0225 0.0236667
0 0.797625 0.577333 0.01475 0.0333333
0 0.83 0.52 0.018499999999999996 0.025333300000000003
0 0.14712499999999998 0.0881667 0.022250000000000002 0.0203333
0 0.294125 0.734833 0.015250000000000001 0.028333299999999995
0 0.7751249999999998 0.394167 0.02375 0.021666699999999997
0 0.7575 0.622667 0.019 0.018000000000000002
0 0.48225000000000007 0.342 0.024 0.0173333
1 0.07075 0.19783300000000004 0.0125 0.03300000000000001
0 0.6332499999999999 0.2205 0.0225 0.0196667
0 0.26625 0.201 0.017500000000000005 0.029333299999999996
0 0.7835 0.838 0.0215 0.022666699999999998
0 0.43412500000000004 0.352667 0.015250000000000001 0.034
0 0.8893750000000001 0.514 0.014250000000000002 0.0333333
0 0.444625 0.850667 0.02125 0.018666700000000005
0 0.5806249999999998 0.2155 0.015250000000000001 0.029000000000000005
1 0.5039999999999999 0.204 0.018 0.022666699999999998
0 0.43075 0.862667 0.016 0.026000000000000002
0 0.816875 0.586833 0.02175 0.021
0 0.455625 0.347333 0.01375 0.0313333
0 0.751375 0.3125 0.022250000000000002 0.0196667
0 0.340625 0.3303329999999999 0.02175 0.021999999999999992
0 0.9062499999999999 0.0191667 0.018 0.0263333
0 0.3002500000000001 0.508 0.02 0.0213333
0 0.4655 0.261833 0.018499999999999996 0.0276667
0 0.744875 0.572833 0.02025 0.021
0 0.029625000000000002 0.8595 0.014250000000000002 0.03300000000000001
0 0.833625 0.570333 0.01725 0.024
0 0.7455000000000002 0.6445000000000001 0.015 0.03300000000000001
0 0.6551249999999998 0.17933300000000002 0.01975 0.0233333
1 0.198875 0.613167 0.02175 0.0203333
1 0.273625 0.493333 0.023250000000000003 0.0173333
0 0.37450000000000006 0.235 0.018499999999999996 0.026000000000000002
0 0.35600000000000004 0.949833 0.0155 0.030333300000000004
0 0.73275 0.368333 0.0235 0.021999999999999992
0 0.24587500000000007 0.384833 0.01875 0.0276667
0 0.31337500000000007 0.514833 0.023250000000000003 0.0163333
0 0.5786787539960471 0.7946670000000011 0.013642492007905977 0.03133330000000002
0 0.350875 0.269333 0.02175 0.0173333
0 0.5627499999999999 0.9058329999999999 0.017500000000000005 0.025
0 0.326375 0.902 0.01975 0.0213333
0 0.8965000000000001 0.055 0.019 0.0286667
0 0.5929999999999999 0.829333 0.022 0.018666700000000005
0 0.64325 0.8985 0.0235 0.0196667
0 0.14887500000000004 0.506667 0.01275 0.0333333
0 0.45725 0.31550000000000006 0.013000000000000001 0.0316667
0 0.13725000000000004 0.183167 0.013499999999999998 0.035
0 0.76475 0.5705 0.018499999999999996 0.0236667
0 0.4118148462475296 0.4210000000000003 0.02037030750494154 0.02333330000000003
0 0.61825 0.669833 0.019499999999999997 0.0243333
0 0.6672499999999999 0.256167 0.022 0.019
0 0.6625 0.15716699999999997 0.018 0.023
0 0.19625 0.3113330000000001 0.024 0.02
0 0.27125 0.465833 0.0155 0.027000000000000003
1 0.2899999999999999 0.532667 0.014500000000000002 0.0326667
0 0.09775 0.17366700000000002 0.0225 0.018666700000000005
0 0.54875 0.455333 0.02 0.024
0 0.302125 0.425333 0.014250000000000002 0.0306667
0 0.023250000000000003 0.6475 0.0215 0.0203333
0 0.414 0.8831669999999999 0.0155 0.0323333
0 0.40875 0.6579999999999999 0.013499999999999998 0.035333300000000005
0 0.61525 0.8265 0.0225 0.0203333
0 0.194625 0.867833 0.023250000000000003 0.021
0 0.329875 0.6115 0.019250000000000003 0.021666699999999997
0 0.085125 0.242167 0.02025 0.0223333
0 0.3865 0.895 0.022 0.0233333
0 0.7829999999999999 0.594833 0.020500000000000004 0.0176667
0 0.358125 0.904333 0.02275 0.018000000000000002
0 0.5436250000000001 0.8454999999999999 0.02275 0.021666699999999997
0 0.374375 0.29066699999999995 0.023250000000000003 0.0166667
0 0.6821249999999999 0.23216699999999998 0.02075 0.0196667
0 0.455 0.286167 0.022 0.023
0 0.306125 0.354833 0.02175 0.0203333
0 0.721875 0.6708329999999999 0.01875 0.0263333
0 0.14776701019022298 0.15616411505364725 0.013123180301085518 0.025210350412247992
2 0.430440313875605 0.059874582229088966 0.03569505041895257 0.01610661276338065
1 0.556422844766026 0.06757774485505362 0.010498544240868433 0.037115238106920634
2 0.5002556330773801 0.31197808635156876 0.015747816361302645 0.025910637923699357
0 0.9506568420679185 0.27346227322174554 0.01259825308904212 0.02310948787789399
0 0.7309748038277468 0.43452840085555194 0.013123180301085542 0.025910637923699294
0 0.7354366851301158 0.49894956873282276 0.011548398664955183 0.033613800549663904
2 0.719951332374835 0.5388659568855487 0.01837245242151966 0.022409200366442682
1 0.7264076329823493 0.4934272435439099 0.015319109453552386 0.023915289647269033
1 0.7321115567150551 0.564738289037585 0.012385662962446649 0.013479526892097131
2 0.5705760275520135 0.7915021566206272 0.0068447084792468225 0.016958114477154392
1 0.29010594915239873 0.8604216731495751 0.022815694930822805 0.013914350340229288
2 0.2545786527601175 0.9256451903693999 0.027378833916987384 0.025219759991665633
2 0.21399930963315406 0.4521224553534723 0.02053412543774056 0.013914350340229288
2 0.1699976122665672 0.4971266822351514 0.014667232455528962 0.012609879995832754
