0 0.37665631236674935 0.17458265673174714 0.04896802958279938 0.09297638379092936
0 0.6030495998214728 0.274264068199907 0.044272465102257054 0.08671835795884761
0 0.48968525736266316 0.30913021212150554 0.04829723465700763 0.08135433581706324
0 0.43937563792828016 0.2899091327801115 0.07110426213392795 0.05364022141784387
0 0.413214635822401 0.3305863006886431 0.05366359406334187 0.08135433581706318
0 0.3206449360631363 0.3162822416438848 0.05768836361809251 0.0759903136752788
2 0.3971155576033985 0.4199866697183829 0.0872033403529305 0.1314185424737175
1 0.4957224116947892 0.4521708025690892 0.04158928539908997 0.08493035057825281
2 0.5540815702386733 0.4485947878078996 0.04158928539908989 0.0295021217798141
1 0.256584020650022 0.38333251841618954 0.042260080324881696 0.08135433581706324
0 0.3504953102608702 0.5241380996380296 0.065067107801802 0.04648819189546474
0 0.26027339274187683 0.48122592250375457 0.06305472302442665 0.06436826570141259
0 0.21365314539934854 0.4007655903769888 0.03152736151221334 0.08582435426855016
0 0.5688390586060924 0.5129630535093123 0.06305472302442668 0.05095821034695163
3 0.457487100924658 0.6139854705129182 0.036222925992755714 0.049170202966356935
3 0.48767287258528774 0.611303459442026 0.020123847773753246 0.049170202966356935
1 0.3947677753631272 0.6939988007945351 0.04628484987963237 0.06794428046260217
1 0.5017595660269151 0.7167958948971189 0.04695564480542415 0.07599031367527874
0 0.2233796718233293 0.8003852399399256 0.06573790272759376 0.046488191895464645
0 0.28744058723644356 0.6832707565109665 0.046284849879632335 0.06615627308200749
0 0.34177497622557723 0.6872937731173049 0.03421054121538039 0.07599031367527885
0 0.525572785892523 0.6019164206939034 0.04628484987963237 0.07867232474617106
0 0.5825903545848238 0.6175614852741078 0.06104233824705129 0.03844215868278817
0 0.5487152108323392 0.6922107934139404 0.04158928539908997 0.07688431736557626
0 0.6074097668391193 0.6783537362143308 0.0462848498796323 0.06705027677230478
1 0.6607379634395653 0.6743307196079925 0.03353974628958854 0.09118837641033468
1 0.6845511833051732 0.5925293819457805 0.04762643973121577 0.07241429891408915
1 0.6946131071920497 0.6564506458020446 0.038235310770130954 0.08224833950736053
0 0.3920845956599602 0.7735651292310037 0.03555213106696401 0.0894003690297397
0 0.39577396775181484 0.8397214023130111 0.04829723465700768 0.07688431736557626
0 0.48800827004818365 0.842850415229052 0.03152736151221339 0.08671835795884761
1 0.42763672672692415 0.8888916052793681 0.043601670176465206 0.08046033212676593
1 0.5658204814400294 0.9130297049173977 0.05701756869230072 0.05542822879843862
0 0.611099138930974 0.8383803967775649 0.02817338688325444 0.07420230629468405
0 0.5584417372563198 0.8468734318353903 0.052992799137550096 0.07330830260438666
1 0.49371002691741384 0.9588758302463196 0.05232200421175825 0.07330830260438656
2 0.4155624180626723 0.950829797033643 0.05567597884071711 0.07152029522379176
1 0.9470072008624499 0.8918255534740146 0.03353974628958862 0.087612361649145
1 0.754489057160211 0.8372913283658735 0.050980414360174704 0.0590042435596282
1 0.7736067125452765 0.7456559501103902 0.052992799137550096 0.05095821034695163
0 0.7390607738670003 0.6830756917895724 0.06439631287601015 0.06168625463052049
0 0.7833332389692573 0.6817346862541261 0.04963882450859129 0.07688431736557626
1 0.8064756639090735 0.633011485132918 0.06104233824705136 0.05811023986933091
3 0.8534313087144976 0.6607255995321374 0.03152736151221339 0.047382195585762045
0 0.9225231860710504 0.6808406825638288 0.05567597884071704 0.050064206656654335
1 0.9329205074208227 0.72509386523355 0.06439631287601015 0.034866143921598494
1 0.9124612621841738 0.7662180349872304 0.05030961943438284 0.04559418820516715
0 0.7504642876054604 0.3332683117595353 0.03756451584433926 0.0902943727200372
0 0.8165375877959501 0.30063717706368026 0.05433438898913349 0.06079225094022298
0 0.8208977548135965 0.34623136526884757 0.050980414360174704 0.07330830260438666
0 0.7048502326516198 0.5196680811865428 0.0389061056959228 0.08761236164914492
0 0.739731568792792 0.5022350092257435 0.03353974628958862 0.08671835795884761
1 0.7709235328421096 0.535313145766747 0.044943260028048826 0.06883828415289957
0 0.8219039472022844 0.4615578413172119 0.044943260028048694 0.07688431736557626
0 0.8302888837746815 0.5308431273152602 0.060371543321259526 0.0634742620111152
1 0.9111196723325901 0.4915069649421747 0.04091849047329804 0.05811023986933091
1 0.940634649067428 0.4329497232276951 0.06104233824705136 0.039336162373085466
2 0.9356036871239898 0.5733083026043865 0.03085656658642153 0.07330830260438666
0 0.8339782558665363 0.6987207563697768 0.04762643973121577 0.07152029522379176
0 0.8789215158945851 0.713471817259684 0.044943260028048826 0.05989824724992561
0 0.8249225243683473 0.8122592250375463 0.04158928539908989 0.087612361649145
0 0.7799792643402987 0.7881211253995168 0.05634677376650888 0.06615627308200737
1 0.946671803399554 0.8104712176569515 0.052992799137550096 0.06973228784319707
0 0.9792053573004551 0.8672404519908363 0.04024769554750649 0.07420230629468405
0 0.10326797385620916 0.6594076655052263 0.06535947712418301 0.06445993031358885
