0 0.10164392091681565 0.05739669515344576 0.016133955701081858 0.032524793920285934
0 0.12548632211952548 0.052135331431046567 0.012907164560865476 0.028698347576722884
0 0.04141048629944342 0.13488223361059754 0.01469982630543013 0.03348140550617668
0 0.011293768990757297 0.1434917378836144 0.02043634388803701 0.017219008546033723
0 0.060950499315198095 0.1556885356037216 0.022946070330427518 0.023436983854323686
0 0.17191626130374996 0.07724638556067907 0.019719279190211166 0.021523760682542154
0 0.11383402077985527 0.17290754414975534 0.021870473283688723 0.0176973143389791
0 0.15488597473038573 0.15616684139666703 0.020077811539124094 0.028220041783777513
0 0.19073920962167876 0.16764618042735613 0.019360746841298213 0.022480372268432927
0 0.24559465900535707 0.1336864691282341 0.017209552747820614 0.03395971129912207
2 0.2210351931048214 0.14731818422717743 0.01111450281630081 0.030611570748504423
0 0.227847307734167 0.06026652991111805 0.016133955701081858 0.03156818233439516
0 0.24433979578416182 0.06815857549471685 0.02187047328368876 0.018653925924869877
0 0.13928981755267328 0.19873605696880592 0.015416891003256 0.03013326495555903
0 0.29041120261947323 0.1454049610553959 0.01864368214347238 0.023915289647269064
0 0.26387980879991646 0.20232335041589633 0.01864368214347238 0.031568182334395165
0 0.20974142411406405 0.20925878441360435 0.01362422925869131 0.027263430197886726
0 0.20382564035700074 0.2350872972326549 0.012548632211952546 0.03108987654144981
0 0.156140837951581 0.22025981765134808 0.021870473283688713 0.022480372268432896
0 0.13498742936571811 0.23078254509614649 0.01900221449238531 0.01961053751076065
0 0.07762225353964933 0.27622159542595776 0.014699826305430118 0.021523760682542168
0 0.13391183231897935 0.2719168432894493 0.014699826305430142 0.030133264955558996
0 0.14914945714777889 0.2680903969458862 0.017926617445646498 0.028220041783777513
0 0.16797240546570774 0.2905707692143191 0.023304602679340446 0.023436983854323686
0 0.18321003029450725 0.31998657548046017 0.016492488049994786 0.023915289647269033
0 0.2384240120270984 0.31448605886158826 0.022946070330427476 0.017697314338979066
0 0.2787589012798031 0.3152035175510063 0.016133955701081858 0.03252479392028593
0 0.25527503242600613 0.3783398822197966 0.020077811539124045 0.022002066475487584
0 0.23788621350372907 0.4331058955120428 0.020436343888036997 0.01961053751076065
1 0.1950415978086339 0.48524122694308935 0.02151194093477581 0.020567149096651346
1 0.20149518008906664 0.5203967027245748 0.01434129395651719 0.024871901233159792
1 0.09196354749616656 0.4510423627474945 0.02043634388803701 0.023915289647269033
0 0.10379511501029323 0.464674077846438 0.02402166737716632 0.017697314338979128
0 0.033522774623358946 0.5151353390021757 0.022587537981514586 0.021045454889596818
0 0.03137158052988138 0.5684664349155857 0.015416891003255988 0.027263430197886726
0 0.1701235995591853 0.6213192250360503 0.016851020398907717 0.03443801709206757
0 0.22264858867492954 0.6457128204762648 0.01792661744564652 0.020088843303706
0 0.20024031686787144 0.6732154035706241 0.02473873207499214 0.01865392592486989
1 0.05252498911574424 0.7717463969173728 0.020436343888037004 0.022480372268432927
0 0.2602944853107872 0.8985991718955791 0.014341293956517237 0.03252479392028593
0 0.22748877538525408 0.948103821465426 0.02258753798151457 0.020567149096651284
0 0.1023609856146415 0.9447556809148085 0.012548632211952546 0.033003099713231336
0 0.07959418145867046 0.9701058879409136 0.02294607033042752 0.029176653369668303
0 0.02473873207499217 0.9275366723687746 0.018643682143472357 0.030133264955558996
0 0.34974830636456317 0.902664771135615 0.020436343888036997 0.016740702753088373
0 0.32680223603413566 0.8292448319184988 0.021153408585862857 0.020088843303706
0 0.46322379479550546 0.8536384273587133 0.013624229258691329 0.03156818233439511
0 0.4569494786895293 0.8852066096931085 0.01900221449238524 0.02582851281905055
1 0.48599059895147656 0.8799452459707093 0.015416891003256 0.03156818233439511
1 0.5401289836373291 0.8017422488241395 0.020436343888037046 0.021523760682542106
1 0.5205889706215742 0.7254524748493512 0.014341293956517143 0.02869834757672289
1 0.32429250959174516 0.6800134245195402 0.009680373420649094 0.019132231717815303
0 0.3065451583205552 0.724735016159933 0.015058358654343048 0.02822004178377749
0 0.3904417279661809 0.6448579487380544 0.029399652610860284 0.01865392592486989
0 0.5053513457927749 0.6625552630770335 0.015416891003256 0.03204648812734052
1 0.2837783541645841 0.5549364596643227 0.024021667377166333 0.01961053751076065
1 0.3678541899846661 0.5939183817893713 0.02222900563260162 0.021045454889596697
2 0.5252498911574424 0.5735903855891925 0.01577542335216895 0.03778615764268506
0 0.5329583366590704 0.5998972042011885 0.018285149794559422 0.022480372268432927
0 0.4295217539976901 0.6128114606107138 0.010755970467387905 0.027263430197886792
0 0.4517507596302918 0.5695247863491568 0.02151194093477581 0.020088843303706062
0 0.4259364305085608 0.5652200342126483 0.01792661744564652 0.02582851281905055
0 0.3899039294428113 0.5300645584311628 0.014699826305430142 0.02822004178377749
2 0.4524678243281177 0.49777891740734964 0.04947746414998428 0.023915289647269095
0 0.28091009537328065 0.4724287103812444 0.017568085096733566 0.02869834757672289
2 0.46878104620365596 0.46453666479764566 0.029041120261947426 0.013870867995416097
1 0.5107293310264687 0.46453666479764566 0.02187047328368876 0.014827479581306792
0 0.4754138946585452 0.43583831722092276 0.015058358654343048 0.030133264955559062
1 0.4596384713063763 0.31482695160574126 0.01290716456086543 0.02917665336966824
1 0.45587388164279047 0.26030009120996783 0.01756808509673362 0.01865392592486989
0 0.3705431826015132 0.3028693067821068 0.013265696909778423 0.030133264955558996
0 0.4433252494308379 0.2739318063089112 0.016851020398907717 0.024871901233159792
0 0.4757724270074581 0.2638873846570582 0.013624229258691422 0.030611570748504412
0 0.5110878633753816 0.3021518480926887 0.021153408585862857 0.030611570748504412
0 0.5232779632384212 0.39566063061351076 0.01971927919021114 0.016740702753088373
0 0.31961264100470194 0.5775525012681638 0.01735296568738581 0.02025625033123688
0 0.3350133980522568 0.1357168772192872 0.014316196692093322 0.030673750501587323
0 0.36538108800518193 0.17073125279185383 0.02125738296704759 0.021992500359628617
0 0.3499803309576271 0.20285187831710094 0.015617669118647261 0.03530375057729859
0 0.39705025038466113 0.12356312702054507 0.02386032782015552 0.0248862504069482
0 0.41288483157440065 0.032120625525247075 0.028632393384186643 0.020256250331236892
0 0.46732976141857363 0.04774687578077269 0.01691914154520116 0.02951625048265948
0 0.4428186973851411 0.11083062681233904 0.013014724265539335 0.028358750463731666
1 0.45626724579286515 0.11140937682180294 0.024294151962340173 0.020256250331236892
0 0.529366613750978 0.10359625169404013 0.016919141545201254 0.028937500473195564
0 0.5543115019265951 0.1339806271908955 0.022558855393601574 0.020256250331236913
0 0.4593040147881577 0.21818875356789458 0.019955910540493785 0.026622500435339938
0 0.5762196211069195 0.036750625600958375 0.018654438113939756 0.020256250331236892
0 0.681421975586696 0.009549375156154538 0.02342650367797078 0.019098750312309076
0 0.7658007712416095 0.027780000454267748 0.013448548407724074 0.03125250051105122
0 0.8328266012091372 0.03819750062461815 0.019088262256124398 0.015047500246061694
0 0.8499626548254307 0.041670000681401614 0.014316196692093365 0.024307500397484284
1 0.858205313526939 0.056717500927463325 0.01865443811393966 0.016205000264989517
2 0.8649295877308011 0.10822625176975144 0.010411779412431354 0.024307500397484263
0 0.8490950065410614 0.10157062666091644 0.02038973468267825 0.02372875038802037
0 0.8477935341145074 0.12240562700161725 0.018654438113939843 0.02372875038802037
2 0.8564700169582002 0.17709750289595688 0.02038973468267825 0.018520000302845167
0 0.8185104045170439 0.1357168772192872 0.014750020834277924 0.030673750501587323
0 0.8189442286592284 0.15770937757891584 0.02169120710923219 0.017941250293381252
0 0.7345654330043151 0.1163287519022462 0.014316196692093365 0.023150000378556454
1 0.725888950160622 0.1279037520915244 0.019522086398309046 0.015047500246061697
0 0.7443264762034696 0.1536581275126685 0.01735296568738581 0.027201250444803836
1 0.7816353524313491 0.2193462535868224 0.02169120710923219 0.030095000492123367
0 0.731094839866838 0.17738687790068883 0.022992679535786226 0.014468750236597798
2 0.5844622798084277 0.20458812834549267 0.019522086398309046 0.027201250444803825
0 0.6037674541356446 0.1730462528297095 0.018220613971755104 0.02083500034070079
0 0.625675573315969 0.16233937765462714 0.02559562438889402 0.017941250293381252
0 0.6202527715386612 0.17854437791961664 0.013882372549908628 0.016783750274453425
1 0.639124121723693 0.19822187824138968 0.016051493260831867 0.01909875031230908
1 0.6853263928663577 0.2095075034259359 0.015617669118647214 0.02778000045426774
1 0.6243741008894151 0.20024750327451335 0.013448548407724074 0.024307500397484284
1 0.6237233646761382 0.2251337536814615 0.012147075981170131 0.021992500359628617
0 0.6471498683541089 0.22484437867672954 0.02082355882486299 0.0214137503501647
0 0.6469329562830167 0.24104937894171907 0.022125031251416932 0.020256250331236944
0 0.6323998475198311 0.24307500397484275 0.015617669118647214 0.030095000492123394
0 0.6087313345063441 0.2548389349523344 0.020794876236949908 0.0176973143389791
2 0.6311396063134022 0.2821023651502212 0.01326569690977847 0.01674070275308834
0 0.5843511347802648 0.29238593969854687 0.020077811539124094 0.022958678061378305
0 0.5834548039079824 0.30984410114105326 0.01756808509673362 0.02630681861199596
0 0.6818719336845818 0.30649596059043555 0.010755970467387998 0.02630681861199596
0 0.773297682657379 0.24838180674757177 0.01577542335216895 0.02678512440494131
0 0.8050277955361732 0.2691881087406959 0.019719279190211235 0.01865392592486989
0 0.8034143999660651 0.2978864563174188 0.013624229258691329 0.030133264955558996
2 0.7874597104394395 0.303147820039818 0.01685102039890762 0.04352582715802973
0 0.7729391503084662 0.2959732331456372 0.012190099863039618 0.033003099713231336
0 0.7098374568997902 0.3328027792024317 0.023663135028253332 0.023436983854323686
1 0.6712952293916503 0.35480484567791915 0.02187047328368867 0.02056714909665141
0 0.6255823549052517 0.3476302587837384 0.01290716456086543 0.028220041783777544
0 0.616798312356885 0.34045567188955767 0.013265696909778378 0.027263430197886726
0 0.6660965103324128 0.38278573456522397 0.016492488049994855 0.03156818233439511
0 0.6963924938155555 0.3801550527040243 0.017568085096733528 0.028220041783777544
0 0.7467662888378221 0.36987147815569865 0.017209552747820572 0.022958678061378336
0 0.7949888897666112 0.3681974078803898 0.02473873207499219 0.018653925924869825
0 0.7989327456046534 0.43013800806681673 0.01900221449238533 0.020088843303706
0 0.5409687205618003 0.25675215812411595 0.013624229258691422 0.03013326495555903
0 0.5517246910291883 0.3435646595437026 0.012907164560865523 0.023915289647269095
1 0.5472430366677766 0.3600662094003183 0.02258753798151457 0.012914256409525338
0 0.563197726194402 0.4007222018006757 0.014341293956517237 0.027263430197886726
0 0.558536805658534 0.5042754059733509 0.01792661744564648 0.025828512819050613
1 0.6531893457715473 0.4825124923943359 0.020794876236949998 0.023436983854323686
1 0.6827682645568642 0.4856214800484809 0.02115340858586295 0.021045454889596818
0 0.6949583644199038 0.49662251328622475 0.018285149794559422 0.017219008546033723
0 0.7577015254796664 0.5078626994204413 0.01900221449238524 0.02630681861199603
1 0.7874597104394395 0.5513885265784709 0.015416891003255901 0.024393595440214508
1 0.7073277304573997 0.5822392502234479 0.01792661744564648 0.022002066475487515
1 0.6836645954291463 0.5640636300915234 0.017209552747820666 0.01817562013192448
0 0.6453016340954627 0.6116550564895888 0.017209552747820666 0.026306818611996085
0 0.7372651815916293 0.558323960576179 0.021153408585862857 0.014349173788361445
0 0.7661270356791203 0.6142857383507887 0.015775423352168853 0.02869834757672289
0 0.7498138138035819 0.576738733604576 0.015416891003256 0.021523760682542106
0 0.6901181777095792 0.5958709653223914 0.016492488049994765 0.015784091167197555
0 0.7505308785014079 0.6181121846943515 0.018285149794559422 0.01530578537425214
0 0.8005461411747616 0.6150031970402066 0.020077811539124003 0.01865392592486989
0 0.8356823113682288 0.6157206557296246 0.020794876236949998 0.016262396960142964
0 0.7871011780905266 0.6319830526897676 0.016133955701081715 0.02869834757672289
0 0.7369066492427164 0.6884231362573225 0.01254863221195257 0.020088843303706125
0 0.7575222593052099 0.6910538181185224 0.020794876236949908 0.015784091167197555
0 0.5798694804188532 0.6573332597158729 0.021153408585862857 0.020088843303706125
0 0.6047874786683018 0.6692909045395072 0.014341293956517237 0.027741735990832194
0 0.7686367621215109 0.5449313983737082 0.017209552747820572 0.02774173599083213
0 0.6262994196030776 0.7611256167850204 0.020077811539124003 0.021045454889596818
0 0.6476320943633967 0.7563425588555667 0.01971927919021114 0.021045454889596697
0 0.7128849818655502 0.7561034059590941 0.013982761607604284 0.029176653369668303
0 0.6795414734166476 0.7833668361569808 0.015416891003256 0.03108987654144981
0 0.7535784034671678 0.756820864648512 0.020794876236949998 0.020088843303706
0 0.800725407349218 0.7341013394836063 0.02187047328368876 0.021523760682542106
1 0.7331420595791306 0.8259360517291198 0.01936074684129819 0.025350207026105142
1 0.7942718250687854 0.8462640479292984 0.016133955701081903 0.02582851281905055
0 0.7833365884269408 0.8718534078518765 0.022229005632602116 0.017697314338979062
0 0.7532198711182548 0.8290450393832646 0.015775423352168853 0.026785124404941373
0 0.7793927325888985 0.7855192122252351 0.017209552747820666 0.024871901233159854
0 0.8138118380845399 0.7761922492628 0.019360746841298283 0.022480372268432927
0 0.5411479867362567 0.8899896676225623 0.013265696909778378 0.024871901233159854
0 0.5623013953221195 0.9337546476770645 0.023304602679340473 0.015784091167197676
0 0.5490356984123411 0.9638879126326237 0.018285149794559516 0.024393595440214445
0 0.5502905616335364 0.9832592972469116 0.020077811539124094 0.020088843303706125
1 0.6359797930237266 0.9332763418841193 0.017209552747820666 0.024393595440214445
0 0.7053558025383786 0.9052954529968146 0.018285149794559422 0.022958678061378336
0 0.7014119467003365 0.9287324368511382 0.021153408585862857 0.016262396960142964
0 0.6625111868432836 0.9421249990536087 0.017926617445646574 0.03156818233439523
0 0.6712952293916503 0.9500170446372077 0.014699826305430187 0.02152376068254223
0 0.7550125328628196 0.952169420705462 0.017209552747820572 0.030611570748504412
0 0.9510603343733854 0.9222753086463757 0.019719279190211048 0.03491632288501273
0 0.9508810681989287 0.8366585717091525 0.014341293956517143 0.033003099713231336
0 0.9239911420304588 0.8258966913678814 0.017209552747820572 0.020088843303706
1 0.9091120495505723 0.7586947274590553 0.02187047328368876 0.02152376068254223
0 0.8644747721109125 0.7646735498708724 0.015058358654343048 0.022002066475487515
0 0.8659089015065642 0.7900237568969777 0.019360746841298283 0.02582851281905055
0 0.8806087278119942 0.7311921443646958 0.01792661744564648 0.024871901233159854
2 0.91431076860981 0.425554742672597 0.02151194093477581 0.01913223171781524
1 0.9412006947782793 0.427946271637324 0.020077811539124003 0.01913223171781524
1 0.9797429222864195 0.5085407977486206 0.019719279190211235 0.01865392592486989
1 0.9870928354391346 0.5341301576711985 0.019360746841298095 0.022002066475487515
1 0.8255740122538596 0.4657324292800091 0.013265696909778378 0.02582851281905055
1 0.861606513319609 0.5668941044879572 0.011473035165213714 0.027263430197886726
0 0.8997902084788361 0.5802866666904278 0.01685102039890762 0.02822004178377749
0 0.9673735562489233 0.31123965815865096 0.020794876236949908 0.01913223171781524
0 0.8825806557310156 0.2643656904500035 0.02473873207499219 0.017219008546033723
0 0.8755892749272134 0.2925857322337811 0.022946070330427427 0.02582851281905055
0 0.8678808294255852 0.3547654853166807 0.019002214492385143 0.021045454889596818
1 0.882078710442537 0.1477516987853738 0.012620338681735238 0.02735909135647581
1 0.98599931177495 0.12986306212921653 0.013014724265539427 0.025254545867516145
