2 0.7075782537067545 0.1043956043956044 0.08072487644151564 0.09890109890109891
2 0.9159802306425039 0.1560439560439561 0.085667215815486 0.08791208791208793
2 0.9283360790774299 0.31648351648351647 0.060955518945634266 0.11868131868131866
2 0.8023064250411861 0.3846153846153846 0.10543657331136741 0.0923076923076923
0 0.7693574958813838 0.4703296703296704 0.085667215815486 0.0791208791208791
0 0.9843492586490942 0.5373626373626373 0.02471169686985173 0.07252747252747255
2 0.3492586490939044 0.4956043956043956 0.08237232289950576 0.09890109890109891
0 0.14991762767710048 0.4901098901098901 0.08237232289950576 0.09670329670329672
0 0.0815485996705107 0.6549450549450548 0.08072487644151564 0.0835164835164835
2 0.22240527182866557 0.6439560439560439 0.10214168039538714 0.0791208791208791
2 0.31960461285008246 0.932967032967033 0.09555189456342669 0.07692307692307693
2 0.5082372322899505 0.6857142857142857 0.060955518945634266 0.11428571428571428
2 0.5667215815485998 0.7791208791208795 0.09884678747940692 0.08571428571428572
2 0.5658978583196045 0.8494505494505493 0.10378912685337728 0.05934065934065933
2 0.9200988467874792 0.8670329670329671 0.09390444810543658 0.11208791208791212
2 0.7578253706754531 0.6395604395604395 0.09884678747940692 0.07032967032967033
2 0.85667215815486 0.6208791208791209 0.07578253706754529 0.11208791208791212
0 0.1243822075782537 0.013186813186813187 0.09390444810543658 0.026373626373626374
0 0.34184514003294886 0.9879120879120881 0.0774299835255354 0.015384615384615385
