2 0.23281200000000002 0.186458 0.0734375 0.0791667
1 0.45195299999999994 0.234375 0.0601562 0.0520833
2 0.31014143137254896 0.2869522787456446 0.07503063725490193 0.07609614250871083
0 0.202734 0.720312 0.0554687 0.0447917
0 0.8460940000000001 0.618229 0.065625 0.0385417
0 0.735156 0.915625 0.025 0.0708333
0 0.817187 0.6598959999999999 0.0328125 0.0802083
1 0.23554700000000003 0.277083 0.0523437 0.05
2 0.28828099999999995 0.7465434006968643 0.051562500000000136 0.08891910139372766
1 0.6640619999999999 0.689583 0.040625 0.0854167
1 0.135937 0.28072900000000006 0.0421875 0.06354169999999999
0 0.298438 0.8963540000000001 0.06875 0.040625
0 0.234375 0.546875 0.0390625 0.0770833
1 0.38671900000000003 0.513021 0.034375 0.0760417
0 0.265625 0.590104 0.0703125 0.0447917
2 0.8414059999999999 0.291146 0.034375 0.0822917
0 0.34375 0.7067710000000001 0.0359375 0.090625
0 0.6480469999999999 0.893229 0.0601562 0.032291700000000007
0 0.473047 0.401042 0.0601562 0.0479167
0 0.448047 0.515625 0.0601562 0.0458333
0 0.83125 0.547917 0.0515625 0.0604167
0 0.43867200000000006 0.573438 0.0679687 0.0552083
0 0.5230470000000002 0.309896 0.0398437 0.0802083
0 0.209375 0.763542 0.0484375 0.0604167
0 0.171094 0.2828129999999999 0.0421875 0.06354169999999999
0 0.276953 0.676562 0.0679687 0.0489583
0 0.936719 0.555208 0.0390625 0.0916667
0 0.358984 0.464583 0.0429688 0.075
0 0.282422 0.5208330000000001 0.0632813 0.0541667
0 0.5523439999999998 0.522917 0.040625 0.0833333
0 0.708984 0.285937 0.0601562 0.040625
0 0.771484 0.539583 0.0601562 0.05
0 0.8582029999999999 0.6625 0.0539063 0.05
0 0.602344 0.443229 0.0578125 0.06354169999999999
0 0.848437 0.785417 0.04375 0.0645833
2 0.9300653594771241 0.18466898954703834 0.06143790849673203 0.03832752613240417
2 0.9065359477124183 0.4747386759581882 0.024836601307189544 0.02264808362369338
2 0.24052287581699347 0.720383275261324 0.0784313725490196 0.08188153310104529
