2 0.7059308072487644 0.2703296703296703 0.06425041186161448 0.12307692307692308
2 0.7800658978583196 0.26483516483516484 0.09060955518945635 0.08571428571428572
0 0.9242174629324547 0.27472527472527475 0.07907742998352553 0.10989010989010989
2 0.9546952224052718 0.19560439560439555 0.08401976935749589 0.07472527472527472
0 0.6062602965403624 0.025274725274725275 0.09884678747940692 0.05054945054945055
2 0.3401976935749588 0.05164835164835165 0.08731466227347612 0.09890109890109891
0 0.37891268533772654 0.009890109890109888 0.08896210873146623 0.019780219780219776
2 0.17627677100494235 0.18791208791208788 0.08896210873146623 0.09010989010989011
2 0.2660626029654036 0.2945054945054945 0.09060955518945635 0.09670329670329672
0 0.43986820428336076 0.3791208791208791 0.08237232289950576 0.11208791208791212
2 0.2685337726523888 0.5648351648351648 0.06260296540362437 0.13186813186813187
0 0.371499176276771 0.6131868131868133 0.09060955518945635 0.06593406593406594
2 0.8245469522240526 0.45384615384615384 0.047775947281713346 0.12527472527472527
2 0.8130148270181219 0.6967032967032967 0.08731466227347612 0.10989010989010989
2 0.7207578253706753 0.7593406593406591 0.047775947281713346 0.12967032967032968
2 0.4011532125205931 0.7681318681318683 0.06754530477759473 0.12087912087912088
2 0.28088962108731463 0.6890109890109889 0.09060955518945635 0.08131868131868131
0 0.4118616144975288 0.4835164835164835 0.06260296540362437 0.12307692307692308
0 0.011532125205930808 0.34395604395604396 0.019769357495881382 0.12527472527472527
0 0.02471169686985173 0.4626373626373626 0.04612850082372323 0.07252747252747255
0 0.017298187808896207 0.6362637362637362 0.03130148270181218 0.08131868131868131
0 0.32866556836902805 0.9153846153846154 0.12026359143327842 0.11648351648351647
0 0.5906095551894565 0.9736263736263736 0.09390444810543658 0.043956043956043966
0 0.9670510708401977 0.4637362637362638 0.06260296540362437 0.06593406593406594
0 0.9843492586490942 0.576923076923077 0.02471169686985173 0.15604395604395604
2 0.19522240527182863 0.8813186813186813 0.08731466227347612 0.06593406593406594
2 0.07660626029654036 0.9109890109890111 0.06425041186161448 0.09010989010989011
0 0.2059308072487644 0.967032967032967 0.09555189456342669 0.05714285714285714
0 0.05848434925864909 0.9791208791208791 0.05107084019769357 0.03296703296703297
