2 0.15815485996705106 0.13846153846153847 0.06589785831960461 0.11428571428571428
2 0.08484349258649093 0.3153846153846154 0.054365733113673806 0.1076923076923077
2 0.12191103789126853 0.4461538461538461 0.07907742998352553 0.1010989010989011
2 0.08896210873146623 0.6153846153846154 0.06589785831960461 0.11868131868131866
2 0.22817133443163098 0.22857142857142856 0.057660626029654036 0.11428571428571428
2 0.38220757825370666 0.39670329670329674 0.06919275123558484 0.11208791208791212
2 0.47034596375617793 0.40549450549450555 0.057660626029654036 0.09890109890109891
2 0.5214168039538716 0.27692307692307694 0.057660626029654036 0.11428571428571428
2 0.601317957166392 0.1824175824175824 0.04942339373970346 0.11868131868131866
2 0.6515650741350906 0.38021978021978015 0.06754530477759473 0.0923076923076923
2 0.26441515650741354 0.1021978021978022 0.05107084019769357 0.13406593406593406
2 0.30971993410214166 0.05274725274725275 0.07907742998352553 0.0835164835164835
2 0.843492586490939 0.12417582417582416 0.09225700164744646 0.08571428571428572
2 0.8064250411861614 0.4461538461538461 0.10049423393739704 0.0923076923076923
2 0.4505766062602965 0.6516483516483517 0.11037891268533773 0.06813186813186813
2 0.5889621087314663 0.7494505494505495 0.0741350906095552 0.13186813186813187
