2 0.1662834622858296 0.15198531250520525 0.03356692457165895 0.015363374989589944
2 0.6636250000000001 0.8538315624427436 0.014249999999999999 0.03766957511451422
2 0.9547827344062635 0.6041554995419467 0.012296314766760009 0.03136625010410303
2 0.5536588262256127 0.744786499958359 0.024317652451224442 0.03242630008328259
2 0.23225 0.10949999999999999 0.019499999999999997 0.028333299999999995
2 0.18325000000000016 0.9064416875780777 0.01299999999999975 0.03688267515615423
2 0.7589316196692094 0.42300000000000004 0.028863239338418313 0.020000000000000084
2 0.6198860327820156 0.33895637507287224 0.021772065564031093 0.030579450145744237
2 0.25549963606021725 0.609283624843846 0.018999272120433845 0.05009875031230991
2 0.2615025475784808 0.2390554373074097 0.06422138351987754 0.05583412563502877
2 0.473 0.337333 0.014500000000000002 0.026000000000000002
2 0.2300455868871939 0.18948243739069195 0.020408826225612606 0.03970242521861648
2 0.058568744270573576 0.44552462476056354 0.02286251145885284 0.058951450478874706
2 0.48150000000000004 0.3918329999999999 0.022 0.015
2 0.4234547770525891 0.9575014375572571 0.02609044589482187 0.023002875114512475
2 0.7591584622858296 0.5247106249271279 0.02681692457165883 0.0332460501457441
2 0.28537499999999993 0.882 0.023250000000000003 0.016
2 0.5063749999999999 0.8045000000000002 0.02475 0.015666699999999995
2 0.6904441082103567 0.8415465000416414 0.03411178357928756 0.029093000083281546
2 0.25325 0.127833 0.014000000000000002 0.0276667
2 0.8145224295038139 0.6783183125052054 0.019044859007628326 0.02263662501041015
2 0.293125 0.12300000000000001 0.01725 0.02
2 0.6686801639100785 0.3538226251769758 0.023089718015254626 0.0712304507287203
2 0.613625 0.730667 0.027249999999999996 0.02
2 0.874875 0.535667 0.02025 0.02
2 0.5448069836089923 0.35809300008328293 0.01638603278201557 0.044552250270667226
2 0.6651250000000001 0.8909999999999999 0.01775 0.02
2 0.36122793443596957 0.6155915625260265 0.036816196692093565 0.0321559251769757
2 0.913875 0.843667 0.01775 0.024666699999999996
2 0.41113530490245 0.2436438127966939 0.03277060980489915 0.06262092559338665
2 0.85075 0.124167 0.016 0.023
2 0.8128749999999999 0.705 0.02025 0.018666700000000005
2 0.9461477934435966 0.7121655624427438 0.021113239338419396 0.03682262517697472
2 0.9463408098346049 0.568953499958359 0.017181619669209114 0.030759700083282514
2 0.43762499999999993 0.7738330000000001 0.01375 0.03300000000000001
2 0.33175 0.9245000000000002 0.019 0.0256667
2 0.9900000000000001 0.218333 0.014000000000000002 0.0313333
2 0.303875 0.599333 0.015250000000000001 0.026000000000000002
2 0.63425 0.3275 0.013499999999999998 0.0203333
2 0.742125 0.0728333 0.02025 0.0196667
2 0.7038639672179839 0.20327900024984735 0.022272065564030052 0.05655800049969434
2 0.31537500000000007 0.8229999999999998 0.01725 0.028000000000000008
2 0.623375 0.306833 0.024250000000000004 0.017
2 0.6041022065564032 0.794302187453154 0.015295586887193888 0.041822625176975034
2 0.3996367606615816 0.04896848745315365 0.026726478676837896 0.028062925093692757
2 0.7065 0.139333 0.014500000000000002 0.0273333
2 0.6945908098346045 0.1523951875364361 0.019681619669209657 0.02812307507287212
2 0.2530025475784803 0.349059624344151 0.025816924571659083 0.03324605014574401
2 0.6823066196692096 0.1091655624427434 0.022113239338418453 0.029669575114513513
2 0.8322499999999999 0.3118809375988979 0.015499999999999993 0.04109587519779583
2 0.9181000229177074 0.21292874956276758 0.0512000458354078 0.07480980087446594
2 0.5363860327820155 0.677 0.029772065564031083 0.019999999999999976
2 0.9421904688125267 0.6304925002914884 0.06601624252750654 0.06262380070790058
2 0.861567652451225 0.30669637498958974 0.027680891789643343 0.020666699999999923
2 0.375 0.0435 0.016 0.03633329999999999
2 0.774 0.4025 0.020500000000000004 0.0243333
2 0.4659544131128064 0.7949098750312311 0.02790882622561222 0.017153050062461383
2 0.32575 0.319833 0.0155 0.0343333
2 0.9233750000000001 0.5376048124635638 0.018749999999999992 0.027456375072871828
2 0.931125 0.733667 0.02275 0.019333300000000005
2 0.777261396721799 0.21551324993753823 0.018477206556402347 0.03879255018738563
2 0.3920444950678457 0.5806802499375382 0.029588990135689493 0.029972800124923725
2 0.2268617835792873 0.1568329999999998 0.045223567158573764 0.02099999999999999
2 0.035129636802845796 0.6790113141708541 0.04220150159454303 0.04710162542682315
2 0.576863603278202 0.8072428750312313 0.022227206556403457 0.027032950104102588
2 0.541875 0.405167 0.01475 0.035
2 0.845 0.4925 0.016 0.0316667
2 0.644 0.374 0.017500000000000005 0.024666699999999996
2 0.5258977934435967 0.3041190624011024 0.021204413112805905 0.039762575197796385
2 0.49987500000000007 0.330667 0.02175 0.019333300000000005
2 0.6409999999999999 0.8136670000000001 0.02 0.0233333
2 0.3007500000000001 0.885833 0.0165 0.029666699999999997
2 0.24146651753997359 0.06429912605144056 0.030541219609799018 0.036924250603797566
2 0.08804460965637376 0.21613419103429773 0.01670222947410885 0.07193862617636418
2 0.12407370466480856 0.2575148167109674 0.021951501594543055 0.05665962592651694
2 0.18467893732800353 0.1378293147538305 0.03245004583541148 0.02355512538518119
2 0.20519881925333722 0.134646189701779 0.01622502291770572 0.046473625759952085
2 0.25721433390127624 0.17316200283160232 0.037222111399442565 0.022918500374770893
2 0.3311813501437582 0.1550181900349087 0.02672356715857413 0.040107375655849056
2 0.36697184187399146 0.10631637673852054 0.04103976385066745 0.06493575106185087
2 0.36315418942276667 0.1247785020404193 0.060128026106791806 0.012732500208206038
2 0.22118523889284142 0.2772501920336868 0.04533462285829546 0.018462125301898738
2 0.3645858090919759 0.27343044197122496 0.02958680649699284 0.0299213754892842
2 0.2185606028326243 0.3195857552259719 0.035313285173830145 0.025465000416412045
2 0.1448321898683438 0.34600569315799945 0.019565468812527517 0.04902012580159325
2 0.1164383997623588 0.36574106848071886 0.042948590076279866 0.018462125301898766
2 0.2746323732099897 0.37019744355359085 0.025291947489364898 0.015915625260257523
2 0.26914449781135397 0.3892961938659 0.02290591470734924 0.02992137548928426
2 0.3991832844312014 0.35269025576730756 0.014793403248496368 0.04074400066625942
2 0.4037167467170309 0.3791101936993352 0.012407370466480806 0.019735375322719333
2 0.41636272046171335 0.3355013804862296 0.030064013053395927 0.02037200033312967
2 0.43425796632682995 0.35141700574648715 0.02576915404576799 0.03183125052051517
2 0.47267309411728037 0.3654227559755137 0.013838990135690182 0.019098750312309114
2 0.12526672105581635 0.41062313171464526 0.015747816361302628 0.08658100141580113
2 0.1498428587105765 0.4278120069957233 0.018133849143318188 0.05856950095774784
2 0.03960814418145812 0.473649007745265 0.026723567158574147 0.06493575106185083
2 0.1107119210855215 0.5369931962810902 0.0486750687531172 0.02610162542682239
2 0.32211442557209913 0.40457519411574727 0.025769154045767944 0.03501437557256657
2 0.406341382777248 0.41571613179792755 0.014793403248496368 0.050930000832824215
2 0.40109211065681377 0.47301238273485496 0.019565468812527492 0.04074400066625934
2 0.34287291077563437 0.5484524464684756 0.025291947489364797 0.03246787553092545
2 0.1915984323958486 0.595562697238838 0.061559645776001176 0.07193862617636418
2 0.2011425635239108 0.6417180104935851 0.06346847200161362 0.13623775222780485
2 0.3299883337527505 0.591106322165966 0.0224287081509462 0.033741125551746014
2 0.18968960617023614 0.7407131996123871 0.04533462285829546 0.027374875447643075
2 0.20519881925333727 0.776364200195364 0.027677980271380385 0.06302587603061995
2 0.11906303582257592 0.809012496876909 0.03483607861742703 0.04329050070790061
2 0.13003878661984744 0.8446634974598861 0.02815518682778348 0.03819750062461823
2 0.043664399910884555 0.8710834353919137 0.02338312126375238 0.04138062567666964
2 0.014316196692093297 0.9229683737403535 0.019088262256124394 0.020372000333129733
2 0.208539265148159 0.8605791227201438 0.05535596054276073 0.03565100058297698
2 0.31543353378245564 0.9465234991255345 0.014316196692093275 0.03565100058297698
2 0.30183314692496693 0.8510297475639891 0.017656642586915072 0.03947075064543879
2 0.39655864837098426 0.8300211222204493 0.03626769828663633 0.04711025077036242
2 0.5342327398932816 0.9672138119638695 0.015747816361302645 0.04265387569749031
0 0.5192007333665836 0.8137871844549864 0.006680891789643497 0.0006366250104102806
2 0.5428224579085374 0.8191984970434741 0.02147429503813996 0.03310450054133573
2 0.4464267335151092 0.7845024339761124 0.018611055699721307 0.037560875614207824
2 0.4688554416660554 0.7358006206797243 0.030064013053395927 0.06620900108267146
2 0.4788767793505207 0.674047994669925 0.020519881925333775 0.05729625093692728
2 0.6113015987523837 0.7093806827476967 0.03626769828663633 0.04265387569749019
2 0.6559204117760745 0.7157469328517998 0.02147429503813996 0.015915625260257523
2 0.6924267133409123 0.6126136811653309 0.03531328517383005 0.04138062567666976
2 0.5864868578194219 0.6323490564880503 0.01622502291770574 0.021008625343540012
2 0.43640539583064397 0.6157968062173823 0.06155964577600123 0.02355512538518114
2 0.5368573759534986 0.7386654332265707 0.01145295735367462 0.027374875447642954
2 0.5576158611570338 0.5218946171818628 0.03579049173023324 0.03310450054133573
2 0.4860348776965673 0.4830604915468342 0.0319728392790083 0.02291850037477086
2 0.6707138150245708 0.44199817837536975 0.015747816361302645 0.04265387569749026
2 0.6742928641975943 0.5168016170985803 0.024814740932961807 0.04583700074954172
2 0.7272627919583394 0.5292158048015811 0.02958680649699284 0.02482837540600183
2 0.7232065362289128 0.5413116799993769 0.0195654688125274 0.015915625260257586
2 0.556422844766026 0.3006674260642826 0.03245004583541148 0.0413806256766697
2 0.5938835594436701 0.30830692618920624 0.029109599940589738 0.01464237523943696
2 0.7358525099735952 0.3601918645376459 0.039130937625055075 0.04965675081200353
2 0.6089155659703682 0.37037786470421075 0.05249272120434207 0.01782550029148849
2 0.6029504840153291 0.35350730192833774 0.024337534376558615 0.019735375322719333
2 0.6232317626624614 0.28156867575197353 0.039130937625054985 0.021008625343540012
2 0.7174800575520756 0.27552073815307565 0.0195654688125274 0.06366250104103024
2 0.5325625169458705 0.07798656377526207 0.02958680649699284 0.0502933758224139
2 0.6117788053087869 0.1483336274256005 0.04390300318908611 0.02928475047887392
2 0.6835983920474549 0.19990025326883504 0.024337534376558615 0.022918500374770893
2 0.812457823333578 0.04615531325474694 0.020042675368930583 0.03628762559338725
2 0.7795305709417633 0.06939212613472298 0.03722211139944261 0.02037200033312968
2 0.8282056396948809 0.07162031367115908 0.032450045835411404 0.031194625510104834
2 0.922931141140898 0.17093381529516624 0.03292725239181457 0.02355512538518121
2 0.8945373510349129 0.21517925351868225 0.030541219609798925 0.01782550029148846
2 0.8792667412300136 0.24573725401837682 0.03245004583541148 0.045837000749541786
2 0.933668288659968 0.2371428163778377 0.03626769828663624 0.05793287594733753
2 0.8804597576210211 0.2896643797366876 0.05392434087355145 0.021645250353950304
2 0.8024364856491126 0.3300900678977419 0.015270609804899462 0.04520037573913145
2 0.9634936984351623 0.3666960059963343 0.02720077371497727 0.04711025077036242
2 0.9828205639694881 0.34123100557992214 0.02863239338418655 0.021645250353950304
2 0.9155344395166501 0.334546442970614 0.02004267536892987 0.04647362575995209
2 0.9284190165395337 0.34314088061115305 0.010498544240868433 0.020372000333129612
2 0.8346479282063225 0.4520037573913147 0.041516970407070454 0.02928475047887392
2 0.8026750889273141 0.469192632672393 0.029109599940589738 0.019098750312309114
2 0.7783375545507556 0.4784236953233424 0.02338312126375243 0.019735375322719333
2 0.948700295186666 0.5446326964060139 0.02147429503813996 0.0362876255933872
2 0.931998065712557 0.5061168832761906 0.013838990135690279 0.025465000416412108
2 0.889049475636277 0.5643680717287332 0.022428708150946334 0.024828375406001767
2 0.8806983608992226 0.5745540718952981 0.029586806496992933 0.03119462551010483
2 0.8546906035752532 0.5653230092443488 0.034836078617427144 0.021645250353950304
2 0.8372725642665398 0.5449510089112191 0.038176524512248795 0.05984275097856846
2 0.7912221315736396 0.5834668220410424 0.011930163910077713 0.03628762559338726
2 0.7318099153014523 0.6140248225407368 0.026723567158574185 0.02610162542682239
2 0.7888360987916241 0.6280305727697635 0.024337534376558615 0.021008625343540012
2 0.9100465641180138 0.6439461980300212 0.027200773714977075 0.05029337582241381
2 0.912671200178231 0.6802338236234082 0.01145295735367462 0.03756087561420795
2 0.8900038887490834 0.6340785103686614 0.015747816361302645 0.053476500874465344
2 0.8325004987025085 0.7671331375444146 0.037222111399442516 0.050930000832824215
2 0.9236469509755024 0.772226137627697 0.050583894978729595 0.03310450054133573
2 0.9713676066158133 0.7337103244978737 0.03340445894821768 0.02228187536436058
2 0.7783375545507555 0.7486710122425158 0.025291947489364797 0.05856950095774784
2 0.7349117579180725 0.6719576984880742 0.0128845770228839 0.01718887528107821
2 0.8833229969594397 0.8656721228034262 0.025291947489364898 0.03183125052051517
2 0.8988322100425408 0.9267881238028153 0.01717943603051193 0.0381975006246181
2 0.953472360750697 0.9226500612351484 0.029109599940589644 0.035014375572566696
2 0.887617855967068 0.9503432491879964 0.015747816361302645 0.04074400066625934
