2 0.15531874427057374 0.11062831158909878 0.030452229474109038 0.14820192700918874
2 0.814 0.602833 0.015 0.0223333
2 0.6936702229474107 0.3990611875364361 0.026340445894821773 0.022789675072871985
2 0.7493981573833802 0.6167585625260257 0.028203685233240988 0.020183125052051654
2 0.8771897409329622 0.9603154373906924 0.0163867606615805 0.021543624927127466
2 0.3365000000000001 0.450333 0.014000000000000002 0.022666699999999998
2 0.22875 0.3858329999999999 0.020500000000000004 0.0196667
2 0.8022617606615811 0.11487662492712795 0.02006765245122552 0.05091850037477079
2 0.9221249999999998 0.5768330000000002 0.024250000000000004 0.018333300000000004
2 0.9582727934435966 0.2818197500624618 0.023726478676837335 0.03939920020820609
2 0.8013749999999998 0.8815 0.01375 0.0243333
2 0.8323967016242477 0.11144312513533411 0.031747816361303506 0.04276545031230887
2 0.3175 0.0778333 0.023 0.0196667
2 0.28175000000000006 0.449 0.0155 0.018666700000000005
2 0.43257941311280595 0.2686469998334353 0.018658826225612934 0.04603870033313005
2 0.07206728851144202 0.3965768750312309 0.026634577022883917 0.02381975006246167
2 0.3225 0.659 0.017500000000000005 0.022666699999999998
2 0.6458749999999999 0.6995 0.015250000000000001 0.0316667
2 0.080625 0.300833 0.01625 0.0236667
2 0.6109886032782016 0.4454985624427435 0.022294859007627885 0.03500287511451321
2 0.34387499999999993 0.0735 0.01675 0.0236667
2 0.9727499999999998 0.34812193751561543 0.02440882622561288 0.035882675156154314
2 0.09413566884223268 0.7979838749479486 0.03018016391007766 0.037492200291488656
2 0.8105 0.945167 0.0235 0.015
2 0.1675683803307907 0.743138062567667 0.02586323933841863 0.027609425135333644
2 0.19787499999999997 0.368 0.022250000000000002 0.019333300000000005
2 0.47898787539863585 0.3156684375572568 0.03097575079727146 0.023336175114512886
2 0.743375 0.6840000000000002 0.01725 0.026000000000000002
2 0.054102206556403104 0.685561187536436 0.017204413112806217 0.031123075072871948
2 0.8967838262256129 0.5731669999999999 0.021567652451224675 0.02099999999999999
2 0.5725 0.45366700000000004 0.021 0.0213333
2 0.0671713147667596 0.413 0.03515737046648093 0.02000000000000002
2 0.5935000000000001 0.948833 0.013499999999999998 0.0256667
2 0.67 0.1545 0.019499999999999997 0.0243333
2 0.46300000000000013 0.2365 0.0225 0.0203333
2 0.5326250000000001 0.817333 0.02075 0.021999999999999992
2 0.54725 0.847667 0.019499999999999997 0.025333300000000003
2 0.06612681969891461 0.356443125135334 0.05024636060217132 0.03421895027066759
2 0.14025 0.401333 0.017 0.020666699999999996
2 0.722 0.456167 0.0165 0.023
2 0.5745 0.932667 0.026000000000000002 0.018000000000000002
2 0.176625 0.824667 0.02025 0.02
2 0.8875110327820158 0.5343197500624616 0.024022065564030783 0.02797280012492363
2 0.7908750000000001 0.3016670000000001 0.01775 0.02
2 0.416875 0.5365 0.01625 0.017
2 0.13649999999999998 0.515 0.018499999999999996 0.025333300000000003
2 0.28237499999999993 0.1955 0.02025 0.0256667
2 0.17680502914735224 0.04806518828597785 0.05201551464793898 0.02228187536436059
2 0.36649463531758847 0.05093000083282423 0.019088262256124398 0.044563750728721194
2 0.3519398353472935 0.0607976884941839 0.019565468812527537 0.040107375655849056
2 0.3295111271963473 0.20753975339375866 0.05201551464793898 0.031831250520515136
2 0.15962559311684027 0.24541894151317167 0.02338312126375238 0.02864812546846364
2 0.3109000714966261 0.1015416891604433 0.037699317955845704 0.028648125468463608
2 0.4526304187483497 0.10981781429577721 0.03483607861742705 0.027374875447643013
2 0.4103976385066745 0.15310831500367775 0.02672356715857413 0.02228187536436058
2 0.5304150874420567 0.15119843997244686 0.029109599940589644 0.02228187536436058
2 0.5798059660297785 0.17125212780037147 0.04008535073786124 0.02928475047887392
2 0.6998234149651605 0.16042950262339628 0.010975750797271528 0.022918500374770893
2 0.6423200249185858 0.2527401291328901 0.018133849143318212 0.03692425060379753
2 0.6740542609193926 0.24319075397673562 0.026246360602171084 0.016552250270667864
2 0.4927157694862109 0.2641993793202755 0.014793403248496467 0.01782550029148846
2 0.8234335741308493 0.16233937765462716 0.02767798027138045 0.057296250936927244
2 0.9329524788253631 0.19830869074280927 0.03579049173023315 0.02100862534353999
2 0.9532337574724953 0.22950331625291404 0.04008535073786137 0.04138062567666966
2 0.7745199020995307 0.2979405048720216 0.018611055699721307 0.0585695009577478
2 0.7284694694066305 0.33995775555910157 0.01908826225612449 0.021645250353950304
2 0.7267992464592197 0.3600114433870262 0.031018426166202113 0.038834125635028444
2 0.6385160335246444 0.3619213184182569 0.026246360602171084 0.02228187536436058
2 0.6354141909080241 0.3803834437201558 0.013361783579286994 0.015915625260257586
2 0.7382522038128942 0.46919263267239303 0.02624636060217099 0.05729625093692728
2 0.6964966301276221 0.4274936944905183 0.031495632722605395 0.0248283754060017
2 0.6771697645932963 0.41667106931354303 0.019565468812527492 0.03501437557256663
2 0.6120310696442718 0.3052616924917401 0.020042675368930684 0.07830487628046721
2 0.4187624143010123 0.3631945684390776 0.027677980271380406 0.04392712571831088
2 0.5332919878377586 0.4357698196258521 0.02576915404576799 0.02610162542682239
2 0.5929428073881473 0.4605981950318539 0.04581182941469866 0.015915625260257586
2 0.3032647665941763 0.2874361922002516 0.02242870815094615 0.01973537532271936
2 0.20472161269693412 0.4348148821102366 0.03626769828663633 0.022918500374770924
2 0.14363917347733607 0.3816566937409764 0.031495632722605256 0.012095875197795774
2 0.09257807194220331 0.39311594392836186 0.029586806496992808 0.017188875281078146
2 0.15127447837978583 0.4488206323392634 0.058219199881179406 0.028011500458053232
2 0.1949388782906704 0.3864313813190537 0.01670222947410884 0.01782550029148849
2 0.3545644714075106 0.4984773831512669 0.020042675368930632 0.08148800133251868
2 0.01503200652669796 0.5166211959479606 0.02815518682778348 0.046473625759952064
2 0.09711153422803286 0.6006556973221204 0.029109599940589703 0.013369125218616398
2 0.221423842171043 0.6124332600147112 0.05058389497872965 0.04711025077036242
2 0.21044809137377146 0.6512673856497396 0.017179436030511978 0.042017250687080024
2 0.24934042572062493 0.6716393859828692 0.03292725239181457 0.021645250353950304
2 0.27773421582660995 0.5688244468016054 0.02099708848173682 0.02355512538518114
2 0.24194372409637674 0.6474476355872778 0.01717943603051193 0.025465000416412108
2 0.48555767114016424 0.5137563834011142 0.02147429503813996 0.02037200033312967
2 0.6618854937311133 0.5650046967391437 0.014316196692093181 0.04392712571831088
2 0.6960057625139358 0.5449510089112192 0.03579049173023334 0.021645250353950304
2 0.6742928641975943 0.5961993222492484 0.017179436030512026 0.0299213754892842
2 0.6249019856098723 0.5802836969889907 0.02147429503813996 0.013369125218616398
2 0.6220387462714538 0.6044754473845825 0.017656642586915024 0.035014375572566696
2 0.6330144970687254 0.6452194480508414 0.019565468812527492 0.018462125301898648
2 0.5740794873529411 0.7028340114929741 0.036267698286636424 0.024191750395591547
2 0.9498933115776736 0.5067535082866008 0.03245004583541148 0.054749750895286026
2 0.9176818690204638 0.6321686353374306 0.023383121263752523 0.05602300091610658
2 0.8797439477864164 0.6041571348793773 0.027677980271380558 0.04711025077036242
2 0.8649505445379202 0.6633632608475353 0.01622502291770574 0.077668251270057
2 0.8515887609586329 0.6388531979467388 0.02290591470734924 0.0515666258432345
2 0.7189253382785685 0.7391216370863612 0.020997088481736773 0.03819750062461823
2 0.7594878955728329 0.8887285145327823 0.020042675368930684 0.03692425060379753
2 0.8272512265820744 0.9253344526313747 0.039130937625054985 0.017188875281078084
2 0.8592240658610827 0.9462051866203293 0.014316196692093181 0.0388341256350285
2 0.8513501576804314 0.9560728742816892 0.024337534376558615 0.042017250687080024
2 0.8265354167474699 0.9465234991255345 0.019565468812527492 0.01782550029148849
2 0.6385160335246444 0.7908686840802156 0.0128845770228839 0.03628762559338726
2 0.625870059779962 0.7950067466478826 0.013361783579287093 0.025465000416412108
2 0.6079748139148454 0.7606289960857262 0.012884577022883995 0.03183125052051517
2 0.5819670565908758 0.9608475618597665 0.019088262256124304 0.03119462551010489
2 0.5354394173415726 0.8959118107979155 0.031972839279008396 0.021008625343539894
2 0.5392570697927976 0.8704468103815034 0.02815518682778346 0.04774687578077269
2 0.4884345715358664 0.8599424977097335 0.03149563272260529 0.021645250353950304
2 0.4657672601067187 0.7759079963355737 0.015747816361302645 0.0381975006246181
2 0.4273521323162683 0.776862933851189 0.03435887206102391 0.02355512538518114
2 0.4137517454587797 0.749806370908751 0.02338312126375238 0.030558000499694482
2 0.4099340930075548 0.9204218736987123 0.03579049173023324 0.03310450054133573
2 0.28800781784656027 0.8379789348505778 0.09353248505500958 0.06811887611390242
2 0.22907280813077618 0.7373921832057502 0.03769931795584565 0.0515666258432345
2 0.05845780315938096 0.9735800620679725 0.061559645776001176 0.05283987586405506
