0 0.8481253639397813 0.5978937499791792 0.023612511458855245 0.017360499875076704
0 0.10292926617445644 0.13015185944938237 0.01822679114021636 0.03082644634356305
0 0.21759044589482177 0.262167 0.02218089178964358 0.021000000000000015
0 0.6376819836089915 0.1772267499791794 0.019862511458851647 0.02191275014574409
0 0.2145 0.646833 0.0155 0.0276667
0 0.038500000000000006 0.4913330000000001 0.019499999999999997 0.0126667
0 0.77375 0.730333 0.018499999999999996 0.022666699999999998
0 0.883375 0.569167 0.00575 0.025
0 0.6247499999999999 0.6440000000000002 0.0115 0.0166667
0 0.7235801409923706 0.4918036250104101 0.02406619669209623 0.020333300000000432
0 0.416125 0.828333 0.01775 0.0326667
2 0.24843198360899219 0.7036380625676663 0.013636032782015448 0.0485551253851824
0 0.660386396721798 0.08569811254684633 0.021544859007628626 0.020062925093692757
0 0.8063749999999998 0.264167 0.01725 0.0263333
0 0.72225 0.512667 0.016 0.019333300000000005
0 0.895 0.6328329999999999 0.019499999999999997 0.0236667
0 0.9925 0.6566670000000001 0.015 0.014000000000000004
0 0.07762463606021706 0.7065 0.02174927212043425 0.018333300000000004
0 0.08192252496575994 0.15566699999999972 0.024845049931519772 0.02333329999999997
2 0.1040426617445646 0.16033299999999998 0.023585323489129353 0.022000000000000085
0 0.16612500000000005 0.39149999999999996 0.01825 0.025
0 0.7600794131128056 0.7493036250104099 0.018385304902450838 0.025639500124924063
0 0.669625 0.5756670000000002 0.010250000000000002 0.021999999999999992
0 0.04854522294741088 0.3244549375156154 0.020090445894821753 0.02424317503123098
0 0.6672386032782012 0.22159156252602571 0.014566924571659286 0.0316094251353341
0 0.12231801639100776 0.5699084374739737 0.018999272120434257 0.03182262517697594
1 0.5472044131128063 0.5355768750312309 0.016408826225612218 0.021153050062461966
0 0.754375 0.695333 0.01075 0.0326667
0 0.5663639672179841 0.3916978125468462 0.014272065564031522 0.03376257519779588
0 0.84125 0.2955 0.019 0.0243333
1 0.38859117377438745 0.684667 0.020317652451224712 0.0166667
0 0.259125 0.732 0.01575 0.0306667
0 0.8867499999999999 0.963167 0.014000000000000002 0.0256667
0 0.5080113967217984 0.5513780624843844 0.016340445894821767 0.028762575197796167
2 0.3457499999999996 0.38175856252602564 0.019499999999999997 0.018849825052051506
2 0.48548896721798457 0.9131366250104095 0.021748544240868285 0.028459250187386455
2 0.5756588262256117 0.16757687503123073 0.01663676066158246 0.023153050062462044
0 0.386375 0.647667 0.01625 0.019333300000000005
1 0.45849999999999996 0.683456375072872 0.017 0.028000000000000008
0 0.05375 0.283333 0.017 0.0233333
0 0.953625 0.468 0.01075 0.024666699999999996
0 0.233375 0.445167 0.01875 0.031
0 0.28575 0.99 0.0165 0.02
0 0.4795680163910078 0.6646498749479477 0.01963603278201533 0.02148645006246267
0 0.33811360327820145 0.025894887536436064 0.02736251145885304 0.017969925010410295
0 0.5571249999999999 0.18701612505205145 0.017249999999999984 0.03069955010410309
0 0.03973896721798444 0.5117500628175137 0.0175235213231627 0.02003007498959036
0 0.45399999999999996 0.6503330000000002 0.013499999999999998 0.018666700000000005
0 0.03 0.391333 0.017 0.0233333
0 0.179 0.26333299999999993 0.017 0.02
0 0.19294338033079061 0.779833 0.023522065564031167 0.02487980004164149
0 0.9370227934435964 0.4324999999999995 0.019772065564030553 0.01899999999999999
0 0.5907617606615814 0.24359156252602568 0.024476478676837082 0.021183125052051725
0 0.8861250000000002 0.386833 0.01975 0.0196667
0 0.43500000000000005 0.616333 0.02 0.0166667
0 0.981375 0.4335 0.014250000000000002 0.0203333
0 0.5171933803307908 0.5234549375156154 0.01497647867683697 0.027336175114513396
0 0.4691132393384187 0.45805974997917936 0.021 0.024
0 0.82625 0.3048330000000001 0.014500000000000002 0.021666699999999997
0 0.825 0.822167 0.019 0.0236667
0 0.3546250000000001 0.8225 0.01675 0.021666699999999997
0 0.695125 0.8356670000000002 0.01875 0.0233333
0 0.0255 0.6828329999999998 0.017 0.0203333
0 0.7609999999999991 0.6404069999167175 0.018000000000000006 0.03245925018738545
0 0.229625 0.282667 0.02075 0.024
1 0.27037500000000003 0.30666699999999997 0.02075 0.0166667
0 0.8164661737743873 0.16022674997917946 0.02375 0.0236667
0 0.7194544131128054 0.6226351874531535 0.018363239338419643 0.03466957511451334
0 0.37512499999999993 0.764333 0.01825 0.024
0 0.19487500000000002 0.257167 0.019250000000000003 0.0236667
0 0.2671930163910077 0.4181669999999999 0.027158098346046686 0.01899999999999998
0 0.23462499999999997 0.710833 0.01625 0.028333299999999995
0 0.42125 0.710833 0.018 0.0236667
0 0.39279558688719374 0.8889098750312308 0.0225 0.0173333
0 0.4545 0.818167 0.02 0.0263333
0 0.45399999999999996 0.710333 0.013499999999999998 0.029333299999999996
0 0.23929266174456465 0.04526821737883615 0.013499999999999998 0.0276667
0 0.703715809834604 0.6350303749895896 0.020840445894822417 0.023999999999999994
0 0.8216141963950411 0.2737593155866545 0.01618234754877391 0.01984407482302456
0 0.7674316196692093 0.7868472499375382 0.016 0.0286667
0 0.6553525704961859 0.3431669999999999 0.02229485900762799 0.017666699999999994
0 0.3066249999999999 0.738 0.01875 0.018666700000000005
0 0.19024999999999997 0.7543330000000001 0.019499999999999997 0.020666699999999996
0 0.4172499999999997 0.2611831250520515 0.017 0.025699550104102967
0 0.08369301639100774 0.5022414374739735 0.014386032782015565 0.03782262517697623
0 0.20237499999999997 0.3124549375156154 0.026249999999999992 0.018909875031230913
0 0.2611246360602171 0.8223329999999998 0.024249272120434266 0.021333299999999986
0 0.015454777052589106 0.7700768750312311 0.01859044589482175 0.027486450062461518
0 0.742125 0.8106669999999998 0.01675 0.0266667
0 0.22575 0.6356669999999999 0.016 0.032
0 0.361875 0.45649999999999996 0.02175 0.017
0 0.502 0.06966670000000001 0.017500000000000005 0.0213333
0 0.198625 0.631833 0.01825 0.021
0 0.6366250000000001 0.6466670000000001 0.02375 0.018666700000000005
0 0.34325000000000006 0.594667 0.019499999999999997 0.0306667
0 0.1754176617445647 0.08898567606825424 0.021618258791303403 0.02794177103527313
0 0.0815 0.598833 0.018 0.019
0 0.40537500000000004 0.5195 0.019250000000000003 0.0196667
0 0.8688749999999998 0.548833 0.01375 0.027000000000000003
0 0.653125 0.166333 0.022250000000000002 0.0213333
0 0.46612500000000007 0.806667 0.01775 0.021999999999999992
0 0.5026022065564029 0.1399999999999999 0.022522065564030774 0.018666699999999998
0 0.14125 0.6409999999999999 0.017500000000000005 0.0266667
0 0.31050000000000005 0.892167 0.02 0.019
0 0.88325 0.5685 0.017500000000000005 0.030333300000000004
0 0.5262499999999999 0.19966699999999998 0.020500000000000004 0.018666700000000005
0 0.657875 0.9883330000000001 0.01675 0.0233333
0 0.48512500000000003 0.636 0.02025 0.0233333
0 0.637625 0.204333 0.02025 0.019333300000000005
0 0.0999547770525891 0.49313662501040995 0.022090445894821776 0.0236667
0 0.5972382393384188 0.3531366250104103 0.024476478676837766 0.02700000000000001
0 0.2535 0.476167 0.018499999999999996 0.03633329999999999
0 0.66275 0.18366699999999997 0.0165 0.0286667
1 0.17615882622561232 0.4325303749895888 0.021772065564030774 0.02099999999999995
0 0.2672044131128062 0.23213662501041032 0.019 0.031
1 0.593875 0.8640000000000002 0.01625 0.026000000000000002
0 0.39475 0.583667 0.017 0.034
0 0.91025 0.4775 0.0155 0.0276667
0 0.41945441311280623 0.12580362501041015 0.02381765245122488 0.02166669999999999
0 0.06587500000000002 0.30600000000000005 0.02125 0.024
0 0.177375 0.2365 0.019250000000000003 0.019
0 0.84325 0.34816699999999995 0.0165 0.0243333
0 0.24380661966920938 0.32666699999999976 0.02311323933841859 0.020666699999999986
0 0.5625 0.6535 0.018499999999999996 0.0236667
0 0.78625 0.10883299999999999 0.0155 0.029000000000000005
0 0.7866250000000001 0.268833 0.01725 0.023
1 0.8514544131128057 0.38839518753643576 0.016591173774388422 0.032123075072872556
0 0.3726249999999999 0.3712135000416413 0.01625 0.032
0 0.189375 0.39599999999999996 0.01775 0.024666699999999996
1 0.581875 0.743167 0.019250000000000003 0.028333299999999995
0 0.807 0.338 0.019 0.019333300000000005
0 0.7666249999999999 0.6793330000000001 0.01625 0.0306667
0 0.6221250000000002 0.646833 0.014250000000000002 0.0263333
0 0.67 0.138833 0.019499999999999997 0.027000000000000003
0 0.45050000000000007 0.529667 0.015 0.03
0 0.397 0.7483330000000001 0.019499999999999997 0.0306667
0 0.9221249999999999 0.867167 0.01475 0.029666699999999997
0 0.687 0.4765 0.017 0.0243333
0 0.101625 0.770833 0.01875 0.0316667
0 0.530375 0.5723330000000001 0.01875 0.016
0 0.581625 0.325667 0.01875 0.019333300000000005
0 0.7209205868871931 0.7922879375156147 0.019613239338419634 0.02827612513533494
0 0.46149999999999997 0.422167 0.017 0.030333300000000004
0 0.41119301639100747 0.3597879375156153 0.02188603278201603 0.026909875031231177
0 0.6097500000000001 0.332667 0.017500000000000005 0.035333300000000005
1 0.36911323933841866 0.5949098750312309 0.024226478676837485 0.021819750062461812
0 0.6499886032782011 0.3064696250104103 0.0223404458948212 0.02657945014574437
0 0.680829777052589 0.30680362501041036 0.024203685233240547 0.016999999999999998
0 0.209875 0.423 0.02375 0.024666699999999996
1 0.49425000000000013 0.880667 0.016 0.020666699999999996
0 0.09387499999999999 0.4640000000000001 0.01975 0.019333300000000005
0 0.5494999999999999 0.316 0.0165 0.035333300000000005
1 0.47900000000000004 0.5353330000000001 0.017500000000000005 0.0333333
0 0.434625 0.838667 0.014250000000000002 0.0306667
0 0.5375 0.09416669999999999 0.019499999999999997 0.029666699999999997
0 0.8916249999999999 0.6843330000000001 0.01725 0.0286667
0 0.747125 0.635833 0.015250000000000001 0.027000000000000003
0 0.55825 0.517833 0.019 0.021666699999999997
0 0.8778749999999998 0.8766669999999999 0.015250000000000001 0.029333299999999996
0 0.502375 0.465333 0.02025 0.0213333
0 0.56325 0.35949999999999993 0.016 0.030333300000000004
0 0.36237499999999995 0.1588795000416412 0.01775 0.032
0 0.3666249999999999 0.845 0.02175 0.02
0 0.0255 0.657 0.0165 0.032
0 0.70125 0.4966670000000001 0.017500000000000005 0.024
0 0.486375 0.685167 0.02075 0.0236667
0 0.4338750000000001 0.38933300000000004 0.019250000000000003 0.0213333
0 0.8950000000000001 0.5989999999999999 0.018 0.024
0 0.73 0.0978333 0.017 0.028333299999999995
0 0.45399999999999996 0.6476670000000001 0.018499999999999996 0.0366667
0 0.577625 0.497333 0.01675 0.025333300000000003
0 0.417625 0.828167 0.01975 0.013666700000000002
0 0.429375 0.7318330000000001 0.01725 0.028333299999999995
0 0.5373749999999999 0.502667 0.01575 0.028000000000000008
0 0.20125 0.288 0.017500000000000005 0.0266667
0 0.5461250000000001 0.167667 0.019250000000000003 0.020666699999999996
0 0.35375 0.426833 0.015 0.029000000000000005
0 0.517875 0.897333 0.01875 0.026000000000000002
0 0.76625 0.8284999999999999 0.017500000000000005 0.0223333
0 0.486125 0.6035000000000001 0.02025 0.021
0 0.24599999999999997 0.6194999999999999 0.0155 0.029000000000000005
0 0.6822500000000001 0.19716699999999998 0.021 0.0223333
0 0.6837955868871927 0.7624999999999994 0.025589718015257827 0.024032950104103744
0 0.405125 0.699333 0.01875 0.029333299999999996
0 0.957505553511075 0.538015999417023 0.02 0.0306667
0 0.6895 0.907333 0.018 0.024
1 0.24249999999999983 0.58896962501041 0.02954413112806238 0.02048645006246232
0 0.498375 0.647333 0.01875 0.0213333
0 0.8537777538378317 0.6202946270924707 0.019727206556403122 0.017573699916717433
0 0.382 0.7268329999999998 0.019 0.0263333
2 0.6884649471923133 0.548646687911207 0.01775 0.02521032492712809
2 0.3318971599783629 0.048383500791183 0.05678758021197005 0.02673825043723271
0 0.2748709764881913 0.22027225360196467 0.015270609804899509 0.030558000499694513
0 0.6728612445283849 0.09517543905634022 0.002863239338418749 0.0006366250104102965
0 0.8313074823115006 0.31735756768953577 0.021474295038139867 0.018462125301898766
0 0.8210475413488338 0.32531538031966456 0.02290591470734933 0.01782550029148849
0 0.8141280462809886 0.2887094422210722 0.013838990135690088 0.028648125468463608
0 0.8797439477864163 0.4462741322976222 0.021951501594543055 0.016552250270667864
0 0.16869251768849933 0.4087132566834143 0.020519881925333727 0.01909875031230905
1 0.01837245242151973 0.49879569565647186 0.019565468812527506 0.02228187536436058
0 0.03006401305339592 0.5054802582657802 0.01527060980489952 0.021645250353950242
2 0.33619201898599094 0.4357698196258521 0.012884577022883948 0.015915625260257586
1 0.5762269168567551 0.5140746959063194 0.013838990135690088 0.03119462551010489
0 0.8558836199662606 0.6054303849001978 0.024814740932961613 0.01782550029148849
0 0.7506595742793749 0.6722760109932796 0.019565468812527492 0.015279000249847241
2 0.7179709251657619 0.6866000737275114 0.013361783579287093 0.015915625260257523
0 0.9875926295335191 0.7353018870238995 0.020042675368930684 0.01909875031230905
1 0.7747585053777319 0.7002875114513327 0.015270609804899462 0.026738250437232672
2 0.4953540666037113 0.8994132483551722 0.023383121263752336 0.03819750062461823
0 0.34217076199831303 0.8153787469810121 0.02338312126375238 0.021645250353950304
2 0.3896528143604225 0.8803144980428631 0.01145295735367462 0.012732500208205993
1 0.3884597979694147 0.6304391814568192 0.01670222947410888 0.03119462551010489
0 0.10689426863429659 0.9045062484384546 0.018133849143318177 0.017825500291488366
