0 0.9742499999999998 0.134333 0.016 0.026000000000000002
0 0.730125 0.554833 0.023250000000000003 0.0163333
0 0.600375 0.246833 0.014250000000000002 0.0276667
0 0.5425 0.407667 0.0235 0.0146667
0 0.577125 0.317 0.019250000000000003 0.0266667
0 0.504875 0.858833 0.02275 0.0176667
0 0.5837500000000001 0.283667 0.0155 0.0233333
0 0.825 0.881833 0.019 0.0203333
0 0.6245 0.4855 0.02 0.0223333
0 0.16574999999999998 0.6949999999999998 0.021 0.018000000000000002
0 0.7695000000000001 0.558833 0.02 0.0203333
0 0.131375 0.100667 0.023250000000000003 0.018000000000000002
0 0.799125 0.4825 0.01625 0.025
0 0.915 0.755 0.017500000000000005 0.021999999999999992
0 0.15974999999999998 0.473833 0.017500000000000005 0.028333299999999995
0 0.270125 0.30816699999999997 0.019250000000000003 0.0203333
0 0.831125 0.918333 0.01675 0.026000000000000002
0 0.22975 0.845833 0.0225 0.0196667
0 0.716125 0.488 0.01725 0.020666699999999996
0 0.7345 0.582333 0.018 0.0213333
0 0.050125 0.505 0.01875 0.0213333
0 0.115875 0.446 0.014250000000000002 0.0266667
0 0.9017499999999999 0.374667 0.016 0.026000000000000002
0 0.0095 0.904 0.019 0.018666700000000005
0 0.65325 0.473667 0.018 0.018666700000000005
0 0.7488749999999998 0.578 0.01825 0.0213333
0 0.9345 0.846 0.0165 0.0166667
0 0.848625 0.8138330000000003 0.01725 0.0196667
0 0.12425000000000001 0.06066669999999999 0.019499999999999997 0.020666699999999996
0 0.37675 0.46783299999999994 0.0225 0.019
0 0.184125 0.36666699999999997 0.019250000000000003 0.026000000000000002
0 0.8376249999999998 0.865333 0.01725 0.0233333
0 0.829625 0.825333 0.01875 0.0273333
0 0.6 0.19549999999999998 0.019 0.0203333
0 0.7885 0.249833 0.021 0.0236667
0 0.168375 0.0848333 0.02125 0.0243333
0 0.785625 0.490333 0.01075 0.0313333
0 0.108875 0.17566699999999996 0.01475 0.036000000000000004
0 0.088875 0.163833 0.02575 0.019
0 0.561599263786723 0.18442124999053608 0.016742658701508744 0.021509199981072223
0 0.159375 0.8515 0.023250000000000003 0.0203333
0 0.45425000000000004 0.749333 0.022 0.018666700000000005
0 0.88775 0.467 0.0165 0.025333300000000003
0 0.213125 0.0725 0.025250000000000005 0.018333300000000004
0 0.32175 0.5813330000000001 0.024 0.018666700000000005
0 0.03574999999999999 0.387167 0.022 0.018333300000000004
0 0.83375 0.8475 0.023 0.0163333
0 0.8326249999999998 0.891333 0.02125 0.02
0 0.2145 0.705833 0.019 0.029000000000000005
0 0.6291249999999999 0.46216700000000005 0.01775 0.021
0 0.6287499999999999 0.138667 0.022 0.0233333
0 0.10612499999999998 0.6350000000000001 0.02125 0.022666699999999998
0 0.5763749999999999 0.271 0.025250000000000005 0.019333300000000005
0 0.8888750000000001 0.755167 0.01875 0.0163333
0 0.605875 0.719833 0.02475 0.0163333
0 0.44312499999999994 0.819833 0.02075 0.021
0 0.11287499999999998 0.376 0.025250000000000005 0.018000000000000002
0 0.746 0.5323329999999998 0.018499999999999996 0.026000000000000002
0 0.876375 0.395333 0.01875 0.029333299999999996
0 0.5923749999999999 0.212667 0.01675 0.0273333
0 0.7986249999999999 0.8393330000000002 0.019250000000000003 0.0233333
0 0.34475 0.168 0.0215 0.02
0 0.76075 0.53 0.017 0.026000000000000002
0 0.8498750000000002 0.8454999999999999 0.02175 0.015
0 0.15812499999999996 0.6515 0.01625 0.025
0 0.161375 0.15683299999999997 0.01575 0.029666699999999997
0 0.5689999999999998 0.954 0.014500000000000002 0.0273333
0 0.8915000000000001 0.433 0.023 0.020666699999999996
0 0.758 0.44616700000000004 0.016 0.0243333
0 0.03837499999999999 0.628333 0.02275 0.018000000000000002
0 0.42475 0.586167 0.025 0.0196667
0 0.837125 0.08 0.01725 0.024666699999999996
0 0.7265 0.462667 0.013499999999999998 0.032
0 0.6830000000000002 0.742667 0.021 0.019333300000000005
0 0.12149999999999998 0.473 0.018 0.0306667
0 0.7675 0.7766670000000001 0.0165 0.025333300000000003
0 0.8957500000000002 0.335833 0.017 0.0263333
0 0.50225 0.8965 0.023 0.018333300000000004
0 0.102 0.102 0.017500000000000005 0.026000000000000002
0 0.59325 0.260333 0.014500000000000002 0.0313333
0 0.8847500000000003 0.511833 0.017500000000000005 0.021666699999999997
0 0.6029999999999999 0.225833 0.017 0.021666699999999997
0 0.5362830879289077 0.1825 0.01756617585781535 0.0243333
0 0.501375 0.522167 0.02275 0.0176667
0 0.1495 0.835 0.019 0.02
0 0.61925 0.22200000000000003 0.016 0.024666699999999996
0 0.80275 0.9016670000000001 0.0125 0.032
0 0.3005 0.530667 0.020500000000000004 0.028000000000000008
0 0.567625 0.15516699999999997 0.019250000000000003 0.025
0 0.08 0.1465 0.020500000000000004 0.0176667
0 0.07 0.39433299999999993 0.0245 0.0166667
0 0.620125 0.121167 0.01625 0.0276667
0 0.136 0.20183300000000004 0.017 0.03300000000000001
0 0.14525 0.7085000000000001 0.0215 0.019
0 0.09787499999999999 0.7606669999999999 0.02375 0.0166667
0 0.804875 0.30300000000000005 0.014250000000000002 0.0266667
0 0.5923749999999999 0.741 0.01825 0.021999999999999992
0 0.18099999999999997 0.47533299999999995 0.013000000000000001 0.0286667
0 0.987 0.260833 0.0215 0.0203333
0 0.5528750000000001 0.147333 0.01725 0.020666699999999996
0 0.814625 0.8420000000000001 0.022250000000000002 0.018666700000000005
0 0.14175 0.08666669999999999 0.0215 0.020666699999999996
0 0.14412499999999998 0.676333 0.01375 0.029333299999999996
0 0.6623750000000002 0.713 0.02175 0.0173333
0 0.4927500000000001 0.205 0.019 0.018000000000000002
0 0.03275 0.5085 0.022 0.021666699999999997
0 0.06450000000000002 0.166 0.014000000000000002 0.03
0 0.454125 0.0676667 0.01825 0.024666699999999996
0 0.22987500000000005 0.9313329999999997 0.02075 0.0213333
0 0.13450000000000004 0.6975000000000001 0.0235 0.0203333
0 0.638625 0.48033300000000007 0.01725 0.025333300000000003
0 0.3405 0.3603330000000001 0.0265 0.0173333
0 0.619125 0.2395 0.02375 0.021
0 0.4539999999999999 0.9818330000000001 0.015 0.0316667
0 0.7823750000000002 0.7945 0.022250000000000002 0.021
0 0.37837499999999996 0.545833 0.014250000000000002 0.0343333
0 0.26875 0.363167 0.0235 0.0203333
0 0.8927500000000002 0.116667 0.0165 0.03
0 0.711625 0.513333 0.02175 0.018000000000000002
0 0.821625 0.06816669999999998 0.02575 0.017
0 0.289875 0.30450000000000005 0.02075 0.025
0 0.10475 0.7781670000000002 0.022 0.0203333
0 0.9139999999999999 0.05000000000000001 0.0215 0.018666700000000005
0 0.32475000000000004 0.40183300000000005 0.018 0.0256667
0 0.390375 0.856333 0.019250000000000003 0.022666699999999998
0 0.012625000000000003 0.501 0.01875 0.0213333
0 0.359625 0.0453333 0.01825 0.0306667
0 0.43875 0.479167 0.0155 0.031
0 0.380625 0.49 0.023250000000000003 0.018000000000000002
0 0.146625 0.607167 0.02125 0.0176667
0 0.68425 0.148833 0.014500000000000002 0.0316667
0 0.24287499999999998 0.9495 0.01875 0.0243333
0 0.52125 0.0105 0.02 0.021
0 0.08837500000000001 0.09333330000000001 0.023250000000000003 0.022666699999999998
0 0.76 0.674667 0.021 0.0166667
0 0.57625 0.0741667 0.017 0.029000000000000005
0 0.1845 0.754333 0.0165 0.025333300000000003
0 0.5627500000000001 0.052833300000000014 0.018499999999999996 0.0256667
0 0.73575 0.668833 0.020500000000000004 0.0203333
0 0.824375 0.445 0.01825 0.0233333
0 0.780375 0.575833 0.01825 0.0256667
0 0.30225 0.959833 0.0225 0.023
0 0.20162500000000003 0.713 0.01875 0.018666700000000005
0 0.906125 0.411333 0.02375 0.018666700000000005
0 0.503625 0.39083299999999993 0.01775 0.029666699999999997
0 0.30775 0.35616700000000007 0.019 0.028333299999999995
0 0.9388749999999999 0.406 0.02275 0.018000000000000002
0 0.677625 0.587333 0.02175 0.02
0 0.516125 0.8446669999999998 0.014250000000000002 0.0286667
0 0.701875 0.499 0.01875 0.0273333
0 0.16537499999999994 0.386333 0.01675 0.03
0 0.517875 0.3836669999999999 0.01225 0.0286667
0 0.8931250000000002 0.502167 0.02275 0.0163333
0 0.175125 0.723167 0.019250000000000003 0.0196667
0 0.783625 0.2685 0.01975 0.0243333
0 0.9768749999999998 0.8665 0.02125 0.0176667
0 0.386125 0.570833 0.015250000000000001 0.03300000000000001
0 0.293 0.589333 0.022 0.018666700000000005
0 0.141125 0.434667 0.02175 0.018666700000000005
0 0.23362499999999997 0.429833 0.02175 0.019
0 0.366 0.154333 0.015 0.032
0 0.78925 0.9160000000000003 0.014500000000000002 0.03
0 0.826125 0.6274999999999998 0.02075 0.0203333
0 0.210625 0.0511667 0.01725 0.0276667
0 0.46587500000000004 0.1735 0.025250000000000005 0.0196667
0 0.06512499999999999 0.838833 0.023250000000000003 0.0203333
0 0.865875 0.44800000000000006 0.015250000000000001 0.032
0 0.5365 0.784167 0.018 0.0223333
0 0.094875 0.062166700000000005 0.02125 0.0263333
0 0.013625000000000003 0.532833 0.01675 0.0236667
0 0.6942499999999999 0.471333 0.0155 0.0273333
0 0.8975 0.596667 0.013499999999999998 0.0273333
0 0.423625 0.608167 0.02025 0.0196667
0 0.16075 0.20533299999999996 0.02 0.021999999999999992
0 0.771875 0.262667 0.019250000000000003 0.024666699999999996
0 0.49900000000000005 0.586833 0.014500000000000002 0.031
0 0.837125 0.2705 0.01825 0.0263333
0 0.8392500000000002 0.391667 0.019 0.02
0 0.708125 0.389833 0.02025 0.018333300000000004
0 0.5831249999999999 0.0451667 0.023250000000000003 0.018333300000000004
0 0.126125 0.07916670000000002 0.019250000000000003 0.0263333
0 0.241625 0.552833 0.025250000000000005 0.0163333
0 0.391625 0.331167 0.023250000000000003 0.021
0 0.5253749999999999 0.410167 0.01975 0.018333300000000004
0 0.82075 0.818833 0.016 0.0256667
0 0.507125 0.148333 0.01725 0.032
0 0.281125 0.10983300000000001 0.022250000000000002 0.0203333
0 0.5475 0.16233300000000003 0.019499999999999997 0.026000000000000002
0 0.71125 0.1945 0.0225 0.019
0 0.557 0.9515 0.019499999999999997 0.021666699999999997
0 0.782 0.6193329999999999 0.023 0.0173333
0 0.82525 0.7106670000000002 0.014500000000000002 0.029333299999999996
0 0.8370000000000001 0.635833 0.02 0.021
0 0.18137499999999998 0.269 0.01575 0.0313333
0 0.14387500000000003 0.05649999999999999 0.01975 0.0263333
0 0.293125 0.494667 0.015250000000000001 0.032
0 0.5306250000000001 0.653333 0.01575 0.026000000000000002
0 0.470125 0.372667 0.01875 0.029333299999999996
0 0.6622499999999999 0.4555 0.016 0.0276667
0 0.8057500000000001 0.819 0.019499999999999997 0.024
0 0.02075 0.5225 0.019 0.023
0 0.8169999999999998 0.428167 0.014000000000000002 0.0323333
0 0.600875 0.7318330000000001 0.02025 0.0203333
0 0.621625 0.730833 0.014250000000000002 0.0323333
0 0.228625 0.949 0.01575 0.0273333
0 0.740125 0.432667 0.01275 0.032
0 0.7042500000000002 0.9768329999999998 0.0125 0.0316667
0 0.70675 0.526833 0.020500000000000004 0.021
0 0.2585 0.0741667 0.0245 0.019
0 0.53325 0.551333 0.0165 0.0313333
0 0.49737500000000007 0.841167 0.01625 0.0256667
0 0.676875 0.12616699999999997 0.02075 0.021666699999999997
0 0.08525 0.126 0.024 0.018000000000000002
0 0.193125 0.0868333 0.022250000000000002 0.0196667
0 0.65425 0.1335 0.016 0.031
0 0.18825 0.8771670000000001 0.018499999999999996 0.027000000000000003
0 0.8115000000000001 0.767667 0.017500000000000005 0.029333299999999996
0 0.515625 0.816167 0.01625 0.029666699999999997
0 0.8263750000000001 0.479667 0.022250000000000002 0.018666700000000005
0 0.270375 0.5966669999999998 0.01825 0.018000000000000002
0 0.91975 0.143167 0.020500000000000004 0.0223333
0 0.280125 0.5159999999999999 0.02075 0.024666699999999996
0 0.867 0.298 0.0165 0.028000000000000008
0 0.16225000000000006 0.7746670000000002 0.014500000000000002 0.032
0 0.7225 0.24133300000000002 0.017 0.0273333
0 0.336625 0.4058330000000001 0.01475 0.031
0 0.4925 0.610167 0.02 0.0223333
0 0.70525 0.468833 0.017 0.0243333
0 0.3665 0.9315000000000001 0.018499999999999996 0.023
0 0.79675 0.792 0.0155 0.026000000000000002
0 0.789875 0.693167 0.01475 0.028333299999999995
0 0.850625 0.291667 0.02125 0.020666699999999996
0 0.038375 0.7289999999999999 0.023250000000000003 0.019333300000000005
0 0.4145 0.632 0.017 0.03
0 0.25675 0.295333 0.015 0.034
0 0.7447500000000001 0.727833 0.015 0.029000000000000005
0 0.5502499999999999 0.426167 0.021 0.019
0 0.919875 0.7218330000000001 0.01975 0.0236667
0 0.45262500000000006 0.774667 0.019250000000000003 0.0213333
0 0.503625 0.21366699999999994 0.01975 0.03
0 0.2871250000000001 0.5685 0.01325 0.030333300000000004
0 0.9137499999999998 0.776333 0.021 0.022666699999999998
0 0.261 0.3808329999999999 0.0155 0.031
0 0.15525000000000003 0.0356667 0.0215 0.0233333
0 0.15875 0.35600000000000004 0.018499999999999996 0.024666699999999996
0 0.30887500000000007 0.121833 0.015250000000000001 0.030333300000000004
0 0.094625 0.571 0.014250000000000002 0.034
0 0.469 0.6144999999999999 0.023 0.019
0 0.4898749999999999 0.15 0.01725 0.024666699999999996
0 0.18275 0.152 0.019 0.021999999999999992
0 0.76325 0.240167 0.0225 0.019
0 0.522375 0.8916669999999999 0.024250000000000004 0.019333300000000005
0 0.8227499999999999 0.7971670000000002 0.0165 0.027000000000000003
0 0.305125 0.9121669999999998 0.01575 0.0243333
0 0.525375 0.600667 0.022250000000000002 0.02
0 0.531375 0.426833 0.02175 0.019
0 0.24675 0.843167 0.017 0.029666699999999997
0 0.525875 0.7756669999999999 0.015250000000000001 0.029333299999999996
0 0.28375000000000006 0.271833 0.024 0.0223333
0 0.609375 0.2576669999999999 0.01725 0.0266667
0 0.7805 0.3195 0.020500000000000004 0.025
0 0.10074999999999999 0.884667 0.018499999999999996 0.028000000000000008
0 0.237625 0.819667 0.01675 0.028000000000000008
0 0.482 0.933333 0.012 0.032
0 0.747125 0.504167 0.02075 0.0203333
0 0.2225 0.0408333 0.018 0.031
0 0.833625 0.428167 0.01725 0.0276667
0 0.410875 0.8855 0.014250000000000002 0.0263333
0 0.9781249999999999 0.305833 0.02275 0.0196667
0 0.941875 0.431 0.01625 0.03
0 0.44325 0.369333 0.017500000000000005 0.0306667
0 0.94025 0.347167 0.015 0.0316667
0 0.46962499999999996 0.722833 0.022250000000000002 0.0176667
0 0.681625 0.5583329999999999 0.01575 0.028000000000000008
0 0.16212499999999996 0.899833 0.024250000000000004 0.0196667
0 0.56975 0.7295 0.02 0.0256667
0 0.5311250000000001 0.0611667 0.02275 0.021666699999999997
0 0.89 0.37516700000000003 0.017 0.028333299999999995
0 0.358375 0.3741670000000001 0.023250000000000003 0.0163333
0 0.098875 0.652667 0.02175 0.020666699999999996
0 0.46075000000000005 0.661333 0.019 0.022666699999999998
0 0.50775 0.4411669999999999 0.022 0.021
0 0.667125 0.08783329999999999 0.01675 0.0263333
0 0.977 0.191167 0.0165 0.029666699999999997
0 0.107875 0.708667 0.01575 0.034666699999999995
0 0.059 0.8735 0.019499999999999997 0.0256667
0 0.9532500000000002 0.365333 0.021 0.02
0 0.9079999999999999 0.351833 0.024 0.019
0 0.634375 0.0275 0.01725 0.0316667
0 0.242375 0.530833 0.024250000000000004 0.017
0 0.616375 0.5865000000000001 0.01375 0.029666699999999997
0 0.6329999999999999 0.114833 0.020500000000000004 0.017
0 0.601375 0.494333 0.02125 0.018666700000000005
0 0.545375 0.892 0.014250000000000002 0.035333300000000005
0 0.281 0.8668330000000001 0.017500000000000005 0.023
0 0.5045 0.931833 0.013499999999999998 0.0336667
0 0.5528750000000001 0.9179999999999999 0.01975 0.024666699999999996
0 0.05600000000000001 0.591 0.018499999999999996 0.0273333
0 0.2623750000000001 0.488667 0.02125 0.020666699999999996
0 0.15375 0.805333 0.02 0.0233333
0 0.6163750000000001 0.770167 0.02175 0.025
0 0.568125 0.39683300000000005 0.01625 0.030333300000000004
0 0.571375 0.131167 0.02175 0.019
0 0.833625 0.30683299999999997 0.022250000000000002 0.0176667
0 0.6040000000000001 0.09649999999999999 0.021 0.0243333
0 0.53075 0.715833 0.0165 0.0243333
0 0.56 0.102333 0.017 0.026000000000000002
0 0.58225 0.42699999999999994 0.018499999999999996 0.029333299999999996
0 0.15225 0.729333 0.017 0.0286667
0 0.094375 0.6061669999999999 0.01675 0.0323333
0 0.5953750000000001 0.29583299999999996 0.02375 0.0163333
0 0.690875 0.484333 0.01675 0.029333299999999996
0 0.33025 0.745333 0.018499999999999996 0.0286667
0 0.774375 0.807333 0.01575 0.034666699999999995
0 0.0915 0.18333300000000002 0.018 0.0233333
0 0.725375 0.6830000000000002 0.01475 0.0326667
0 0.7758749999999999 0.4805 0.01275 0.029666699999999997
0 0.8662500000000002 0.824667 0.017500000000000005 0.029333299999999996
0 0.5428750000000001 0.7315 0.02125 0.025
0 0.5365 0.919 0.0165 0.029333299999999996
0 0.8651250000000001 0.874833 0.01625 0.029666699999999997
0 0.196875 0.6954999999999998 0.02075 0.019
0 0.173125 0.10949999999999999 0.015250000000000001 0.031
0 0.47725 0.15066699999999997 0.0125 0.03
0 0.580625 0.954 0.014250000000000002 0.0306667
0 0.16574999999999998 0.13816699999999998 0.018499999999999996 0.0256667
0 0.700375 0.711167 0.01775 0.0276667
0 0.41875 0.271667 0.017 0.028000000000000008
0 0.660625 0.554667 0.01975 0.026000000000000002
0 0.990625 0.209167 0.01875 0.0256667
0 0.21850000000000003 0.902 0.016 0.034666699999999995
0 0.25900000000000006 0.589167 0.018 0.021666699999999997
0 0.9458749999999999 0.392333 0.02375 0.0173333
0 0.501125 0.258833 0.02475 0.0203333
0 0.9169999999999999 0.3885 0.018 0.0236667
0 0.6555 0.11066700000000003 0.019499999999999997 0.021999999999999992
0 0.4495 0.544333 0.019 0.025333300000000003
0 0.689875 0.5156670000000001 0.015250000000000001 0.0333333
0 0.8445 0.32 0.0245 0.018000000000000002
0 0.14475 0.170167 0.018499999999999996 0.0223333
0 0.90675 0.522333 0.0215 0.022666699999999998
0 0.16687499999999997 0.06583330000000001 0.019250000000000003 0.025
0 0.1935 0.0213333 0.014500000000000002 0.035333300000000005
0 0.6886250000000002 0.3705 0.01975 0.0236667
0 0.329125 0.8985 0.02175 0.021
0 0.295125 0.261 0.02375 0.025333300000000003
0 0.2585 0.10400000000000001 0.014000000000000002 0.035333300000000005
0 0.187375 0.9275 0.019250000000000003 0.0223333
0 0.458 0.568333 0.022 0.018666700000000005
0 0.05137499999999999 0.818667 0.01975 0.021999999999999992
0 0.51675 0.17833299999999996 0.023 0.019333300000000005
0 0.36912500000000004 0.306667 0.02125 0.019333300000000005
0 0.575125 0.930667 0.02125 0.018666700000000005
0 0.17746424228436752 0.33927809469798764 0.025152412292272563 0.024234149621284815
0 0.27396597160693864 0.29365256052065375 0.022125031251416884 0.01794125029338122
0 0.6902202360331057 0.1360062522240192 0.013882372549908628 0.030095000492123408
0 0.541852379405957 0.1918556281372866 0.013014724265539424 0.02604375042587594
0 0.5843964717871099 0.30268625494962564 0.025161800246709463 0.013890000227133886
0 0.6383722252247055 0.46647250762791265 0.018654438113939756 0.02083500034070079
0 0.7479128211263284 0.45084625737238687 0.013014724265539335 0.023150000378556454
0 0.9013050076529933 0.424223756937047 0.024727976104524912 0.018520000302845136
0 0.7659518752913839 0.548365633967056 0.01518384497646257 0.0214137503501647
0 0.7334150646275355 0.5703581343266847 0.023860327820155427 0.013311250217669905
0 0.747080525106352 0.5501018839954477 0.021691207109232283 0.01909875031230905
0 0.7462128768219826 0.5631237592083856 0.022558855393601574 0.012732500208205993
2 0.6950216280441944 0.5451825089150044 0.012147075981170036 0.01736250028391731
0 0.5117309279711818 0.594086884714705 0.014316196692093275 0.0260437504258759
