0 0.573828 0.30468800000000007 0.0554687 0.065625
1 0.709375 0.539583 0.05625 0.0520833
0 0.6515629999999999 0.491146 0.0375 0.0489583
1 0.713672 0.296875 0.0617188 0.0541667
0 0.47656200000000004 0.447917 0.034375 0.075
0 0.605859 0.315625 0.0523437 0.0770833
1 0.356641 0.58125 0.0414063 0.075
0 0.500391 0.163021 0.0617188 0.040625
3 0.375 0.644792 0.065625 0.0395833
1 0.655078 0.696875 0.0601562 0.0666667
0 0.621484 0.448958 0.0664062 0.0395833
1 0.7058589999999999 0.350521 0.0695312 0.046875
0 0.8121089999999999 0.288542 0.0617188 0.0375
0 0.6996090000000001 0.723437 0.0382813 0.07187499999999998
0 0.375 0.858854 0.0515625 0.0385417
0 0.5367189999999998 0.2739579999999999 0.071875 0.0479167
0 0.139844 0.873438 0.0375 0.0697917
0 0.47070300000000004 0.705729 0.0695312 0.0489583
0 0.0726563 0.684896 0.03125 0.078125
0 0.6746089999999999 0.616146 0.0617188 0.0614583
0 0.113281 0.526563 0.04375 0.065625
0 0.594141 0.6640619999999999 0.0617188 0.0552083
0 0.832031 0.170312 0.0375 0.0760417
0 0.38125 0.808333 0.059375 0.05833330000000001
0 0.5550779999999998 0.44479199999999997 0.0429688 0.07291669999999999
0 0.282422 0.298438 0.0539063 0.065625
0 0.252734 0.716667 0.0710938 0.0479167
0 0.515234 0.5619790000000001 0.0632813 0.0385417
0 0.767187 0.301042 0.0359375 0.09375
0 0.733203 0.7130209999999999 0.0351562 0.09270830000000001
0 0.8144529999999999 0.347917 0.0726563 0.05625
0 0.7421880000000001 0.896875 0.0421875 0.0854167
0 0.361719 0.691667 0.053125 0.0479167
0 0.503906 0.961458 0.040625 0.06875
0 0.476953 0.658333 0.0648438 0.0479167
0 0.676953 0.8223959999999999 0.0679687 0.0489583
0 0.272266 0.5718749999999999 0.0679687 0.0479167
0 0.447656 0.473437 0.034375 0.0760417
0 0.500391 0.2125 0.0492188 0.0666667
0 0.265625 0.9364580000000001 0.03125 0.0770833
0 0.7839839999999999 0.47656199999999993 0.0554687 0.0489583
0 0.589453 0.546354 0.0664062 0.042708300000000005
0 0.0765625 0.826042 0.059375 0.0520833
0 0.4964839999999999 0.6114579999999998 0.0601562 0.0520833
0 0.403906 0.403646 0.0421875 0.0885417
