0 0.34071862815218235 0.20879332401769382 0.04398618927766665 0.0736917614180096
2 0.687074995942181 0.073815821622417 0.02138863326398164 0.10296996965816152
0 0.8149418252377236 0.09676695943779035 0.03905750422118393 0.08684214308519646
0 0.3439269231417796 0.34922947540689725 0.04556708825804792 0.07815792877667685
0 0.4285515156210115 0.2723121486742946 0.039987444797878816 0.09552635739371612
0 0.7921582811086997 0.35481218460523123 0.04928685056482726 0.07195491855630569
0 0.7451962819856095 0.29960539364392785 0.040917385374573595 0.08063913286482532
0 0.8330756664832734 0.353571582561157 0.030688039030930186 0.084360938997048
0 0.867483467820983 0.35791368971541687 0.03068803903093028 0.07815792877667685
0 0.8391202802317899 0.4236655980513514 0.06323595921525021 0.06575190833593446
2 0.47225872272566966 0.3696994091341221 0.07346530555889356 0.07691732673260258
1 0.35415626948542295 0.47515058288043205 0.06044613748516557 0.05210528585111791
0 0.3323026659330939 0.41870318987505434 0.061376078061860406 0.03845866336630129
2 0.5624450131175781 0.3354874073785854 0.060784996372992 0.08947993706320548
0 0.5736238630252548 0.30938909240181706 0.044016721511476925 0.06524578744192071
0 0.5229696993810948 0.329894911312135 0.05729160577684307 0.07270244886385453
1 0.4800009950484625 0.2641830825313435 0.062182352611451684 0.03821538978741071
0 0.46742478890232625 0.31731179516262176 0.05379821518069406 0.06058537405321201
0 0.6386009281136257 0.2105883285611943 0.06497706508837077 0.04101163782063583
1 0.6648013575847429 0.2525320490595719 0.05868896201530257 0.04287580317611933
1 0.6574652373328301 0.282824736086178 0.062182352611451684 0.045672051209344484
1 0.7060233666193007 0.3340892833619728 0.04751011210762604 0.07363453154159623
2 0.6448890311866937 0.3937425747374432 0.04541407774993651 0.16684279931576868
0 0.6162432282982722 0.3928104920597014 0.03842729655763857 0.08668368902998035
0 0.4076878097081789 0.4631827342292016 0.050304824584545174 0.08202327564127178
0 0.7496907490711628 0.5974026398240099 0.05100350270377497 0.06524578744192071
0 0.7594722427403799 0.6775617501097981 0.042619365273017434 0.07270244886385453
1 0.5942348675425337 0.5638476634253079 0.03213919348457047 0.08015911028578832
1 0.26480813432568623 0.6477351044220631 0.05659292765761328 0.0577891260199869
1 0.30568080430062905 0.6365501122891624 0.046112755869166355 0.05406079530901999
0 0.684364344923177 0.6812900808207651 0.05729160577684307 0.03728330710966892
0 0.6392996062328553 0.6244330374785199 0.038427296557638664 0.08202327564127178
0 0.6487317608424575 0.5605853740532117 0.07126516816143896 0.04753621656482797
0 0.6389502671732405 0.5219039429269302 0.06288103073068145 0.037283307109668984
0 0.4674247889023262 0.6551917658439967 0.06916913380374953 0.04846829924256963
1 0.4971186089695924 0.7064563131197916 0.030741837246110872 0.087615771707722
0 0.2700482202199097 0.5442739271927317 0.060086318253762254 0.04287580317611929
0 0.2941526153333375 0.5713043248472416 0.06357970884991122 0.0577891260199869
0 0.6476837436636128 0.7782266793059045 0.04401672151147702 0.09320826777417236
0 0.8228501628692859 0.5492139653847627 0.03612165876418027 0.09125089415091484
0 0.9131543097797367 0.7076214164669689 0.050724031456082945 0.049213965384763025
0 0.8140118846610289 0.8721806132222701 0.056872398905305245 0.04613809254821535
0 0.7052626354029116 0.7952837923085779 0.04380711807570797 0.07894740280472395
0 0.5723041893134819 0.7891320466354825 0.05917803669876354 0.06254274767646958
1 0.5331083468246905 0.8306563299288764 0.054566761111846954 0.06766920240404913
2 0.4727774912291977 0.805024056290979 0.03227892910841647 0.1804512064107979
0 0.4009184466664136 0.7337663355776242 0.0576409448364579 0.052289838221310676
0 0.3920801684581567 0.7773412007620497 0.06148367449222184 0.04101163782063595
0 0.39169589549258044 0.8496242124209205 0.0530296692495413 0.07279565713162865
0 0.35749560155628196 0.8424471758023094 0.046112755869166355 0.08509914847781934
0 0.3225267616888308 0.7788791371803236 0.049955485524930204 0.07689682091369225
0 0.3390504992086154 0.5487013199120048 0.03074183724611092 0.07997269375023991
