0 0.838875 0.7070000000000002 0.01875 0.024
0 0.81025 0.542 0.0155 0.020666699999999996
0 0.08955426617445651 0.8290938471035274 0.01274027355760942 0.02940533627760059
0 0.25767252496575976 0.6341589297246912 0.020345049931520007 0.018348140550617544
0 0.532113395570108 0.8131669999999996 0.02546330872282342 0.021666699999999997
0 0.9572286691277172 0.200333 0.021562114629344965 0.01599999999999998
0 0.703875 0.1756669999999999 0.01625 0.0233333
0 0.8443701367788049 0.5294783057929454 0.011872014766306047 0.02895661158589056
0 0.653875 0.8968330000000002 0.02475 0.027000000000000003
0 0.8269292661744558 0.41838445868941804 0.017509726442390513 0.024217975308289855
0 0.8194079353021742 0.6386957644823635 0.0189011940934779 0.02002854786349156
0 0.5862500000000002 0.2255 0.0165 0.025
0 0.4285755970467385 0.44136276448236345 0.02251945288478128 0.016608471035273183
1 0.912875 0.9071669999999998 0.01675 0.0176667
0 0.80975 0.916667 0.019499999999999997 0.022666699999999998
1 0.19112986322119516 0.38891977682821843 0.014759726442390588 0.026159746343563026
0 0.8735494029532611 0.9087462231717817 0.01825 0.0176667
0 0.49618412939565176 0.25632644634356305 0.017500000000000005 0.031
0 0.40427619409347765 0.6068476239317451 0.022552388186955076 0.01702854786349266
0 0.226483532348913 0.1433264463435631 0.02175 0.018333300000000004
0 0.4134999999999999 0.903 0.014500000000000002 0.024
0 0.10787013677880473 0.8457023181388 0.014240273557609467 0.030217975308290183
0 0.5373914676510867 0.12070231813880042 0.015151194093478149 0.03007193627760077
1 0.37543412939565174 0.8538329999999997 0.022519452884781015 0.019116357929454143
0 0.2916463308722823 0.49008022317178174 0.01957559704673882 0.018420076828218314
0 0.766054266174456 0.8499999999999993 0.019410920535868098 0.017333299999999986
0 0.258625 0.519667 0.01875 0.026000000000000002
0 0.6332122014766299 0.34974622317178167 0.020877985233695176 0.015927030484655547
0 0.23512499999999967 0.25013068186119986 0.02274999999999998 0.01962227834814666
0 0.489375 0.787 0.01475 0.034666699999999995
1 0.7423749999999995 0.32986983475767223 0.012749999999999989 0.02707296951534468
0 0.8249244029532611 0.34528961158589083 0.018499999999999996 0.018000000000000002
0 0.69475 0.435 0.016 0.0166667
0 0.4704999999999998 0.11653683475767224 0.018 0.02240636951534463
0 0.7145707338255424 0.27643491737883613 0.022529179327173562 0.019130165242327725
0 0.254375 0.853667 0.01725 0.0213333
0 0.830125 0.534667 0.01375 0.020666699999999996
0 0.19375 0.849833 0.014000000000000002 0.031
1 0.8752548632211947 0.4040433884141092 0.014943855838041418 0.03107296951534464
0 0.8479951367788047 0.6689349173788363 0.014490273557609491 0.02386983475767219
0 0.3602780720809789 0.862347623931746 0.025463308722823336 0.020405336277600487
1 0.5114670646978259 0.596129648623456 0.015499999999999984 0.012172520418692838
0 0.6868749999999999 0.8105867768282182 0.01775 0.016506853656437274
0 0.945875 0.4125 0.01825 0.0243333
2 0.22274999999999998 0.23216700000000004 0.018499999999999996 0.0223333
0 0.414125 0.699833 0.014250000000000002 0.029000000000000005
0 0.9834999999999979 0.5474495413105821 0.01699999999999998 0.02257888993403731
0 0.43877096976636715 0.7853736325251931 0.015041939532734472 0.022747965050385902
0 0.6865000000000001 0.7710000000000001 0.019 0.0173333
0 0.5594176617445645 0.1911523760682542 0.019901194093477823 0.026854994207054537
0 0.9052500000000001 0.779833 0.016 0.021
0 0.750125 0.165 0.02075 0.02
0 0.10022380590652244 0.3527103884141093 0.01275 0.0306667
0 0.07669087060434827 0.263167 0.01675 0.029666699999999997
0 0.017875 0.272667 0.01675 0.029333299999999996
0 0.890625 0.9471670000000002 0.02275 0.015666699999999995
0 0.262125 0.946833 0.014250000000000002 0.0323333
0 0.3876298632211952 0.21347830579294544 0.020259726442390776 0.017623311585890686
0 0.653875 0.897333 0.01675 0.018000000000000002
0 0.27287499999999965 0.2586306818611998 0.01624999999999999 0.02926136372239894
0 0.28853105731467255 0.2977028347576723 0.0230621146293462 0.02340636951534453
1 0.42325 0.6535000000000001 0.0215 0.017
0 0.8084244029532609 0.20244954131058202 0.019151194093478072 0.02298515944938225
0 0.6621085323489126 0.8170433884141093 0.017500000000000005 0.01939049572698293
0 0.4923536691277177 0.6016589297246913 0.015207338255435101 0.02331855944938234
0 0.2370804602679339 0.796333 0.022160920535868378 0.018666700000000005
0 0.28674999999999995 0.5982825413105816 0.014499999999999997 0.027174586894180498
0 0.7734127985233691 0.20510191737883615 0.017825597046739264 0.022203134757672348
0 0.916766467651087 0.6173188594493821 0.01325 0.021999999999999992
1 0.22517252496575996 0.6087103884141091 0.022345049931519704 0.022086776828218583
0 0.6406201367788046 0.22666699999999987 0.021759726442390426 0.01599999999999999
0 0.8541085323489118 0.3722028347576724 0.014651194093479543 0.026086776828218604
0 0.44398839557010833 0.11160898765414501 0.019627985233693947 0.01823178262116381
0 0.6926744029532612 0.5118698347576722 0.0105 0.026000000000000002
0 0.586625 0.792333 0.01775 0.019333300000000005
0 0.5135 0.367667 0.0105 0.0233333
0 0.37346220147663056 0.130333 0.02107559704673871 0.017333299999999996
0 0.8534786691277173 0.32833299999999993 0.01954266174456433 0.020000000000000007
1 0.725375 0.354333 0.01825 0.0213333
0 0.5325494029532611 0.41316699999999995 0.022901194093477583 0.021
0 0.7158323382554351 0.134667 0.01983532348912921 0.017333299999999992
0 0.5502499999999999 0.48 0.0165 0.029333299999999996
0 0.9619505970467386 0.1674061528964727 0.01375 0.02634814055061767
0 0.40716279852336934 0.15762361158589072 0.02447679114021653 0.0165799231717816
0 0.806625 0.672333 0.01225 0.0213333
0 0.6317713308722815 0.3325504586894181 0.019542661744565707 0.01773863627760074
0 0.6815000000000001 0.532441471035273 0.013500000000000003 0.026449757929453394
0 0.88925 0.535167 0.018 0.018333300000000004
0 0.3945 0.502667 0.015 0.028000000000000008
0 0.6230755970467383 0.609021694207054 0.015651194093478392 0.02737668841411021
0 0.7162073382554351 0.3039999999999997 0.023085323489128808 0.021999999999999985
0 0.5907335323489122 0.24078254131058208 0.01996706469782708 0.01950582041869307
0 0.266625 0.24083299999999996 0.019250000000000003 0.0236667
0 0.7017499999999985 0.11665944634356308 0.014500000000000002 0.027986192687126082
0 0.338375 0.940833 0.01675 0.028333299999999995
0 0.090125 0.4055 0.01775 0.0196667
1 0.33618412939565184 0.6464999999999997 0.02 0.0223333
0 0.62975 0.759333 0.014500000000000002 0.024
0 0.5502499999999999 0.3115 0.02 0.017
0 0.7027170646978256 0.37599999999999995 0.018934129395651967 0.019333300000000105
0 0.626375 0.919667 0.01975 0.0166667
0 0.4617122014766305 0.14841322317178152 0.025377985233694104 0.021
0 0.4310920646978259 0.5570000000000003 0.015250000000000001 0.031942804273017204
0 0.6025 0.6746669999999999 0.0155 0.032
0 0.9098749999999999 0.227333 0.01675 0.0313333
0 0.17462499999999997 0.781333 0.01675 0.0233333
0 0.8448750000000002 0.747667 0.015250000000000001 0.0213333
0 0.7431792661744562 0.8626957644823634 0.018358532348912927 0.02405822896472701
0 0.49767440295326104 0.12289808262116385 0.01843412939565213 0.019970418898764677
0 0.4590920646978256 0.19821038841410935 0.022052388186955568 0.022420076828218418
0 0.5133914676510862 0.34097123551763664 0.018934129395653112 0.019912189934037615
0 0.5815494029532613 0.7275 0.01975 0.0196667
0 0.46635853234891284 0.8157320826211639 0.02073651758260705 0.0221301652423276
0 0.5298914676510872 0.3774197768282184 0.0165 0.022666699999999998
0 0.6984999999999999 0.616 0.021 0.020666699999999996
1 0.45012500000000005 0.482667 0.019250000000000003 0.02
0 0.5816249999999998 0.48083299999999995 0.014250000000000002 0.0196667
0 0.458 0.856 0.02 0.02
0 0.36925 0.502667 0.0155 0.024
1 0.5514505970467387 0.6364061528964728 0.012230547115218997 0.02611532469171006
0 0.6055 0.882167 0.018 0.030333300000000004
0 0.9013372014766307 0.8431155413105818 0.01747679114021637 0.023681440550618108
0 0.6572994029532613 0.8451669999999997 0.02090119409347759 0.02366669999999999
0 0.446875 0.896833 0.01825 0.023
0 0.7306249999999999 0.9311518594493823 0.01675 0.024970418898764554
0 0.5616249999999999 0.4386669999999999 0.015250000000000001 0.0273333
0 0.40612499999999996 0.19721038841410934 0.014532935302174073 0.024680407312874048
0 0.8807451367788047 0.6576669999999999 0.019509726442390032 0.016666699999999993
0 0.398 0.7156670000000002 0.017 0.0233333
0 0.6055329353021737 0.6423329999999992 0.023085323489128565 0.02333329999999997
0 0.841875 0.796333 0.01275 0.026000000000000002
0 0.9064999999999999 0.35483300000000007 0.017 0.0323333
0 0.8942499999999997 0.4130216942070546 0.013499999999999998 0.03062331158589076
0 0.689875 0.359 0.01275 0.029333299999999996
0 0.534625 0.44549999999999995 0.02075 0.0196667
0 0.78525 0.531167 0.015 0.029000000000000005
0 0.077625 0.391333 0.019250000000000003 0.024666699999999996
1 0.6512877985233694 0.5180721528964725 0.014556144161957853 0.02527517103527321
0 0.4816957338255435 0.3138476239317461 0.022476791140216616 0.021028547863491252
0 0.4665000000000001 0.647167 0.018 0.0236667
0 0.58675 0.8758329999999998 0.021 0.0203333
0 0.4280261940934775 0.2833330000000001 0.021552388186955405 0.02399999999999999
1 0.7708749999999999 0.09333330000000001 0.01625 0.03
0 0.888625 0.359167 0.015250000000000001 0.0276667
0 0.9132499999999999 0.4105867768282184 0.014500000000000002 0.03015974634356305
0 0.8647500000000002 0.562 0.0155 0.0233333
0 0.8533750000000001 0.237167 0.01275 0.0236667
0 0.6579999999999999 0.796167 0.016 0.028333299999999995
0 0.670537798523369 0.6560650826211639 0.019575597046738787 0.019463465242327702
0 0.6760591293956516 0.5614566115858906 0.020118258791303932 0.030913223171781853
0 0.554375 0.352333 0.01825 0.028000000000000008
0 0.4915048632211952 0.6519712355176368 0.0220097264423905 0.01739152896472679
0 0.21153408585862865 0.06098398860053612 0.012190099863039618 0.025350207026105222
0 0.19181480666841755 0.10929287368801964 0.019360746841298213 0.01387086799541605
0 0.2126096829053675 0.12675103513052605 0.013624229258691356 0.02104545488959679
0 0.07977344763312692 0.12172882430459955 0.02545579677281802 0.015784091167197582
0 0.15757496734723275 0.13129494016350715 0.014699826305430142 0.024393595440214445
1 0.17550158479287925 0.14420919657303244 0.013982761607604284 0.030133264955559014
2 0.16044322613853615 0.17792975497568186 0.015416891003255977 0.044960744536865827
1 0.14610193218201897 0.1686027920132469 0.015416891003256 0.032046488127340546
0 0.08210390790106098 0.17386415573564615 0.024380199726079237 0.013870867995416066
0 0.09052941810051482 0.20304080910531436 0.021870473283688723 0.01674070275308834
0 0.2493592486689428 0.15425361822488548 0.013265696909778423 0.03300309971323132
0 0.4470898390944237 0.05596177777460962 0.015058358654343048 0.026785124404941348
0 0.4078305468884578 0.09159555934904053 0.024021667377166333 0.015784091167197582
0 0.44995809788572716 0.09900929913969392 0.022946070330427615 0.014349173788361445
0 0.5725761612139493 0.10044421651853007 0.02151194093477581 0.016262396960142964
0 0.5713212979927539 0.07724638556067909 0.016133955701081806 0.03108987654144978
0 0.5256084235063553 0.10881456789507427 0.020794876236949998 0.01387086799541605
0 0.48581133277702016 0.11455423741041885 0.01290716456086543 0.027263430197886726
0 0.5399497174628727 0.1898873997993164 0.013624229258691422 0.029654959162613646
0 0.7385766387606357 0.06552789363351724 0.02294607033042752 0.01721900854603373
0 0.7161683669535774 0.08513843114427788 0.01254863221195257 0.022002066475487546
1 0.7115074464177096 0.11192355554921925 0.013265696909778378 0.029654959162613646
0 0.8421924875964726 0.1002050636220574 0.019360746841298283 0.022480372268432927
0 0.8577886447741847 0.09542200569260356 0.021153408585862857 0.018653925924869877
0 0.8914906855720004 0.09733522886438511 0.015416891003256 0.024393595440214445
1 0.9038600516094966 0.08633419562664134 0.012190099863039618 0.027263430197886736
1 0.9158708852980797 0.09566115858907624 0.02043634388803714 0.019132231717815255
0 0.9208903381828606 0.10761880341271082 0.01685102039890762 0.013392562202470669
0 0.9043978501328658 0.12507696485521722 0.024738732074992 0.015784091167197582
1 0.8613739682633141 0.20830217282771357 0.02187047328368876 0.01961053751076065
1 0.6939393613209758 0.2140418423430582 0.01971927919021114 0.015784091167197582
0 0.9679113547722926 0.21236777206774932 0.02187047328368876 0.017219008546033723
0 0.9559005210837097 0.22193388792665694 0.02151194093477581 0.016262396960142964
0 0.9390495006848019 0.23819628488679992 0.01792661744564648 0.02104545488959679
0 0.9609199739684907 0.2711993846000312 0.021511940934775618 0.01913223171781524
2 0.9281142640429577 0.2764607483224304 0.01900221449238533 0.012435950616579896
0 0.9248874729027414 0.2850702525954473 0.011831567514126666 0.025828512819050613
0 0.9186131567967649 0.2998977321767541 0.017209552747820572 0.022002066475487515
0 0.8789953322418862 0.30539824879562594 0.019719279190211235 0.019610537510760587
2 0.8644747721109125 0.3039633314167898 0.010038905769562094 0.00908781006596224
0 0.8646540382853689 0.2673729382564682 0.019002214492385143 0.016262396960142964
0 0.8556907295625458 0.2810046533554115 0.023304602679340567 0.015784091167197555
0 0.8253947460794032 0.2793305830801027 0.020077811539124003 0.01913223171781524
0 0.7646235129386616 0.2874617815601741 0.017568085096733528 0.017219008546033723
0 0.873438080833736 0.33935796009474806 0.020077811539124187 0.014827479581306858
0 0.6045388191490383 0.21715082999720312 0.015775423352168853 0.023915289647269064
0 0.5611564049305736 0.3288352326499497 0.014341293956517237 0.02822004178377749
1 0.544305384531666 0.3293135384428951 0.01936074684129819 0.01865392592486989
0 0.6158325881397955 0.35322882809016415 0.018285149794559422 0.012914256409525213
0 0.5281714288305842 0.32835692685700424 0.01936074684129819 0.015784091167197613
1 0.41021428603823024 0.21858574737603934 0.02079487623694995 0.016262396960142964
0 0.2999655887475043 0.35298967519369134 0.02258753798151457 0.017219008546033723
0 0.2583758362736044 0.25900258687992395 0.021153408585862857 0.014827479581306823
1 0.1990387325285145 0.23963120226563606 0.02007781153912407 0.01817562013192448
0 0.15995870649700517 0.2130852307571674 0.02151194093477581 0.01961053751076062
0 0.15780751240352753 0.3013326495555902 0.02151194093477581 0.02678512440494136
0 0.2752268566725121 0.3465325469889288 0.018285149794559422 0.022480372268432927
0 0.08448764705083336 0.29009246342137374 0.016133955701081847 0.02056714909665141
0 0.08466691322528985 0.2482407065386529 0.015058358654343058 0.031568182334395165
1 0.04325642692584642 0.33553151375118495 0.016851020398907707 0.024393595440214445
0 0.10008380422854582 0.31759504651573317 0.015058358654343068 0.02678512440494131
1 0.16139283589265688 0.3737959771868155 0.012190099863039618 0.030133264955558996
1 0.1457966787149444 0.37188275401503396 0.015416891003255977 0.02917665336966824
1 0.08699737349322391 0.5026993883855958 0.018285149794559422 0.024871901233159854
1 0.27630245371925094 0.36996953084325246 0.013982761607604284 0.03108987654144981
0 0.19724607078394985 0.37666581194448784 0.0014341293956517376 0.0004783057929454107
0 0.15977944032254865 0.41014721745066446 0.016851020398907717 0.02630681861199596
0 0.06960855457094679 0.3680563076714709 0.02366313502825338 0.012914256409525275
0 0.06046597967366707 0.40153771317764764 0.012548632211952546 0.031089876541449755
0 0.13378584502636126 0.48117562770305367 0.013624229258691329 0.02869834757672289
0 0.23525049976872045 0.535702488098827 0.01864368214347238 0.01913223171781518
1 0.33653588833662307 0.4398021766132781 0.02187047328368876 0.01865392592486989
1 0.35679296605020366 0.5467035213365709 0.02366313502825338 0.016262396960142964
0 0.3125142209594568 0.5514865792660246 0.009680373420649094 0.02869834757672289
1 0.561156404930574 0.5321151946517366 0.011473035165213714 0.022480372268432927
1 0.6565260097414131 0.4376498005450239 0.019360746841298283 0.016262396960142964
1 0.5313982199708006 0.4751968052912363 0.012907164560865523 0.02630681861199596
1 0.5495041035909035 0.39101498573284915 0.016851020398907717 0.022480372268432927
1 0.7153253149631337 0.43908471792386 0.014341293956517143 0.024871901233159854
2 0.6988328269131387 0.49935124783497803 0.016492488049994765 0.014349173788361445
0 0.6844915329566217 0.5746844102238757 0.0014341293956517142 0.004304752136508446
0 0.7260812854305216 0.4677830655005829 0.01864368214347238 0.017219008546033785
0 0.728591011872912 0.4505640569545492 0.020794876236949998 0.020088843303706
0 0.7612174556239886 0.38599277490692274 0.018643682143472288 0.022958678061378336
1 0.7361201912000835 0.3539462867795822 0.011473035165213714 0.023915289647269033
0 0.7088717326827009 0.3580118860196179 0.00932184107173619 0.024393595440214445
0 0.6973986975174872 0.35920765050198133 0.011473035165213807 0.02582851281905055
1 0.8567663266092844 0.3544245925725275 0.021153408585862857 0.020088843303706062
2 0.7712563613935505 0.4563037264698937 0.013624229258691329 0.022958678061378274
1 0.8008352801788674 0.4835671566677805 0.01971927919021114 0.021045454889596697
0 0.8479822840609178 0.4864369914254528 0.019360746841298283 0.020088843303706
1 0.9602029092706649 0.5239839961716652 0.022946070330427427 0.015784091167197613
1 0.9116217759929629 0.5368982525811906 0.023304602679340567 0.01865392592486989
0 0.8302349327897275 0.5529214966448608 0.014699826305430095 0.017219008546033907
0 0.918254624447852 0.5268538309293376 0.012190099863039618 0.01961053751076065
0 0.9200472861924169 0.5462252155436256 0.015058358654343048 0.020088843303706
0 0.9374361051146937 0.550290814783661 0.01900221449238533 0.012914256409525275
0 0.9354641771956728 0.5603352364355142 0.020794876236949908 0.014827479581306792
0 0.9316995875320871 0.5722928812591488 0.018285149794559422 0.012914256409525338
0 0.918254624447852 0.5651182943649681 0.02222900563260153 0.021523760682542106
2 0.8847318498244932 0.5598569306425689 0.03764589663585771 0.02056714909665141
0 0.8729002823103663 0.596925629595836 0.02187047328368876 0.016262396960142964
0 0.9788465914141375 0.5600960835390416 0.02151194093477581 0.011479339030689106
0 0.9232740773326331 0.6382990806856111 0.015058358654343048 0.025350207026105142
0 0.9282935302174142 0.6512133370951367 0.011473035165213714 0.022480372268432927
0 0.9146693009587227 0.6662799695729161 0.02151194093477581 0.015305785374252267
0 0.8540773339924376 0.6612577587469898 0.017209552747820572 0.02630681861199596
0 0.8555114633880894 0.5225490787928292 0.015058358654343048 0.02056714909665141
2 0.6436188451805475 0.6464302791656829 0.011473035165213714 0.02056714909665141
1 0.5767525621082864 0.6662799695729161 0.020436343888037046 0.020088843303706
1 0.5355213419832993 0.6251456713796134 0.012548632211952477 0.024871901233159854
0 0.5123960054784152 0.6074483570406343 0.020077811539124094 0.013392562202470624
1 0.5016400350110274 0.7404173674794504 0.017209552747820572 0.03156818233439523
0 0.41881906241214056 0.6275372003443401 0.024380199726079237 0.01530578537425214
1 0.3013997181431561 0.6516916428880815 0.02258753798151464 0.016740702753088973
1 0.3042679769344595 0.6696281101235338 0.024021667377166284 0.01817562013192448
1 0.14346621844701035 0.5837722202898379 0.02007781153912407 0.019610537510760587
1 0.24833693050404235 0.6062525925582708 0.015416891003256 0.015784091167197555
1 0.1382674993877729 0.6048176751794346 0.024021667377166333 0.02056714909665141
1 0.1334273126774483 0.6206017663466323 0.01792661744564652 0.01865392592486989
2 0.09416802047148248 0.6131880265559788 0.013982761607604272 0.017219008546033785
0 0.08412911470192042 0.6258631300690315 0.013265696909778404 0.027263430197886792
0 0.07122195014105497 0.6595836884716809 0.018285149794559422 0.02295867806137821
0 0.08269498530626873 0.6825423665330593 0.019002214492385285 0.01530578537425214
2 0.2752268566725122 0.7088491851450551 0.021153408585862857 0.01434917378836132
2 0.32667624874151757 0.7516575536136666 0.016492488049994765 0.017697314338979066
0 0.08753517201659329 0.7435263551335951 0.016492488049994772 0.029176653369668303
0 0.1314553847584272 0.7889654054634063 0.020436343888036997 0.020567149096651284
0 0.15816604475244048 0.8494710882709972 0.01577542335216893 0.02582851281905055
0 0.13593703911983884 0.8779302829512474 0.01075597046738788 0.027263430197886664
0 0.1187274863720182 0.8513843114427787 0.01147303516521376 0.026785124404941373
0 0.2736134611024039 0.804749496630604 0.01147303516521376 0.030133264955558996
0 0.2899266829779423 0.8064235669059129 0.013982761607604284 0.02774173599083207
0 0.245110139363826 0.827229868899037 0.01900221449238524 0.015784091167197555
2 0.29458760351381036 0.8540149933039785 0.014699826305430095 0.015784091167197676
1 0.24995032607415055 0.8743429895041569 0.022946070330427476 0.015305785374252267
0 0.2467235349339342 0.8934752212219723 0.015058358654343048 0.026785124404941248
0 0.22592865869698425 0.899214890737317 0.02079487623694995 0.024871901233159854
0 0.20710571037905545 0.8827133408807012 0.021870473283688737 0.015784091167197555
0 0.1934814811203641 0.8812784235018651 0.01183156751412669 0.030133264955558996
0 0.18756569736330075 0.9393925773447289 0.02007781153912407 0.01721900854603366
0 0.23005178070948296 0.9305439201752393 0.02258753798151457 0.01769731433897919
0 0.17430000045352234 0.8506668527533607 0.02151194093477581 0.015784091167197555
0 0.2944083373393539 0.9622138423573149 0.02222900563260162 0.022958678061378336
0 0.3157410120996732 0.8524426628763497 0.023304602679340473 0.015784091167197676
0 0.33259203249858094 0.8696616714223836 0.01756808509673362 0.016740702753088373
0 0.36468067772628815 0.9115134283051044 0.020077811539124094 0.016262396960142964
0 0.3766915114148713 0.927536672368775 0.023304602679340473 0.016740702753088373
1 0.40160950966431996 0.8713357416976925 0.02151194093477581 0.01817562013192448
0 0.491063330718096 0.957430784427861 0.020436343888037046 0.018175620131924357
0 0.4899877336713572 0.8840108452107451 0.022587537981514662 0.01769731433897919
0 0.46578680011973433 0.8349845014338435 0.020077811539124094 0.017219008546033785
0 0.4476809164996315 0.8342670427444254 0.016133955701081806 0.01865392592486989
0 0.5880463310990435 0.8120258233724651 0.017926617445646574 0.022002066475487515
0 0.572450173921331 0.8933378081731799 0.01398276160760419 0.030611570748504412
0 0.6187008469310991 0.8455072288786415 0.013982761607604284 0.029654959162613584
0 0.6454115069251124 0.9289715897476108 0.010038905769562094 0.02822004178377749
0 0.6359103996789197 0.9483429743618988 0.01183156751412676 0.02869834757672289
0 0.6437981113550041 0.9562350199454975 0.011831567514126666 0.017697314338979066
0 0.6606491317539118 0.8302014435043897 0.021153408585862857 0.01721900854603366
1 0.691124381411511 0.794567661929959 0.01900221449238524 0.015784091167197555
0 0.764802779113118 0.785001546071051 0.01864368214347238 0.020567149096651284
1 0.786852518571263 0.8481379107398415 0.016133955701081806 0.03108987654144981
1 0.7882866479669148 0.8679876011470746 0.021153408585862857 0.019132231717815303
1 0.7890037126647408 0.8892722089331442 0.023304602679340567 0.023436983854323624
0 0.6993706254365083 0.9684318176656048 0.013982761607604284 0.02774173599083207
0 0.929369127264153 0.8581823323916944 0.01864368214347238 0.017697314338979066
0 0.874692944054931 0.8844891510036903 0.018285149794559242 0.022480372268432927
0 0.948609625940949 0.7434199389804832 0.021941957463415117 0.019257906564911623
2 0.8507369472554532 0.7780841707973241 0.0167451780641852 0.014636008989332943
0 0.05803070329140017 0.554692454644349 0.017900017930680655 0.026961069190876357
