2 0.28583196046128495 0.08571428571428572 0.07084019769357495 0.1054945054945055
2 0.3673805601317957 0.37142857142857133 0.07248764415156508 0.10989010989010989
2 0.060955518945634266 0.7835164835164835 0.07907742998352553 0.09890109890109891
0 0.2018121911037891 0.9527472527472528 0.10049423393739704 0.09010989010989011
0 0.6144975288303131 0.9076923076923076 0.052718286655683705 0.11428571428571428
0 0.601317957166392 0.9791208791208791 0.04942339373970346 0.03736263736263736
0 0.7166392092257001 0.9362637362637364 0.05930807248764415 0.12307692307692308
2 0.8945634266886324 0.8923076923076922 0.08237232289950576 0.08791208791208793
2 0.6136738056013179 0.6285714285714286 0.10049423393739704 0.0791208791208791
2 0.541186161449753 0.5758241758241759 0.08401976935749589 0.07472527472527472
2 0.5420098846787481 0.26153846153846155 0.09225700164744646 0.0791208791208791
2 0.6894563426688634 0.11868131868131866 0.057660626029654036 0.11868131868131866
2 0.7487644151565074 0.2087912087912088 0.09719934102141681 0.07472527472527472
2 0.8031301482701813 0.3318681318681319 0.08072487644151564 0.12747252747252746
2 0.8426688632619439 0.4472527472527473 0.057660626029654036 0.12087912087912088
2 0.7100494233937397 0.4021978021978022 0.08237232289950576 0.0923076923076923
2 0.6935749588138386 0.49120879120879124 0.085667215815486 0.06813186813186813
2 0.7602965403624382 0.47582417582417585 0.05107084019769357 0.12967032967032968
2 0.09719934102141682 0.24945054945054942 0.10543657331136741 0.09010989010989011
2 0.0329489291598023 0.24835164835164839 0.06260296540362437 0.10989010989010989
0 0.5864909390444809 0.01208791208791209 0.06260296540362437 0.02417582417582418
