2 0.7269999999999999 0.217141709054484 0.02111127558691663 0.0365356275641272
2 0.805 0.7958330000000001 0.014000000000000002 0.0316667
2 0.8186382188077022 0.5711106084445755 0.033223562384596 0.027778783110848793
2 0.7813175809632865 0.8473738690002962 0.023986781192298218 0.059893915554246474
2 0.4723749999999999 0.375667 0.01725 0.0273333
2 0.25344258096328626 0.5212223915554249 0.020966457339152655 0.04878183244339485
2 0.6620777428898585 0.8268330000000005 0.018655485779717422 0.031112083110848707
2 0.4836016192657254 0.649809716167306 0.02520323853145073 0.06171326766538891
2 0.5890716291275999 0.8430498049441344 0.05064325825519937 0.0334329098882639
2 0.5518660971049855 0.19179767243587262 0.03573219420997295 0.04373795512825394
2 0.9399120951835688 0.5767632605557194 0.01767580963286298 0.04361365777712227
2 0.6971249999999994 0.2271686088541466 0.015750000000000854 0.042328782291706536
2 0.8586824190367142 0.5448959781667158 0.021675809632862406 0.04448900144369057
2 0.5394425809632861 0.5710563915554243 0.013385161926572537 0.040778783110848885
2 0.7628277428898589 0.4128274133887087 0.01915548577971733 0.041654126777417214
2 0.7243917713304237 0.9031791732225837 0.02521645733915299 0.039641653554836204
2 0.7655971811032701 0.2684114816906943 0.02191691338037336 0.029227618509643102
2 0.24075 0.808167 0.019 0.015
2 0.1724258096328627 0.6883816302778599 0.02335161926572538 0.03057003944428085
2 0.6007500000000001 0.3815 0.019499999999999997 0.021
2 0.7448617811922991 0.5719358471670108 0.031223562384593558 0.03812760566597832
2 0.2146656477062902 0.8310563915554244 0.025831295412580214 0.029445483110848776
2 0.5981991903671381 0.4681959824977879 0.023601619265726726 0.1437252649955749
2 0.45774999999999993 0.463667 0.022 0.020666699999999996
2 0.7159399107590347 0.24803793641827368 0.02837982151806924 0.020075872836547645
2 0.459875 0.320667 0.02075 0.018000000000000002
2 0.07244863174483575 0.13282312717196765 0.026897096815448007 0.0410912506719377
2 0.21279074174156853 0.19590687820353397 0.022125031251416908 0.03183125052051511
2 0.2913129114769893 0.17767625290542083 0.030801514095109797 0.041670000681401614
2 0.13687151685925558 0.27548500450482183 0.03600740380132556 0.024307500397484284
2 0.12472444087808551 0.326415005337646 0.02038973468267834 0.04398500071925723
2 0.2576915404576794 0.26593562934866727 0.04251476593409518 0.03646125059622642
2 0.38284980547794945 0.19880062825085354 0.041213293507541236 0.050351250823360304
2 0.39217702453491926 0.20979687843066788 0.01735296568738581 0.03993375065300988
2 0.1752284723028322 0.4282122077078926 0.03689020469533309 0.022556400801349775
2 0.19559493947838066 0.4359018897992618 0.02075074014112486 0.07894740280472404
2 0.3058812805988035 0.46922384552852847 0.03842729655763862 0.045112801602699475
2 0.45920619386378164 0.048701319912005096 0.02997329131495817 0.0338346012020246
2 0.5856319995384128 0.07894740280472405 0.019982194209972087 0.05331512916682663
2 0.519152776493698 0.3716679677495126 0.034584566901874676 0.02153110985583384
2 0.5126201360788996 0.39832553233292584 0.03381602097072197 0.02153110985583384
2 0.7312714534918632 0.1363636957536143 0.03765875062648577 0.02870814647444512
2 0.8688411751682095 0.08304856658678764 0.034584566901874676 0.022556400801349727
2 0.8457847972336263 0.17122358790115477 0.03304747503956926 0.022556400801349737
2 0.8019776791579183 0.3296310389833609 0.02075074014112488 0.05639100200337434
2 0.6521112225831278 0.29374585589030444 0.037658750626485715 0.03383460120202479
2 0.5986972803680098 0.34347246674782544 0.02459346979688877 0.03691047403857222
2 0.666443651456237 0.43322779187490923 0.03556906788806233 0.029657176109963962
2 0.6511997652184961 0.536180560370927 0.04700198256636795 0.0542302648867912
2 0.7903002271378823 0.4666980334847257 0.04573165871322286 0.04236739444280564
2 0.7956991035137487 0.5044050145388228 0.013338400458023396 0.03135187188767614
2 0.8859884341802295 0.1705499463295142 0.04763714449294055 0.03474126344310062
2 0.8948807011522448 0.23876145138243124 0.018419695870603756 0.06270374377535236
2 0.8767785862449275 0.23494838588257877 0.024136153209756425 0.06185639588649625
2 0.8589940523008961 0.21545938443888824 0.019054857797176254 0.04152004655394952
2 0.876143424318355 0.2959574338802189 0.039380039447497316 0.02118369722140282
2 0.8643929286767629 0.3234962402680426 0.0273119628426191 0.04914617755365461
2 0.9085366825735544 0.48703438281727246 0.0393800394474975 0.020336349332546702
2 0.9631606082587928 0.5734638674805959 0.03302842018177215 0.03389391555424444
2 0.9237805688112953 0.5798189766470169 0.024136153209756425 0.024573088776827304
2 0.7707065445073134 0.5514328223703371 0.026676800916046697 0.020336349332546702
2 0.7840449449653367 0.5929528689242864 0.024136153209756518 0.033893915554244564
2 0.8075459362485207 0.597189608368567 0.026676800916046697 0.04406209022051789
2 0.8005591550562228 0.6272704584229591 0.021595505503466245 0.017794305665978335
2 0.8577237284477514 0.6641300915881999 0.02032518165032125 0.03897800288738115
2 0.9399771979388951 0.6281178063118152 0.015879048164313393 0.019489001443690576
2 0.9237805688112956 0.7090395296975741 0.015243886237740888 0.03728330710966892
2 0.9437881694983303 0.7314942487522609 0.014608724311168579 0.03643595922081299
2 0.9393420360123226 0.7234444438081278 0.0273119628426191 0.06439843955306453
2 0.3813522835183467 0.5370279082597831 0.034298744034917145 0.04406209022051789
2 0.42359055163542064 0.6298125020895275 0.026041638989474154 0.049993525442510664
2 0.41184005599382856 0.6573513084773512 0.013973562384595843 0.04406209022051789
2 0.4690046293853571 0.6857374627540309 0.024136153209756425 0.036435959220812865
2 0.13840284660435043 0.5340621906487868 0.029852610548909354 0.0381306549985251
2 0.08473166380897082 0.5632956928143227 0.01905485779717618 0.050840873331366776
2 0.07488665394709647 0.5709218238140277 0.05525908761181093 0.04914617755365461
2 0.11807766495402915 0.6899742021983117 0.053988763758665854 0.03304656766538838
2 0.09679974041384908 0.7259864874746961 0.02286582935661142 0.028809828221107843
2 0.1269699319260447 0.7975873840830379 0.02477131513632904 0.055077612775647385
2 0.14062591334735428 0.8564780623585377 0.015243886237740933 0.047451481775942245
2 0.38389293122463686 0.8649515412470989 0.11814011834249233 0.050840873331366845
2 0.38103470255506044 0.8183474073600127 0.03493390596148969 0.033893915554244564
2 0.4204147420025579 0.835718039081563 0.019690019723748658 0.060161700108784105
2 0.4372465330567302 0.8399547785258435 0.02159550550346634 0.0381306549985251
2 0.44836186677174966 0.7624224466955094 0.022230667430038934 0.04914617755365461
2 0.49790449704440776 0.8492756053032606 0.01714937201745848 0.022878392999115062
2 0.26511765095557205 0.6785350056987539 0.07240845962926952 0.033893915554244564
2 0.3124372144852262 0.6798060275320381 0.024771315136329016 0.029657176109964024
2 0.2775657619121997 0.6298125020895275 0.08892266972015554 0.06863517899734506
2 0.43508591970218946 0.6709088746990491 0.034298744034917096 0.022031045110258874
2 0.5868896201530264 0.8826423173934284 0.03683939174120723 0.024573088776827304
2 0.618330135518367 0.8406985968950509 0.013338400458023304 0.06609313533077676
2 0.6599332417088685 0.8034152897853819 0.02032518165032125 0.020336349332546765
2 0.7164626531738244 0.8195148996736479 0.03810971559435241 0.032199219776532326
2 0.6431014506546961 0.8241753130623567 0.028582286695764285 0.039825350776237334
2 0.6878803664780601 0.9538195400573418 0.09781493669217108 0.03135187188767626
2 0.6564398511127194 0.976697933056457 0.022230667430038934 0.0296571761099639
2 0.7078879671650951 0.9186546026698131 0.028582286695764285 0.030504523998820077
2 0.8269808283974461 0.8279883785622094 0.020325181650321444 0.042367394442806114
