0 0.11771617377438769 0.1318168749479485 0.025794131128062045 0.03357945014574422
0 0.931 0.517333 0.0215 0.020666699999999996
0 0.756875 0.0075 0.01825 0.015
0 0.979375 0.261333 0.022250000000000002 0.0166667
0 0.9585000000000001 0.4825 0.020500000000000004 0.0263333
0 0.08473823933841866 0.899667 0.024476478676837318 0.022666699999999998
0 0.956625 0.501667 0.01375 0.026000000000000002
0 0.29825000000000007 0.6488330000000001 0.021 0.0203333
0 0.453875 0.19933300000000004 0.01875 0.020666699999999996
0 0.948875 0.5166669999999999 0.01575 0.024
0 0.4885 0.398333 0.021 0.021999999999999992
0 0.9478749999999999 0.620667 0.02125 0.0213333
0 0.6268749999999998 0.397667 0.01775 0.0273333
0 0.9288750000000001 0.67 0.02075 0.0133333
0 0.992 0.22466700000000003 0.016 0.028000000000000008
0 0.013125 0.5025 0.02075 0.018333300000000004
0 0.2844999999999999 0.677667 0.0165 0.026000000000000002
0 0.8491250000000001 0.198667 0.01775 0.0306667
0 0.190625 0.859833 0.02375 0.021666699999999997
0 0.254125 0.435167 0.01775 0.019
0 0.172 0.867667 0.0245 0.019333300000000005
0 0.9029999999999998 0.44 0.022 0.019333300000000005
0 0.857375 0.0443333 0.01625 0.0313333
0 0.9577500000000002 0.540333 0.0215 0.018666700000000005
0 0.534375 0.946167 0.01575 0.0256667
0 0.811625 0.577167 0.02275 0.017
0 0.88075 0.316 0.014000000000000002 0.028000000000000008
0 0.085625 0.884 0.02375 0.021999999999999992
0 0.9207499999999998 0.162167 0.018499999999999996 0.0196667
0 0.82975 0.826667 0.017500000000000005 0.0273333
0 0.06512499999999997 0.9543951875364363 0.02774999999999999 0.020123075072872112
0 0.9792499999999998 0.358333 0.0155 0.024
0 0.9643749999999999 0.08783329999999998 0.02075 0.019
0 0.5825 0.273333 0.0215 0.020666699999999996
0 0.020999999999999998 0.4325 0.015 0.0276667
0 0.0073750000000000005 0.9147428750312312 0.014750000000000001 0.02615305006246179
0 0.11462499999999999 0.282667 0.025250000000000005 0.020666699999999996
0 0.8859999999999998 0.8809999999999999 0.018499999999999996 0.0233333
0 0.238875 0.407667 0.019250000000000003 0.020666699999999996
0 0.5585 0.0585 0.017 0.029000000000000005
0 0.77425 0.3033330000000001 0.018 0.018000000000000002
0 0.9046249999999999 0.419167 0.01775 0.028333299999999995
0 0.66825 0.0075 0.021 0.015
0 0.840125 0.9513329999999999 0.01375 0.0286667
0 0.5017500000000001 0.00883333 0.022 0.0176667
0 0.740875 0.24550000000000005 0.015250000000000001 0.023
0 0.75125 0.3605 0.018499999999999996 0.0203333
0 0.422625 0.877 0.02125 0.018666700000000005
0 0.2583750000000001 0.41850000000000004 0.01625 0.0236667
0 0.155125 0.0938333 0.024250000000000004 0.021
0 0.416125 0.354833 0.014250000000000002 0.03300000000000001
0 0.9791250000000001 0.061 0.02025 0.028000000000000008
0 0.18025 0.8803329999999999 0.019 0.0173333
0 0.462125 0.858 0.014250000000000002 0.0306667
0 0.9245 0.8075 0.016 0.019
0 0.9481250000000001 0.018 0.01825 0.0266667
0 0.73575 0.4436669999999999 0.0125 0.034666699999999995
0 0.9835 0.088 0.018499999999999996 0.024
0 0.020874999999999998 0.402667 0.01725 0.026000000000000002
0 0.941625 0.533833 0.019250000000000003 0.0256667
0 0.5414999999999999 0.9255 0.0235 0.019
0 0.12574999999999997 0.527 0.017500000000000005 0.021999999999999992
0 0.43762499999999993 0.007833329999999998 0.02075 0.015666699999999995
0 0.204375 0.877833 0.02375 0.017
0 0.8335000000000001 0.537833 0.025 0.015666699999999995
0 0.53525 0.289667 0.0155 0.0213333
0 0.61625 0.7375 0.021 0.017
0 0.666125 0.692167 0.014250000000000002 0.0276667
0 0.76725 0.439167 0.019499999999999997 0.0196667
0 0.181125 0.09266670000000002 0.024250000000000004 0.0166667
0 0.011 0.474833 0.014500000000000002 0.0356667
0 0.84575 0.8256669999999998 0.019 0.018000000000000002
0 0.944 0.239833 0.017500000000000005 0.029000000000000005
0 0.209125 0.8916669999999998 0.02375 0.02
0 0.75975 0.293333 0.0225 0.0173333
0 0.169875 0.513167 0.01625 0.028333299999999995
0 0.009625000000000002 0.4015000000000001 0.014250000000000002 0.0276667
0 0.851375 0.9155 0.019250000000000003 0.0223333
0 0.461625 0.985667 0.01575 0.026000000000000002
0 0.81125 0.9010000000000001 0.014000000000000002 0.029333299999999996
0 0.153375 0.0295 0.02125 0.0163333
0 0.669625 0.468333 0.01575 0.03
0 0.543 0.114167 0.0165 0.031
0 0.8661250000000001 0.022666699999999998 0.014250000000000002 0.0333333
0 0.17025 0.894833 0.02 0.021666699999999997
0 0.516375 0.19883300000000007 0.01475 0.03300000000000001
0 0.9484999999999998 0.662 0.0165 0.03
0 0.8821250000000002 0.8608329999999998 0.01775 0.0203333
0 0.25262500000000004 0.881333 0.02075 0.020666699999999996
0 0.968125 0.512833 0.02025 0.021666699999999997
0 0.7972499999999999 0.914667 0.0155 0.029333299999999996
0 0.811125 0.533 0.01975 0.0233333
0 0.8896250000000002 0.013166700000000002 0.02075 0.018333300000000004
0 0.870625 0.319 0.015250000000000001 0.0306667
0 0.9469999999999997 0.0953333 0.022 0.021999999999999992
0 0.884 0.4445 0.019499999999999997 0.021
0 0.8808749999999997 0.8955 0.01475 0.0236667
0 0.877 0.8206669999999999 0.014000000000000002 0.0306667
0 0.366375 0.7855 0.02475 0.017
0 0.863375 0.6308329999999999 0.02175 0.0196667
0 0.9112499999999999 0.149667 0.016 0.0306667
0 0.382125 0.44800000000000006 0.024250000000000004 0.0153333
0 0.374625 0.942167 0.02025 0.019
0 0.271125 0.442167 0.01725 0.021666699999999997
0 0.007875 0.6365 0.01575 0.023
0 0.810875 0.851667 0.022250000000000002 0.024
0 0.021 0.894333 0.0225 0.019333300000000005
0 0.755 0.3493330000000001 0.019499999999999997 0.0166667
0 0.735875 0.6211669999999999 0.01475 0.029666699999999997
0 0.820125 0.348833 0.01775 0.029000000000000005
0 0.89225 0.843833 0.015 0.0263333
0 0.6338749999999999 0.728167 0.015250000000000001 0.030333300000000004
0 0.8263750000000001 0.577 0.02375 0.0153333
0 0.11262500000000002 0.897833 0.01625 0.031
0 0.86925 0.6185 0.022 0.0203333
0 0.899625 0.140333 0.019250000000000003 0.025333300000000003
0 0.136875 0.024 0.01675 0.0306667
0 0.262 0.830167 0.017500000000000005 0.027000000000000003
0 0.44625 0.188 0.0225 0.0173333
0 0.969375 0.7038329999999999 0.024250000000000004 0.0196667
0 0.101625 0.09916669999999998 0.02475 0.018333300000000004
0 0.033375 0.432167 0.01575 0.029000000000000005
0 0.228125 0.8766669999999999 0.015250000000000001 0.0266667
0 0.9465 0.127833 0.021 0.021
0 0.8441249999999999 0.770167 0.02025 0.021
0 0.573125 0.820833 0.01375 0.030333300000000004
0 0.8571250000000002 0.7965000000000001 0.01725 0.025
0 0.94175 0.6590000000000003 0.0155 0.029333299999999996
0 0.816 0.395167 0.020500000000000004 0.021666699999999997
0 0.40075000000000005 0.893667 0.0155 0.032
0 0.04825 0.8168330000000001 0.016 0.0256667
0 0.25925 0.39716699999999994 0.0215 0.017
0 0.5118750000000001 0.534833 0.01375 0.0263333
0 0.9861250000000001 0.862833 0.02025 0.021666699999999997
0 0.422625 0.6149999999999999 0.01675 0.034
0 0.22112499999999996 0.4040000000000001 0.014250000000000002 0.029333299999999996
0 0.2665 0.130833 0.022 0.021
0 0.008875 0.538167 0.01775 0.023
0 0.738125 0.331333 0.01975 0.021999999999999992
0 0.7435 0.0506667 0.02 0.019333300000000005
0 0.54525 0.9445000000000001 0.0165 0.027000000000000003
0 0.3006249999999999 0.545833 0.01825 0.0243333
0 0.43425 0.214333 0.023 0.019333300000000005
0 0.295375 0.682 0.019250000000000003 0.0266667
0 0.62975 0.709667 0.017 0.025333300000000003
0 0.53225 0.772667 0.023 0.022666699999999998
0 0.271375 0.412333 0.01875 0.0306667
0 0.817625 0.0378333 0.01825 0.028333299999999995
0 0.725625 0.467667 0.01475 0.0286667
0 0.503375 0.38866700000000004 0.01875 0.0233333
0 0.8057500000000001 0.8215000000000002 0.013499999999999998 0.031
0 0.428125 0.86 0.02075 0.021999999999999992
0 0.210375 0.4475 0.015250000000000001 0.030333300000000004
0 0.705625 0.759333 0.02575 0.016
0 0.6166249999999999 0.435 0.02075 0.022666699999999998
0 0.814875 0.740333 0.02175 0.02
0 0.142125 0.8718330000000001 0.01725 0.021666699999999997
0 0.147 0.349167 0.0225 0.0163333
0 0.311 0.4335000000000001 0.022 0.021
0 0.259 0.867333 0.022 0.019333300000000005
0 0.930125 0.8228329999999999 0.02375 0.019
0 0.737125 0.571 0.01575 0.0286667
0 0.64375 0.8216670000000001 0.016 0.026000000000000002
0 0.48237500000000005 0.5115 0.01675 0.031
0 0.2305 0.268667 0.017 0.0313333
0 0.5574999999999999 0.9243330000000001 0.017 0.029333299999999996
0 0.788125 0.825167 0.01625 0.027000000000000003
0 0.3016249999999999 0.2785 0.01575 0.0343333
0 0.9493750000000002 0.39633300000000005 0.01775 0.025333300000000003
0 0.069375 0.475167 0.015250000000000001 0.035
0 0.20225 0.7625 0.017 0.0263333
0 0.718625 0.386333 0.01775 0.029333299999999996
0 0.93025 0.6821670000000001 0.02 0.018333300000000004
0 0.5121250000000002 0.8745 0.024250000000000004 0.018333300000000004
0 0.54525 0.909833 0.023 0.0196667
0 0.36225 0.7170000000000001 0.0235 0.019333300000000005
0 0.618125 0.199833 0.02125 0.021666699999999997
0 0.814 0.42599999999999993 0.019499999999999997 0.024666699999999996
0 0.9272500000000001 0.382167 0.018 0.019
0 0.2535 0.6953330000000001 0.014000000000000002 0.029333299999999996
0 0.03937500000000001 0.3018330000000001 0.02175 0.021
0 0.9307500000000002 0.17066700000000004 0.0215 0.021999999999999992
0 0.2775 0.521333 0.018 0.024
0 0.24824999999999997 0.8305 0.0155 0.029000000000000005
0 0.428625 0.128333 0.01475 0.0333333
0 0.421625 0.7581669999999999 0.022250000000000002 0.0256667
0 0.48450000000000004 0.228833 0.02 0.0223333
0 0.7347499999999999 0.022666699999999994 0.0215 0.020666699999999996
0 0.679875 0.42199999999999993 0.01675 0.0233333
0 0.28925 0.45649999999999996 0.021 0.018333300000000004
0 0.45875 0.28816700000000006 0.023 0.018333300000000004
0 0.5669999999999998 0.7538329999999998 0.014000000000000002 0.035
0 0.683875 0.69 0.022250000000000002 0.019333300000000005
0 0.037500000000000006 0.338667 0.014000000000000002 0.0313333
0 0.17162500000000003 0.22650000000000003 0.015250000000000001 0.0343333
0 0.872625 0.849167 0.01675 0.029000000000000005
0 0.11937499999999998 0.3495 0.02275 0.018333300000000004
0 0.5494999999999999 0.181667 0.013499999999999998 0.0333333
0 0.7710000000000001 0.45300000000000007 0.023 0.022666699999999998
0 0.521625 0.0115 0.02175 0.0203333
0 0.6679999999999999 0.7921669999999997 0.022 0.021
0 0.05800000000000001 0.880833 0.024 0.0163333
0 0.2015 0.6020000000000001 0.0155 0.028000000000000008
0 0.006375 0.24033300000000002 0.01275 0.0273333
0 0.661125 0.38049999999999995 0.01575 0.029000000000000005
0 0.836625 0.367333 0.019250000000000003 0.0213333
0 0.07124999999999998 0.18766699999999997 0.017500000000000005 0.034666699999999995
0 0.5791249999999999 0.941667 0.01275 0.034
0 0.37475 0.08916669999999999 0.017 0.029666699999999997
0 0.25175 0.727667 0.016 0.0326667
0 0.8013749999999998 0.5475 0.01825 0.0256667
0 0.010499999999999999 0.6963329999999999 0.019499999999999997 0.0233333
0 0.21625 0.917833 0.023 0.018333300000000004
0 0.33875 0.7355000000000002 0.019499999999999997 0.0256667
0 0.5871249999999999 0.46449999999999997 0.02275 0.021666699999999997
0 0.045375 0.262 0.02175 0.024666699999999996
0 0.06150000000000001 0.7905 0.016 0.0316667
0 0.423875 0.395667 0.02075 0.024
0 0.28637499999999994 0.952167 0.01875 0.025
0 0.46562499999999996 0.886833 0.023250000000000003 0.021666699999999997
0 0.52475 0.268333 0.018 0.0286667
0 0.182875 0.3738330000000001 0.01475 0.0323333
0 0.19362500000000002 0.395167 0.022250000000000002 0.019
0 0.010625 0.3765 0.02125 0.0196667
0 0.4695 0.679667 0.021 0.019333300000000005
0 0.10175 0.766833 0.017 0.030333300000000004
0 0.31850000000000006 0.7746670000000002 0.013499999999999998 0.0306667
0 0.8535 0.901333 0.022 0.019333300000000005
0 0.26875000000000004 0.683167 0.014500000000000002 0.028333299999999995
0 0.9568750000000001 0.636833 0.02075 0.021
0 0.6466249999999998 0.10133299999999998 0.02075 0.024
0 0.5616249999999999 0.403 0.02275 0.0213333
0 0.659625 0.124 0.01625 0.0266667
0 0.901125 0.461333 0.01375 0.029333299999999996
0 0.010625 0.591667 0.01875 0.026000000000000002
0 0.7133749999999999 0.977333 0.01475 0.03
0 0.23937500000000003 0.8596670000000001 0.01825 0.028000000000000008
0 0.78475 0.430667 0.0155 0.032
0 0.9109999999999999 0.0481667 0.017500000000000005 0.027000000000000003
0 0.513125 0.779333 0.01475 0.0313333
0 0.8695 0.8803329999999999 0.014000000000000002 0.032
0 0.97 0.154 0.0165 0.0273333
0 0.5685000000000001 0.553167 0.013499999999999998 0.0323333
0 0.48499999999999993 0.7755 0.014000000000000002 0.029000000000000005
0 0.9782500000000001 0.468333 0.018499999999999996 0.024
0 0.10625 0.1545 0.0165 0.029666699999999997
0 0.301875 0.574833 0.02375 0.0163333
0 0.5191249999999998 0.060666700000000004 0.019250000000000003 0.0213333
0 0.125375 0.8595 0.01725 0.030333300000000004
0 0.14 0.901167 0.015 0.030333300000000004
0 0.42 0.410833 0.020500000000000004 0.0243333
0 0.949875 0.6058329999999998 0.022250000000000002 0.0163333
0 0.520875 0.0313333 0.014250000000000002 0.028000000000000008
0 0.4075 0.11183300000000002 0.017 0.030333300000000004
0 0.58375 0.536 0.0215 0.0213333
0 0.415375 0.2125 0.02025 0.0276667
0 0.179125 0.683333 0.019250000000000003 0.0273333
0 0.843 0.045 0.019499999999999997 0.026000000000000002
0 0.315 0.258333 0.02 0.024666699999999996
0 0.92775 0.7116669999999999 0.020500000000000004 0.022666699999999998
0 0.59425 0.738833 0.018 0.0236667
0 0.714 0.29666700000000007 0.0225 0.018666700000000005
0 0.4568749999999999 0.5306669999999999 0.02075 0.021999999999999992
0 0.47475 0.340667 0.018 0.0286667
0 0.632 0.200167 0.017500000000000005 0.027000000000000003
0 0.83325 0.848 0.0155 0.0233333
0 0.23674999999999996 0.166167 0.014500000000000002 0.0323333
0 0.028624999999999998 0.808167 0.01825 0.029666699999999997
0 0.4470000000000001 0.11733299999999999 0.018 0.0273333
0 0.81575 0.8315 0.013000000000000001 0.0263333
0 0.280625 0.5695 0.01325 0.035
0 0.47475 0.583833 0.018499999999999996 0.0263333
0 0.23787500000000006 0.4408329999999999 0.01575 0.0316667
0 0.6431249999999998 0.392667 0.01575 0.024666699999999996
0 0.018875 0.256167 0.02025 0.0223333
0 0.388125 0.922833 0.01475 0.0256667
0 0.484625 0.535 0.01575 0.034
0 0.47 0.18116699999999997 0.017500000000000005 0.029000000000000005
0 0.828875 0.520167 0.01475 0.0276667
0 0.777125 0.8045 0.01375 0.031
0 0.546875 0.846 0.01975 0.0233333
0 0.5813749999999999 0.897333 0.015250000000000001 0.032
0 0.028125 0.118667 0.015250000000000001 0.034666699999999995
0 0.23025 0.223333 0.0165 0.034666699999999995
0 0.883375 0.04033330000000001 0.019250000000000003 0.025333300000000003
0 0.56875 0.07983330000000001 0.021 0.023
0 0.9263749999999998 0.141667 0.022250000000000002 0.019333300000000005
0 0.202125 0.734167 0.02275 0.018333300000000004
0 0.511125 0.260333 0.01575 0.028000000000000008
0 0.09 0.020500000000000008 0.0165 0.03300000000000001
0 0.25025000000000003 0.2755 0.016 0.035
0 0.5575 0.517667 0.016 0.0306667
0 0.3155 0.142333 0.0235 0.0213333
0 0.59325 0.776333 0.022 0.020666699999999996
0 0.5632500000000001 0.893667 0.014500000000000002 0.0306667
0 0.955625 0.816833 0.02125 0.0243333
0 0.4352500000000001 0.234167 0.0275 0.0196667
0 0.742125 0.376833 0.023250000000000003 0.018333300000000004
0 0.485 0.6233330000000001 0.013000000000000001 0.032
0 0.73775 0.755 0.023 0.018000000000000002
0 0.585125 0.631667 0.02125 0.021999999999999992
0 0.5922500000000002 0.081 0.019499999999999997 0.0273333
0 0.510125 0.0805 0.01825 0.029666699999999997
0 0.944875 0.747 0.019250000000000003 0.0233333
0 0.277875 0.8468329999999998 0.02175 0.0236667
0 0.22925000000000004 0.5325 0.02 0.021666699999999997
0 0.442375 0.904833 0.01975 0.0243333
0 0.5440000000000002 0.0663333 0.017500000000000005 0.03
0 0.893125 0.709667 0.02075 0.022666699999999998
0 0.47100000000000003 0.812667 0.021 0.019333300000000005
0 0.5313750000000002 0.08349999999999999 0.01875 0.025
0 0.9657499999999999 0.129167 0.0215 0.023
0 0.6018750000000002 0.383167 0.02125 0.0236667
0 0.423125 0.09266670000000002 0.02375 0.02
0 0.8900000000000001 0.126 0.026000000000000002 0.0173333
0 0.9415 0.06450000000000002 0.019499999999999997 0.0263333
0 0.36475 0.8608329999999998 0.0215 0.0203333
0 0.5971249999999999 0.268167 0.02275 0.0196667
0 0.06487499999999999 0.8611670000000001 0.02175 0.019
0 0.178125 0.30400000000000005 0.02275 0.020666699999999996
0 0.2889999999999999 0.824333 0.024 0.02
0 0.539125 0.877333 0.02175 0.019333300000000005
0 0.9689999999999999 0.653667 0.02 0.024666699999999996
2 0.6537866433295438 0.49242944555236917 0.011930163910077807 0.02228187536436058
0 0.9809117377438757 0.5669145717703745 0.014316196692093365 0.03119462551010489
0 0.9670727476081857 0.559593384150656 0.012407370466480806 0.026738250437232672
0 0.9642095082697669 0.5258522585989099 0.01813384914331812 0.015279000249847303
0 0.8845160133504476 0.7814572002786463 0.01908826225612449 0.01718887528107821
0 0.8900038887490835 0.7884600753931597 0.020519881925333775 0.015915625260257648
0 0.8649505445379201 0.8123335132835462 0.014316196692093365 0.020372000333129733
0 0.8458622822817959 0.8062855756846483 0.01717943603051193 0.02610162542682239
2 0.9429738165098286 0.8438464512988562 0.013838990135690279 0.01464237523943696
0 0.25864595357048564 0.8497564975431685 0.019088262256124353 0.015279000249847241
