1 0.08319604612850082 0.3032967032967033 0.09719934102141681 0.11868131868131866
1 0.20428336079077428 0.5120879120879122 0.07578253706754529 0.1054945054945055
2 0.6219110378912684 0.35824175824175825 0.12355848434925862 0.10989010989010989
1 0.5247116968698519 0.5263736263736264 0.08401976935749589 0.0945054945054945
0 0.6630971993410215 0.5461538461538462 0.044481054365733116 0.05934065934065933
0 0.5172981878088962 0.9252747252747252 0.085667215815486 0.07472527472527472
2 0.8212520593080724 0.889010989010989 0.054365733113673806 0.16483516483516478
1 0.2298187808896211 0.931868131868132 0.08731466227347612 0.12307692307692308
0 0.9514003294892917 0.024175824175824184 0.09060955518945635 0.043956043956043966
0 0.9868204283360791 0.41758241758241765 0.023064250411861616 0.06153846153846154
1 0.3064250411861614 0.12197802197802197 0.09884678747940692 0.16923076923076924
1 0.15897858319604613 0.1065934065934066 0.08072487644151564 0.09890109890109891
1 0.06013179571663921 0.031868131868131866 0.07084019769357495 0.06373626373626373
0 0.00823723228995058 0.6791208791208789 0.013179571663920926 0.05274725274725275
