1 0.861 0.853 0.0165 0.0213333
1 0.2145 0.0378333 0.015 0.029666699999999997
1 0.237625 0.0276667 0.014250000000000002 0.024
1 0.5443750000000002 0.7725 0.01875 0.021666699999999997
1 0.7505 0.336167 0.019499999999999997 0.015
1 0.773125 0.7581669999999999 0.015250000000000001 0.0263333
1 0.9673749999999999 0.608667 0.014250000000000002 0.03
1 0.77925 0.614833 0.014000000000000002 0.0243333
1 0.197125 0.1655 0.01325 0.029000000000000005
1 0.8495 0.8061669999999999 0.0225 0.019
1 0.793375 0.915 0.01975 0.016
1 0.76075 0.7570000000000001 0.013000000000000001 0.0306667
1 0.9804999999999999 0.5024999999999998 0.021 0.021
1 0.501375 0.402667 0.015250000000000001 0.024666699999999996
1 0.90125 0.816167 0.019 0.021
1 0.7829999999999999 0.157333 0.019499999999999997 0.0173333
1 0.020125 0.340833 0.01625 0.0236667
1 0.032375 0.4105 0.01475 0.0243333
1 0.2745000000000001 0.3 0.013499999999999998 0.024
1 0.9542500000000003 0.182167 0.018499999999999996 0.0176667
1 0.33275 0.0266667 0.02 0.020666699999999996
1 0.8855 0.727833 0.0125 0.0316667
1 0.789 0.3596670000000001 0.013499999999999998 0.0286667
1 0.7708749999999999 0.799833 0.02125 0.0176667
1 0.82075 0.0545 0.017 0.0256667
1 0.788875 0.604333 0.01375 0.025333300000000003
1 0.261 0.983833 0.016 0.0223333
1 0.6335387711676078 0.33812390902208056 0.021577542335217692 0.01558181804416136
1 0.021624999999999995 0.33049999999999996 0.019250000000000003 0.0256667
1 0.5368749999999999 0.6173329999999999 0.022250000000000002 0.020666699999999996
1 0.75275 0.960833 0.022 0.019
1 0.055374999999999994 0.4105 0.01625 0.0236667
1 0.598375 0.05850000000000002 0.01575 0.030333300000000004
1 0.9372500000000001 0.181833 0.018499999999999996 0.021
1 0.32575 0.4254999999999999 0.0215 0.017
1 0.7978749999999999 0.6571669999999998 0.01325 0.0276667
1 0.83675 0.837167 0.021 0.0196667
1 0.5341249999999998 0.0271667 0.01275 0.029666699999999997
1 0.86025 0.839333 0.015 0.0213333
1 0.204875 0.166667 0.01575 0.028000000000000008
1 0.10775 0.265833 0.017500000000000005 0.0223333
1 0.407375 0.136833 0.01825 0.021666699999999997
1 0.498625 0.7631669999999998 0.01725 0.023
1 0.08137500000000002 0.7725 0.01325 0.029000000000000005
1 0.588875 0.047166700000000006 0.01475 0.0196667
1 0.30087499999999995 0.132167 0.025250000000000005 0.0203333
1 0.0215 0.406167 0.014500000000000002 0.023
1 0.493875 0.648 0.01775 0.0213333
1 0.973625 0.589 0.01975 0.018666700000000005
1 0.91975 0.8508329999999998 0.013000000000000001 0.030333300000000004
1 0.2025 0.6508329999999998 0.013499999999999998 0.027000000000000003
1 0.415875 0.290667 0.02275 0.024
1 0.7021250000000001 0.6655 0.01775 0.018333300000000004
1 0.221875 0.273667 0.01675 0.026000000000000002
1 0.69075 0.444333 0.014000000000000002 0.025333300000000003
1 0.71375 0.39683300000000005 0.020500000000000004 0.0176667
1 0.803375 0.472167 0.01775 0.0223333
1 0.9038749999999999 0.6689999999999999 0.015250000000000001 0.0266667
1 0.816875 0.7390000000000001 0.01225 0.0233333
1 0.008875 0.477167 0.01775 0.0163333
1 0.7145 0.784667 0.0165 0.024666699999999996
1 0.621 0.5935 0.023 0.017
1 0.51425 0.7366669999999997 0.019499999999999997 0.02
1 0.46012499999999995 0.468667 0.01325 0.028000000000000008
1 0.422875 0.22399999999999998 0.02025 0.0166667
1 0.953125 0.5595 0.01275 0.0196667
1 0.681125 0.223333 0.02125 0.02
1 0.67675 0.471833 0.017 0.0236667
1 0.6026249999999999 0.6119999999999999 0.02375 0.02
1 0.963 0.6983330000000001 0.014500000000000002 0.028000000000000008
1 0.0335 0.7575 0.015 0.029000000000000005
1 0.501625 0.6240000000000001 0.01225 0.03
1 0.49249999999999994 0.6725 0.022 0.021666699999999997
1 0.072625 0.8075 0.01575 0.0263333
1 0.347 0.631667 0.018499999999999996 0.0233333
1 0.9667499999999998 0.530333 0.020500000000000004 0.0166667
1 0.763 0.6365 0.014000000000000002 0.025
1 0.6635 0.632333 0.0235 0.018000000000000002
1 0.767875 0.919667 0.022250000000000002 0.02
1 0.73525 0.359 0.0215 0.0213333
1 0.445 0.832667 0.015 0.028000000000000008
1 0.598125 0.3539999999999999 0.01975 0.0166667
1 0.578875 0.528 0.01975 0.018000000000000002
1 0.734875 0.761333 0.02175 0.022666699999999998
1 0.71 0.23866700000000002 0.017 0.0233333
1 0.398875 0.517167 0.014250000000000002 0.0276667
1 0.7907499999999998 0.384667 0.0125 0.0306667
1 0.4947500000000001 0.5683329999999999 0.0235 0.018000000000000002
1 0.815375 0.488667 0.02075 0.018000000000000002
1 0.49037499999999995 0.777 0.01825 0.018000000000000002
1 0.2889999999999999 0.2955 0.0215 0.017
1 0.7708749999999999 0.31883300000000003 0.01825 0.0223333
1 0.760875 0.0338333 0.01875 0.025
1 0.84725 0.17316699999999996 0.018499999999999996 0.0223333
1 0.0085 0.3735 0.017 0.0203333
1 0.8867499999999999 0.703833 0.016 0.029000000000000005
1 0.550125 0.662333 0.02175 0.018666700000000005
1 0.6778749999999999 0.153833 0.01725 0.021666699999999997
1 0.50675 0.6558329999999999 0.016 0.029666699999999997
1 0.4568749999999999 0.269833 0.02075 0.017
1 0.74075 0.952333 0.019499999999999997 0.02
1 0.9152500000000002 0.674833 0.0215 0.0176667
1 0.528875 0.0451667 0.02075 0.021
1 0.844625 0.822167 0.01375 0.0263333
1 0.845125 0.784833 0.01575 0.023
1 0.5969999999999999 0.853667 0.0225 0.0213333
1 0.122 0.290167 0.021 0.0176667
1 0.151125 0.8538329999999997 0.02125 0.0163333
1 0.818375 0.445167 0.02075 0.018333300000000004
1 0.9071249999999997 0.179667 0.01975 0.02
1 0.851625 0.533833 0.014250000000000002 0.0263333
1 0.5285 0.7755 0.016 0.025
1 0.5908750000000002 0.552 0.01825 0.018000000000000002
1 0.46887499999999993 0.13983300000000004 0.01875 0.021666699999999997
1 0.9752499999999997 0.289667 0.0215 0.018000000000000002
1 0.7653750000000001 0.45050000000000007 0.01975 0.0163333
1 0.340625 0.613667 0.01475 0.024666699999999996
1 0.689625 0.495 0.01875 0.019333300000000005
1 0.14087500000000003 0.334833 0.02275 0.019
1 0.5501249999999999 0.154667 0.01375 0.03
1 0.604625 0.5968329999999998 0.01775 0.0243333
1 0.66125 0.139333 0.017500000000000005 0.0213333
1 0.40887499999999993 0.30950000000000005 0.022250000000000002 0.0196667
1 0.742625 0.827333 0.022250000000000002 0.018666700000000005
1 0.292625 0.3761669999999999 0.014250000000000002 0.0256667
1 0.2205 0.6421669999999999 0.0215 0.0203333
1 0.728875 0.319833 0.01575 0.027000000000000003
1 0.8721249999999999 0.445167 0.015250000000000001 0.028333299999999995
1 0.59075 0.758333 0.0165 0.026000000000000002
1 0.143875 0.274333 0.019250000000000003 0.0213333
1 0.768 0.36866699999999997 0.0155 0.0273333
1 0.711 0.414 0.020500000000000004 0.0173333
1 0.7185000000000001 0.617333 0.018499999999999996 0.024
1 0.696875 0.24083300000000002 0.014250000000000002 0.0263333
1 0.90625 0.15849999999999997 0.019499999999999997 0.021
1 0.8855 0.856 0.02 0.020666699999999996
1 0.3037500000000001 0.400833 0.0245 0.0176667
1 0.414125 0.823 0.01375 0.0313333
1 0.6289999999999999 0.5745 0.02 0.017
1 0.198875 0.615167 0.01325 0.027000000000000003
1 0.775375 0.506333 0.023250000000000003 0.02
1 0.337125 0.7738330000000002 0.019250000000000003 0.0196667
1 0.846375 0.2675 0.022250000000000002 0.015
1 0.7509999999999999 0.653333 0.018 0.0213333
1 0.4512500000000001 0.850167 0.017 0.0256667
1 0.9468750000000001 0.5725 0.02025 0.0223333
1 0.15262500000000004 0.3006670000000001 0.022250000000000002 0.019333300000000005
1 0.8965000000000001 0.10083299999999999 0.019 0.023
1 0.600625 0.535667 0.01825 0.024666699999999996
1 0.7666249999999999 0.3975 0.01625 0.029000000000000005
1 0.5727499999999999 0.546667 0.02 0.018666700000000005
1 0.118875 0.13249999999999998 0.02275 0.0196667
1 0.660375 0.655667 0.025250000000000005 0.018000000000000002
1 0.4916249999999999 0.410833 0.01375 0.0276667
1 0.20975 0.680667 0.0165 0.0213333
1 0.303375 0.036500000000000005 0.01975 0.0196667
1 0.86175 0.171167 0.014500000000000002 0.031
1 0.829 0.7320000000000002 0.019 0.021999999999999992
1 0.6607499999999998 0.4386669999999999 0.017500000000000005 0.025333300000000003
1 0.707125 0.452 0.01825 0.022666699999999998
1 0.36425 0.656333 0.023 0.019333300000000005
1 0.810375 0.935 0.02175 0.016
1 0.313875 0.599 0.02175 0.020666699999999996
1 0.992125 0.536333 0.014250000000000002 0.029333299999999996
1 0.30575 0.8655000000000002 0.0155 0.0223333
1 0.9695 0.574833 0.019499999999999997 0.0176667
1 0.633875 0.673333 0.014250000000000002 0.029333299999999996
1 0.145 0.695833 0.014500000000000002 0.0323333
1 0.6995 0.220167 0.022 0.015
1 0.1715 0.578667 0.018499999999999996 0.0233333
1 0.841375 0.150333 0.01775 0.021999999999999992
1 0.2245 0.868833 0.013499999999999998 0.031
1 0.8045 0.508667 0.021 0.02
1 0.6366250000000001 0.4366670000000001 0.02375 0.0153333
1 0.9478749999999999 0.6088330000000001 0.02125 0.0203333
1 0.91375 0.6305 0.016 0.0243333
1 0.355375 0.508 0.02275 0.02
1 0.72375 0.400833 0.016 0.025
1 0.378875 0.154833 0.02075 0.023
1 0.260625 0.0565 0.023250000000000003 0.019
1 0.613125 0.07600000000000001 0.014250000000000002 0.029333299999999996
1 0.257625 0.6468330000000002 0.02125 0.023
1 0.500875 0.793167 0.02125 0.0223333
1 0.5635000000000001 0.677 0.015 0.0266667
1 0.337625 0.406167 0.01575 0.0336667
1 0.6027499999999999 0.1895 0.02 0.018333300000000004
1 0.9307500000000001 0.20683299999999996 0.018 0.021666699999999997
1 0.9129999999999999 0.509333 0.0235 0.0173333
1 0.356625 0.530167 0.01675 0.0236667
1 0.53775 0.738667 0.018499999999999996 0.02
1 0.370125 0.757333 0.02075 0.0213333
1 0.209375 0.524 0.015250000000000001 0.0333333
1 0.01875 0.4338330000000001 0.024 0.0176667
1 0.749125 0.930667 0.01775 0.022666699999999998
1 0.009125 0.6919999999999998 0.01575 0.0306667
1 0.4958749999999999 0.222167 0.02125 0.0223333
1 0.47637500000000005 0.4175 0.023250000000000003 0.0203333
1 0.422625 0.00883333 0.023250000000000003 0.0176667
1 0.6252500000000001 0.17283299999999993 0.016 0.0336667
1 0.573375 0.0363333 0.01875 0.024666699999999996
1 0.45425000000000004 0.248167 0.0225 0.0196667
1 0.424625 0.480167 0.015250000000000001 0.0276667
1 0.43075 0.194833 0.02 0.0196667
1 0.250625 0.44299999999999995 0.01675 0.03
1 0.35125 0.7466669999999997 0.022 0.018666700000000005
1 0.635125 0.4645 0.02175 0.0176667
1 0.3565 0.849833 0.016 0.0243333
1 0.023 0.218167 0.020500000000000004 0.0196667
1 0.81375 0.41283299999999995 0.015 0.0323333
1 0.797 0.340833 0.013000000000000001 0.030333300000000004
1 0.750875 0.427667 0.01775 0.025333300000000003
1 0.48150000000000004 0.242667 0.023 0.0173333
1 0.55825 0.649833 0.019 0.021666699999999997
1 0.042875 0.896167 0.019250000000000003 0.0196667
1 0.985 0.393333 0.0165 0.019333300000000005
1 0.067 0.688333 0.016 0.0266667
1 0.6863749999999998 0.407 0.014250000000000002 0.032
1 0.512875 0.6046669999999998 0.02375 0.0173333
1 0.42274999999999996 0.5305 0.020500000000000004 0.021
1 0.09625 0.550333 0.0165 0.029333299999999996
1 0.8803749999999999 0.3815 0.02075 0.0256667
1 0.9312500000000001 0.56 0.0225 0.019333300000000005
1 0.826125 0.209167 0.01475 0.028333299999999995
1 0.264 0.396667 0.023 0.018000000000000002
1 0.6186249999999999 0.7795000000000001 0.02175 0.021666699999999997
1 0.8255 0.34633300000000006 0.014500000000000002 0.0313333
1 0.339375 0.0431667 0.02125 0.0263333
1 0.7535 0.298333 0.014500000000000002 0.028000000000000008
1 0.086375 0.491 0.02175 0.0166667
1 0.4915 0.0313333 0.018 0.0233333
1 0.705375 0.6878330000000001 0.01675 0.0263333
1 0.39574999999999994 0.0931667 0.018499999999999996 0.025
1 0.043 0.419 0.0165 0.029333299999999996
1 0.41600000000000004 0.346333 0.0165 0.0286667
1 0.688375 0.6545000000000001 0.019250000000000003 0.0236667
1 0.7125 0.3324999999999999 0.022 0.0176667
1 0.89875 0.699 0.017 0.0266667
1 0.736625 0.7333330000000001 0.01375 0.0273333
1 0.199875 0.19383300000000003 0.01875 0.029000000000000005
1 0.9419999999999998 0.236 0.015 0.0306667
1 0.45012500000000005 0.122333 0.01825 0.024666699999999996
1 0.54925 0.111667 0.014500000000000002 0.032
1 0.39225 0.7090000000000001 0.022 0.024
1 0.1555 0.7965000000000002 0.024 0.0196667
1 0.015625 0.818333 0.01475 0.028000000000000008
1 0.219125 0.439667 0.01725 0.024666699999999996
1 0.533375 0.802667 0.014250000000000002 0.0266667
1 0.013875 0.630667 0.01725 0.029333299999999996
1 0.587875 0.29933299999999996 0.01675 0.0233333
1 0.21725000000000003 0.614167 0.020500000000000004 0.018333300000000004
1 0.90475 0.5308329999999999 0.0215 0.0196667
1 0.1065 0.307667 0.017500000000000005 0.020666699999999996
1 0.73875 0.4635 0.018499999999999996 0.023
1 0.34887499999999994 0.549667 0.01275 0.0306667
1 0.9151249999999999 0.106833 0.02275 0.019
1 0.43875 0.530667 0.022 0.018000000000000002
1 0.9135 0.6926669999999998 0.015 0.0213333
1 0.69675 0.476833 0.0165 0.0243333
1 0.607375 0.291667 0.01875 0.024
1 0.302125 0.24033300000000002 0.01625 0.03
1 0.6984999999999999 0.382167 0.020500000000000004 0.019
1 0.5542500000000001 0.787833 0.021 0.0203333
1 0.857875 0.518333 0.01575 0.026000000000000002
1 0.6051250000000001 0.13399999999999998 0.01675 0.0326667
1 0.5137500000000002 0.0545 0.020500000000000004 0.0196667
1 0.6305 0.37516700000000003 0.018499999999999996 0.029000000000000005
1 0.11675 0.572667 0.016 0.0273333
1 0.654625 0.6079999999999999 0.02075 0.02
1 0.73525 0.903333 0.020500000000000004 0.021999999999999992
1 0.7895 0.274167 0.015 0.029000000000000005
1 0.5165 0.899667 0.017 0.0286667
1 0.51825 0.6708330000000001 0.021 0.021
1 0.717875 0.9265000000000001 0.019250000000000003 0.018333300000000004
1 0.4685 0.769833 0.012 0.03300000000000001
1 0.654625 0.08566670000000003 0.01875 0.0266667
1 0.688 0.907667 0.017500000000000005 0.021999999999999992
1 0.788125 0.32250000000000006 0.01825 0.0276667
1 0.599125 0.519667 0.02175 0.018000000000000002
1 0.5791249999999999 0.945333 0.01775 0.022666699999999998
1 0.059625 0.05516669999999998 0.01825 0.029666699999999997
1 0.13487499999999997 0.242333 0.02025 0.022666699999999998
1 0.13287500000000002 0.8993330000000002 0.02175 0.021999999999999992
1 0.48325 0.55 0.022 0.019333300000000005
1 0.01775 0.5906669999999999 0.015 0.029333299999999996
1 0.4593749999999999 0.3375 0.01775 0.029000000000000005
1 0.0515 0.468833 0.014000000000000002 0.0336667
1 0.44800000000000006 0.0161667 0.0225 0.0196667
1 0.37237500000000007 0.794833 0.01225 0.031
1 0.68125 0.24499999999999997 0.017 0.019333300000000005
1 0.75375 0.4815 0.0215 0.017
1 0.877625 0.08616669999999998 0.02025 0.0176667
1 0.497125 0.749333 0.02025 0.022666699999999998
1 0.203875 0.1075 0.015250000000000001 0.03633329999999999
1 0.80925 0.79 0.014000000000000002 0.03
1 0.137625 0.08233330000000003 0.01975 0.02
1 0.486125 0.395667 0.01825 0.025333300000000003
1 0.3212499999999999 0.12433299999999999 0.018499999999999996 0.0233333
1 0.68475 0.870333 0.013499999999999998 0.0266667
1 0.057 0.546667 0.0215 0.020666699999999996
1 0.69625 0.202833 0.017 0.021
1 0.34037500000000004 0.8281669999999999 0.01125 0.0316667
1 0.727 0.802333 0.021 0.018666700000000005
1 0.011735963959510556 0.5341222045583595 0.019528072080978884 0.025401927350159684
1 0.176625 0.3066670000000001 0.02125 0.020666699999999996
1 0.297375 0.154167 0.01225 0.029666699999999997
1 0.43837500000000007 0.905167 0.01875 0.0223333
1 0.7822499999999999 0.6704999999999999 0.0165 0.031
1 0.5625000000000001 0.0386667 0.013000000000000001 0.0333333
1 0.5816249999999998 0.219833 0.01575 0.0316667
1 0.218875 0.205 0.023250000000000003 0.02
1 0.8729999999999998 0.20866699999999994 0.014000000000000002 0.03
1 0.2865 0.732833 0.019499999999999997 0.027000000000000003
1 0.955125 0.20200000000000004 0.023250000000000003 0.021999999999999992
1 0.1725 0.614667 0.018 0.021999999999999992
1 0.08125 0.416333 0.018 0.028000000000000008
1 0.57975 0.06433330000000001 0.0215 0.021999999999999992
1 0.804 0.263333 0.019 0.024666699999999996
1 0.8871250000000002 0.680167 0.01475 0.0256667
1 0.8665658706043483 0.5471669999999998 0.012131741208696565 0.030999999999999996
1 0.07837500000000001 0.33233300000000005 0.01475 0.035333300000000005
1 0.975875 0.455833 0.01675 0.029000000000000005
1 0.539625 0.881333 0.01975 0.020666699999999996
1 0.8726249999999999 0.133333 0.01625 0.026000000000000002
1 0.28625000000000006 0.5790000000000001 0.0215 0.019333300000000005
1 0.6383750000000001 0.24349999999999997 0.019250000000000003 0.0236667
1 0.402 0.3235 0.014500000000000002 0.029666699999999997
1 0.910625 0.9683329999999999 0.014250000000000002 0.026000000000000002
1 0.545625 0.7538329999999999 0.02025 0.0203333
1 0.347375 0.4343330000000001 0.01775 0.028000000000000008
1 0.584 0.171 0.019 0.024666699999999996
1 0.440375 0.45399999999999996 0.01875 0.021999999999999992
1 0.571125 0.10383300000000001 0.01875 0.025
1 0.5341249999999998 0.7196669999999998 0.01275 0.0326667
1 0.86225 0.486833 0.021 0.018333300000000004
1 0.800625 0.241833 0.01675 0.0263333
1 0.124125 0.3305000000000001 0.01775 0.028333299999999995
1 0.7245 0.347167 0.0125 0.0316667
1 0.5550000000000002 0.067 0.0215 0.020666699999999996
1 0.509125 0.42383299999999996 0.02075 0.023
1 0.825625 0.805 0.01325 0.0306667
1 0.23337500000000003 0.08950000000000001 0.02375 0.0176667
1 0.539 0.962333 0.0215 0.018666700000000005
1 0.0405 0.4366670000000001 0.019499999999999997 0.028000000000000008
1 0.74025 0.300833 0.0165 0.0276667
1 0.582375 0.277333 0.01975 0.026000000000000002
1 0.54075 0.181333 0.0165 0.0313333
1 0.569375 0.303 0.01475 0.026000000000000002
1 0.717125 0.9038330000000001 0.02275 0.0176667
1 0.5665 0.629333 0.018 0.0213333
1 0.608 0.572667 0.02 0.02
1 0.402125 0.1155 0.02025 0.0196667
1 0.365125 0.115 0.023250000000000003 0.0273333
1 0.047625 0.5115 0.02025 0.0243333
1 0.2945 0.7628329999999999 0.0215 0.023
1 0.34175 0.2545 0.020500000000000004 0.0243333
1 0.33149999999999996 0.534833 0.0215 0.018333300000000004
1 0.9607499999999999 0.38 0.014500000000000002 0.0326667
1 0.4065 0.9541669999999999 0.02 0.021
1 0.57125 0.6055 0.02 0.0223333
1 0.280625 0.36666699999999997 0.01325 0.032
1 0.671125 0.3436670000000001 0.01825 0.024
1 0.59125 0.384333 0.022 0.018666700000000005
1 0.273375 0.201 0.01825 0.0273333
1 0.658375 0.457833 0.014250000000000002 0.0263333
1 0.13725000000000004 0.647667 0.0155 0.0333333
1 0.4512500000000001 0.15116700000000002 0.0165 0.0356667
1 0.426875 0.126333 0.01675 0.026000000000000002
1 0.487125 0.130333 0.02175 0.022666699999999998
1 0.886375 0.509833 0.02375 0.021666699999999997
1 0.6801179392703826 0.08470795593062702 0.019324893606406858 0.018940909400637113
1 0.7519314677871435 0.3196278461357509 0.018141736854994196 0.014205682050477796
1 0.7402970930649186 0.3246261416720301 0.01853612243879919 0.016836363911677598
1 0.7402970930649191 0.38697330178246075 0.011437181930322475 0.024728409495276205
1 0.7337897309321494 0.3998636429023387 0.014197881016951998 0.029463636845435473
1 0.7468044551976887 0.4122278476499769 0.014197881016952097 0.012101136561518164
1 0.6369680701082128 0.3488284147950666 0.01774735127119 0.01999318214511694
1 0.025437870155372383 0.3748721652209426 0.011437181930322464 0.026832954984235897
1 0.013803495433147803 0.6047489686550384 0.026889926168469747 0.014827479581306858
1 0.4746968299607193 0.5801162203183512 0.015058358654343048 0.029654959162613716
1 0.46555425506343956 0.5896823361772588 0.008246244024997334 0.026785124404941373
1 0.4755931608330015 0.5959003114855489 0.01971927919021114 0.010522727444798286
1 0.7330193873524854 0.6279467996128894 0.022587537981514662 0.017219008546033785
1 0.8760737945687445 0.5483088850874834 0.014699826305430286 0.03108987654144981
1 0.8314897960109229 0.7561327521222517 0.014341293956517237 0.026785124404941248
1 0.8223472211136433 0.7472840949527622 0.01254863221195257 0.019610537510760587
1 0.8080059271571263 0.7542195289504702 0.01900221449238524 0.01817562013192448
1 0.8221679549391869 0.7680903969458861 0.013624229258691422 0.01434917378836157
1 0.8124875815185377 0.7771782070118484 0.023663135028253332 0.015305785374252267
1 0.8035242727957146 0.7633073390164324 0.020077811539124094 0.01721900854603366
1 0.79563656111963 0.7415444254374176 0.01936074684129819 0.01865392592486989
1 0.7821915980353951 0.7374788261973818 0.019719279190211235 0.017219008546033785
1 0.7821915980353951 0.7833961823201385 0.02187047328368876 0.01721900854603366
1 0.7615759879729016 0.7903316163178465 0.016492488049994765 0.02152376068254223
1 0.7834464612565903 0.7647422563952688 0.010755970467387905 0.02869834757672289
1 0.5848195399588271 0.7781348185977391 0.02151194093477581 0.017219008546033785
2 0.31950560176325893 0.7743083722541761 0.025097264423905093 0.01817562013192448
1 0.08801969165812432 0.7874617815601739 0.021870473283688723 0.017697314338979066
1 0.7758640030475804 0.948103821465426 0.015058358654343048 0.020567149096651284
1 0.7597300473464986 0.9440382222253904 0.01792661744564648 0.019132231717815303
1 0.7781944633155145 0.932798036091174 0.01971927919021114 0.019610537510760587
1 0.7993478719013772 0.9373419411241549 0.016133955701081806 0.01913223171781518
