0 0.7453749999999999 0.608 0.01825 0.0246667
0 0.47375 0.615 0.014500000000000002 0.0273333
0 0.727875 0.36949999999999994 0.02125 0.0183333
0 0.739375 0.6263330000000001 0.018750000000000003 0.022666699999999998
0 0.602 0.405 0.0125 0.0233333
0 0.9066249999999999 0.356333 0.02075 0.0186667
0 0.684151547734483 0.299340545523972 0.015721410132095232 0.030561062664391198
0 0.5502499999999999 0.6608330000000001 0.013500000000000002 0.033
0 0.644125 0.24283300000000005 0.01725 0.028333299999999995
0 0.5083750000000001 0.5935 0.01375 0.031
0 0.485 0.634 0.0215 0.0186667
0 0.73225 0.387167 0.022 0.017666699999999997
0 0.6725 0.274833 0.019000000000000003 0.024999999999999994
0 0.42 0.903 0.0255 0.018000000000000002
0 0.047624999999999994 0.46563681790411154 0.017749999999999985 0.033939635808223956
0 0.741625 0.3735 0.01725 0.024999999999999994
0 0.827375 0.5258330000000001 0.02475 0.017666699999999997
0 0.006125 0.36950000000000005 0.01225 0.028999999999999998
0 0.6780000000000002 0.7979999999999999 0.018 0.02
0 0.6715000000000001 0.0828333 0.0185 0.024999999999999994
0 0.84025 0.46966700000000006 0.0215 0.018000000000000002
0 0.367125 0.879667 0.02125 0.0193333
0 0.705 0.386333 0.021 0.0186667
0 0.9754999999999999 0.8841669999999999 0.02 0.0203333
0 0.13075 0.928833 0.021 0.0196667
0 0.310875 0.12166700000000001 0.01625 0.03
0 0.639 0.7493330000000001 0.018 0.0306667
0 0.9157499999999998 0.15616700000000003 0.014000000000000002 0.0256667
0 0.78875 0.190667 0.0235 0.0193333
0 0.9525 0.19716699999999998 0.015 0.0323333
0 0.37425 0.810333 0.021 0.025333300000000003
0 0.8219999999999998 0.383833 0.0235 0.0196667
0 0.074375 0.1335 0.023250000000000003 0.0183333
0 0.71075 0.441667 0.019500000000000003 0.0193333
0 0.13175 0.702167 0.023 0.0196667
0 0.3735 0.537333 0.014500000000000002 0.028666700000000003
0 0.7432500000000001 0.8026669999999999 0.022 0.020666700000000003
0 0.621125 0.806167 0.01525 0.027000000000000003
0 0.8278750000000001 0.639 0.01775 0.0266667
0 0.74425 0.397 0.017 0.021999999999999992
0 0.017 0.713 0.025 0.0193333
0 0.5801250000000001 0.3924999999999999 0.01625 0.0296667
0 0.8595 0.5131669999999999 0.02 0.023
0 0.206375 0.1935 0.01775 0.033
0 0.921875 0.343167 0.01825 0.023
0 0.544625 0.5625 0.01825 0.023666700000000006
0 0.936875 0.664167 0.01825 0.026333299999999994
0 0.491125 0.621 0.02025 0.017333300000000003
0 0.8391249999999999 0.7703329999999999 0.01525 0.031333299999999994
0 0.494 0.593 0.016 0.0306667
0 0.9539999999999996 0.47484054552397176 0.02295098879787806 0.030924544760279917
0 0.64775 0.854167 0.019000000000000003 0.026333299999999994
0 0.812625 0.1825 0.022250000000000002 0.019
0 0.722875 0.619333 0.01825 0.028000000000000004
0 0.805 0.541167 0.023 0.0183333
0 0.023124999999999993 0.43315945447602755 0.01575 0.04022766266439168
0 0.7625 0.3525000000000001 0.0235 0.019
0 0.07975 0.9511670000000001 0.015 0.033
0 0.7567499999999999 0.6101669999999999 0.0155 0.0243333
0 0.8025 0.820167 0.0215 0.0183333
0 0.28637500000000005 0.272 0.01675 0.0266667
0 0.632 0.786167 0.0155 0.0296667
0 0.7170000000000001 0.285333 0.024 0.018000000000000002
0 0.164875 0.197333 0.02025 0.0233333
0 0.21025 0.7003330000000001 0.015 0.032
0 0.433 0.657333 0.0235 0.021333299999999996
0 0.851375 0.09300000000000001 0.022250000000000002 0.018000000000000002
0 0.696125 0.737 0.023250000000000003 0.021999999999999992
0 0.502625 0.6928329999999999 0.01525 0.0343333
0 0.6362500000000001 0.25299999999999995 0.017 0.0306667
0 0.80625 0.9846670000000001 0.0185 0.0273333
0 0.461 0.276833 0.014500000000000002 0.033
0 0.988375 0.8269999999999998 0.023250000000000003 0.0186667
0 0.417 0.670667 0.015 0.031333299999999994
0 0.892125 0.567833 0.01825 0.024999999999999994
0 0.517375 0.6025 0.01675 0.031
0 0.423 0.794667 0.020500000000000004 0.022666699999999998
0 0.511875 0.41283299999999995 0.02125 0.021
0 0.67875 0.369333 0.0235 0.016
0 0.5213811264002651 0.26114436342808367 0.01573774719946926 0.03428802685616769
0 0.605 0.3786669999999999 0.015 0.0326667
0 0.6265 0.28516699999999995 0.0235 0.0196667
0 0.665375 0.277 0.01525 0.0266667
0 0.800875 0.9279999999999999 0.022250000000000002 0.02
0 0.9307500000000001 0.848 0.0225 0.021333299999999996
0 0.7955 0.965 0.0185 0.0233333
0 0.819 0.818833 0.019500000000000003 0.0196667
0 0.1745 0.3899999999999999 0.014500000000000002 0.0333333
0 0.28225 0.04566669999999999 0.026000000000000002 0.017333300000000003
0 0.6462499999999999 0.304333 0.016500000000000004 0.021999999999999992
0 0.9155 0.5394999999999999 0.019000000000000003 0.0256667
0 0.534875 0.42033300000000007 0.01725 0.0266667
0 0.30037500000000006 0.763667 0.02025 0.021333299999999996
0 0.21224999999999997 0.7226669999999998 0.0235 0.0186667
0 0.17725 0.198333 0.015 0.031333299999999994
0 0.4765 0.450667 0.014000000000000002 0.0333333
0 0.008 0.43766700000000003 0.016 0.031333299999999994
0 0.282625 0.321667 0.022250000000000002 0.016
0 0.37450000000000006 0.709 0.015 0.032
0 0.34424999999999994 0.0721667 0.017 0.028333299999999995
0 0.567625 0.227333 0.022250000000000002 0.022666699999999998
0 0.846625 0.509167 0.01575 0.027000000000000003
0 0.4973750000000001 0.937333 0.01425 0.032
0 0.769875 0.3741670000000001 0.01375 0.028333299999999995
0 0.72275 0.419833 0.020500000000000004 0.019
0 0.9060000000000001 0.15350000000000003 0.016 0.0296667
0 0.4325 0.45399999999999996 0.014000000000000002 0.031333299999999994
0 0.021 0.597667 0.023 0.0193333
0 0.641375 0.428167 0.019750000000000004 0.0223333
0 0.65925 0.6560000000000002 0.020500000000000004 0.021999999999999992
0 0.12425000000000001 0.549167 0.018 0.023
0 0.6298749999999999 0.621833 0.02125 0.0183333
0 0.814375 0.511667 0.01825 0.032
0 0.408125 0.4923329999999999 0.023250000000000003 0.0193333
0 0.413625 0.2815 0.01625 0.0316667
0 0.12825 0.298333 0.022 0.022666699999999998
0 0.44025 0.10266700000000001 0.016500000000000004 0.0326667
0 0.437125 0.9330000000000002 0.01425 0.0306667
0 0.343375 0.456333 0.02375 0.018000000000000002
0 0.070125 0.448833 0.01575 0.031
0 0.2572499999999999 0.174333 0.014500000000000002 0.0326667
0 0.86575 0.6313330000000001 0.020500000000000004 0.021333299999999996
0 0.5990000000000001 0.542 0.0215 0.020666700000000003
0 0.6423749999999998 0.6411669999999999 0.02125 0.019
0 0.558 0.776333 0.0235 0.021999999999999992
0 0.99 0.627333 0.02 0.021999999999999992
0 0.08287499999999999 0.398667 0.02075 0.02
0 0.190875 0.6815000000000002 0.02175 0.021666699999999997
0 0.12275 0.45433299999999993 0.0175 0.029333299999999996
0 0.01175 0.878 0.02 0.020666700000000003
0 0.574375 0.6786670000000001 0.019750000000000004 0.021333299999999996
0 0.841125 0.282167 0.01525 0.0276667
0 0.325625 0.742667 0.01625 0.024
0 0.37837499999999996 0.441333 0.01775 0.024
0 0.44049999999999995 0.748667 0.0175 0.028000000000000004
0 0.48875 0.396167 0.016500000000000004 0.028333299999999995
0 0.801625 0.8016670000000002 0.01525 0.0326667
0 0.6872500000000001 0.22666700000000004 0.024 0.0193333
0 0.83475 0.4855 0.019500000000000003 0.0243333
0 0.82325 0.038666700000000005 0.017 0.03
0 0.7438749999999998 0.961833 0.018750000000000003 0.0243333
0 0.643 0.39766699999999994 0.021 0.021333299999999996
0 0.901875 0.712167 0.02075 0.0223333
0 0.34962499999999996 0.715 0.01425 0.032
0 0.575375 0.258667 0.02275 0.020666700000000003
0 0.555 0.6843330000000001 0.019000000000000003 0.0246667
0 0.104125 0.523167 0.01575 0.0316667
0 0.343375 0.289833 0.01375 0.033
0 0.6176249999999999 0.5581670000000001 0.01475 0.0316667
0 0.418625 0.9656670000000002 0.01675 0.0306667
0 0.08512499999999999 0.374333 0.01925 0.0186667
0 0.857 0.487333 0.014000000000000002 0.03
0 0.46075000000000005 0.6285 0.017 0.023
0 0.38049999999999995 0.8275 0.020500000000000004 0.021
0 0.679125 0.4235 0.01925 0.024999999999999994
0 0.323625 0.303333 0.02075 0.024
0 0.794 0.0853333 0.02 0.0233333
0 0.280625 0.349333 0.02075 0.018000000000000002
0 0.4447499999999999 0.983667 0.02 0.021999999999999992
0 0.77075 0.541167 0.020500000000000004 0.0243333
0 0.799 0.20233299999999999 0.021 0.020666700000000003
0 0.750125 0.418833 0.02175 0.0196667
0 0.666125 0.23750000000000004 0.022250000000000002 0.0203333
0 0.37475 0.256 0.0235 0.02
0 0.332625 0.801833 0.01675 0.031
0 0.7340000000000001 0.169 0.021 0.0186667
0 0.582375 0.418333 0.018750000000000003 0.020666700000000003
0 0.875 0.573333 0.0225 0.018000000000000002
0 0.03336683146631292 0.8045172728892682 0.023733662932625847 0.028298154221463277
0 0.840625 0.30899999999999994 0.02275 0.022666699999999998
0 0.9732499999999998 0.217667 0.0185 0.021333299999999996
0 0.03425 0.862667 0.016500000000000004 0.034
0 0.355625 0.314833 0.023250000000000003 0.021
0 0.061375 0.3375 0.01475 0.03366670000000001
0 0.71525 0.458833 0.0235 0.021
0 0.061500000000000006 0.617333 0.0155 0.032
0 0.81675 0.8504999999999998 0.021 0.0183333
0 0.13825000000000004 0.733667 0.0215 0.02
0 0.12422689115569295 0.5124373277890921 0.027275365323605253 0.02977363428083817
0 0.7835327824772057 0.5554436884169696 0.01735705066047604 0.013894362664391069
0 0.6097143180058668 0.7956176716157306 0.026779449590448708 0.023157271107318536
0 0.45647635646052104 0.6133368661852661 0.020828460792571276 0.01852581688585488
2 0.8013857488708382 0.8792513720832674 0.016365219194163123 0.017864180568502842
