2 0.7856250000000001 0.10576187506151542 0.015250000000000003 0.033523750123030875
2 0.6300257362132758 0.42366699999999935 0.010639693014123017 0.026315000037855953
2 0.3136249999999997 0.4873150000378556 0.01474999999999999 0.03663000007571131
2 0.5765404292273993 0.10303687449368067 0.035419141545200844 0.08592625101263832
2 0.5499375052085697 0.578778000113567 0.027375010417138655 0.04155670022713359
2 0.5845845603554617 0.8011138750236596 0.017169120710923195 0.028893750047319696
2 0.647088241421846 0.25003512501419556 0.028176482843693895 0.018736250028392264
2 0.5258750000000001 0.9709193750804433 0.013749999999999964 0.04050545016088665
2 0.7272169537396468 0.8595254996025126 0.08243390747929924 0.06561500079496257
2 0.9781249999999999 0.3055 0.01725 0.029000000000000005
2 0.3149852965687387 0.9445967499716077 0.022970593137477072 0.02213920005678308
2 0.307625 0.09183330000000002 0.015250000000000001 0.0203333
2 0.7945 0.855333 0.020500000000000004 0.022666699999999998
2 0.37948527573446034 0.8645568747965258 0.04102944853107828 0.044886250406948006
2 0.7983088241421844 0.19415750001892784 0.033764724265539836 0.045538300264989645
2 0.8762169120710922 0.5632267500473194 0.01893382414218463 0.03245420009463925
2 0.25655146200941514 0.344167 0.03589707598117027 0.017666699999999987
2 0.6131544172796616 0.5515692500283919 0.025308834559323746 0.02913920005678328
2 0.7340000000000001 0.402833 0.022 0.0176667
2 0.7270882205875683 0.6185882499905354 0.03742650367797003 0.02626000015142179
2 0.16187501041713886 0.05452562503312367 0.03675002083427804 0.021717950066247393
2 0.7470257362132771 0.7015787500094639 0.012610286151599613 0.025824200018927827
2 0.7038749999999997 0.3425256250331236 0.01275000000000029 0.017615449933752407
2 0.09967647242655392 0.7284743749668763 0.014852944853107944 0.037051250066247494
2 0.41052941727966163 0.842474374966876 0.028558834559323967 0.026384550066247098
2 0.23337132935075416 0.946166999999997 0.029742658701508322 0.016999999999999973
2 0.23437499999999997 0.738167 0.01825 0.030333300000000004
2 0.8597499999999999 0.561167 0.016 0.029000000000000005
2 0.6425036810663849 0.6401062499526805 0.02700736213276958 0.025120800094639243
2 0.678150736213277 0.35198200003785546 0.024036768995292338 0.028102500132495004
2 0.7944264724265535 0.3429051249384844 0.019323537990585435 0.04695955025552572
2 0.43979043964453807 0.24692124999053594 0.02078676899529213 0.030611700113567196
2 0.6829999999999995 0.6632087500851753 0.014499999999999982 0.04308420017035025
2 0.49626470343126117 0.33599999999999997 0.01673529656873908 0.04539920020820638
2 0.63475 0.8111669999999997 0.0225 0.0203333
2 0.8041324142184634 0.8270388748343787 0.025073537990587026 0.03346875023660293
2 0.3985 0.6338329999999999 0.018 0.019
2 0.610125 0.2775 0.015250000000000001 0.0343333
2 0.22697057230319925 0.10720199958358784 0.04152944853107867 0.0849958010410301
2 0.40185294485310785 0.6619981250899072 0.023705889706215788 0.035996250179814046
2 0.6857500000000001 0.773667 0.021 0.0173333
2 0.4499117585781535 0.5938301247492066 0.018499999999999964 0.06840625070979317
2 0.10448161550235373 0.7785948750615155 0.02653676899529251 0.025190450123030714
2 0.17239337408050714 0.9463424999810709 0.032213251838985324 0.024648300037853538
2 0.6075257362132768 0.2330607500473195 0.016051472426554223 0.03878750009463923
2 0.6237426482843689 0.3542267500473194 0.018985296568739075 0.03578750009463929
2 0.7695146930141225 0.1125748747586702 0.03970591054049338 0.05779455059622644
2 0.340875 0.941 0.02175 0.018666700000000005
2 0.42029780177730847 0.6719925003596288 0.029595603554615445 0.07265170071925726
2 0.7370257362132768 0.3602732499526801 0.016051472426554227 0.034787500094638574
2 0.36240808792890744 0.8736868748722355 0.019183824142184298 0.04195955025552282
2 0.749875 0.1555 0.02625 0.015
2 0.7046911758578152 0.9257713750425874 0.021088241421846336 0.03420875008517506
2 0.318875 0.154167 0.01625 0.0243333
2 0.573125 0.7735 0.01475 0.031
2 0.7910441102937839 0.1387505001703504 0.028911779412430984 0.04350170034070075
2 0.5295 0.911333 0.014500000000000002 0.0266667
2 0.341875 0.878667 0.01775 0.018666700000000005
2 0.24326103278201558 0.9236669999999981 0.029522065564031 0.01799999999999998
2 0.167125 0.6646670000000001 0.01725 0.026000000000000002
2 0.3192499999999999 0.965333 0.0215 0.0213333
2 0.32393382414218463 0.7387637499716082 0.028411779412431667 0.03408420017035053
2 0.42487499999999995 0.594167 0.01675 0.025
2 0.5019816155023535 0.8978073749668763 0.021036768995292214 0.029051250066247515
2 0.7178235275734456 0.3353861249763399 0.022691186274955213 0.04083875016088695
2 0.35370956035546164 0.7574468750236596 0.014419120710923322 0.0328937500473198
2 0.731 0.568667 0.019499999999999997 0.022666699999999998
2 0.501875 0.7144999999999999 0.023250000000000003 0.019
2 0.65825 0.2685 0.021 0.0236667
2 0.824875 0.432667 0.014250000000000002 0.0266667
2 0.5622169120710924 0.17816700000000002 0.02293382414218464 0.019666699999999995
2 0.4266249999999999 0.8518329999999998 0.022250000000000002 0.0176667
2 0.559 0.914833 0.021 0.0196667
2 0.17504804137150437 0.04514250073818509 0.042948590076279894 0.04861500079496857
2 0.3212467772877299 0.14266187733285418 0.022992679535786226 0.0248862504069482
2 0.1770002500113353 0.17275687782497756 0.0277647450998173 0.037618750615154246
2 0.121687671882793 0.13455937720035938 0.02646327267326336 0.0364612505962264
2 0.20628337960879878 0.20545625335968853 0.016051493260831887 0.04282750070032945
2 0.2806842199934655 0.08334000136280323 0.016485317403016512 0.05671750092746332
2 0.264849638803726 0.06945000113566936 0.029933865810740538 0.02315000037855646
2 0.1036839699821302 0.25175625411680147 0.026029448531078723 0.04167000068140158
2 0.128411946086655 0.27085500442911054 0.026029448531078712 0.01736250028391734
2 0.15661051532865686 0.26419937932027554 0.02689709681544793 0.030673750501587507
2 0.18025393107772011 0.29284750478873917 0.03080151409510981 0.04514250073818513
2 0.12060311152733139 0.29660937985025465 0.03991182108098736 0.03646125059622646
2 0.17114362409184256 0.3475393806830789 0.015183844976462593 0.03183125052051517
2 0.23296356435315452 0.35419500579191376 0.02082355882486299 0.012732500208206054
2 0.3533497638093936 0.25638625419251276 0.029066217526371244 0.023150000378556454
2 0.3390335671173003 0.261016254268224 0.022125031251416932 0.03472500056783468
2 0.3440225447524237 0.2804043795852651 0.025161800246709422 0.027201250444803884
2 0.36462919150619433 0.2714337544385744 0.034272107232586974 0.03356750054890685
2 0.36961816914131773 0.3104993800773885 0.05292654534652672 0.03298875053944293
2 0.397382914241135 0.3808175062272536 0.026029448531078712 0.023150000378556454
2 0.38588657447324193 0.391524381402336 0.01691914154520116 0.03993375065300991
2 0.371136553638964 0.37271500609475894 0.01691914154520116 0.0428275007003294
2 0.32818796356268415 0.39586500647331535 0.016051493260831867 0.05903250096531902
2 0.024294151962340135 0.41641063180928417 0.01735296568738581 0.04687875076657682
2 0.010628691483523809 0.47254938272728353 0.018654438113939745 0.06887125112620543
2 0.03687505208569485 0.502355008214675 0.022558855393601557 0.0497725008138964
2 0.128411946086655 0.5202962585080563 0.01388237254990865 0.04167000068140158
2 0.15661051532865694 0.4815200078739742 0.01995591054049367 0.03588250058676256
2 0.17982010693553543 0.46473625759952086 0.029933865810740517 0.035882500586762504
2 0.19890836919165986 0.46820875765630426 0.034272107232586994 0.03356750054890679
2 0.23339738849533917 0.5017762582052111 0.04338241421846452 0.023150000378556454
2 0.12776120987337802 0.44448000726828396 0.01691914154520116 0.04514250073818507
2 0.12667664951791643 0.4103337567099131 0.025161800246709443 0.06366250104103022
2 0.3479269620320855 0.46213188255693327 0.03383828309040232 0.027201250444803857
2 0.330790908415792 0.47110250770362383 0.03600740380132556 0.023150000378556454
2 0.3188607445057143 0.5046700082525307 0.009544131128062199 0.0057875000946390805
2 0.3403350395438543 0.586852509596406 0.02038973468267834 0.03588250058676244
2 0.3730887622787949 0.5909037596626535 0.03383828309040232 0.02083500034070066
2 0.28957761490825074 0.6470425105806528 0.049022128066864894 0.03356750054890692
2 0.06572435754097376 0.6100025099749626 0.05249272120434209 0.024307500397484284
2 0.11908472702968512 0.7219906368062294 0.01691914154520116 0.03646125059622649
2 0.22819149878912343 0.718807511754178 0.024294151962340124 0.04745750077604074
2 0.3416365119704081 0.6646943858693022 0.017786789829570455 0.04224875069086551
2 0.13275018750850148 0.7821806377904761 0.011279427696800787 0.10591125173189583
2 0.1581288998263032 0.834268138642228 0.04381623836064917 0.026043750425876023
2 0.16897450338091932 0.9106631398914645 0.053360369488711375 0.01794125029338122
2 0.1791693707222585 0.9286043901848458 0.03730887622787947 0.017941250293381342
2 0.14359579106311757 0.9213700150665468 0.029500041668555868 0.023150000378556575
2 0.008459570772600582 0.8429493887841869 0.011713251838985422 0.027201250444803857
2 0.27677980271380365 0.8629162641106918 0.0277647450998173 0.025465000416412108
2 0.29890483396522055 0.8854875144797844 0.0555294901996346 0.012732500208205993
2 0.3726549381366103 0.9302606238595987 0.021691207109232283 0.0376187506151542
2 0.43165502147372203 0.8150893719762804 0.02082355882486299 0.04224875069086551
2 0.5121293998489737 0.9392312490062892 0.01778678982957036 0.03356750054890692
2 0.5500890122901302 0.7875987465267447 0.04511771078720315 0.04398500071925723
2 0.5980265800015334 0.7809431214179096 0.025595624388894112 0.02025625033123688
2 0.636636928655967 0.7884668715409404 0.024727976104524818 0.026043750425876023
2 0.6329494234473974 0.8770156229889189 0.013882372549908721 0.039933750653009845
2 0.6524715098457063 0.88164562306463 0.02169120710923219 0.014468750236597737
2 0.667004618608892 0.88164562306463 0.009110306985877599 0.016783750274453394
2 0.6724274203862002 0.850103747548847 0.018220613971755197 0.03472500056783474
2 0.647482532210583 0.7702362462428269 0.02559562438889402 0.021992500359628617
2 0.4314381094026299 0.698760620074034 0.009977955270246893 0.05498125089907162
2 0.4579013820758931 0.6055818685503445 0.01691914154520116 0.022571250369092535
2 0.4772065564031099 0.6452262441986224 0.013882372549908628 0.06945000113566949
2 0.5058389497872963 0.62120811880587 0.031235338237294522 0.013311250217670031
2 0.5318683983183751 0.63307249399988 0.04425006250283377 0.01967750032177297
2 0.5470522432948378 0.6530393693263852 0.014750020834277924 0.015626250255525564
2 0.508875718782589 0.5977687434225816 0.010411779412431448 0.01967750032177297
2 0.4941256979483109 0.5995049934509733 0.01735296568738581 0.01736250028391731
2 0.5817581746696092 0.5942962433657982 0.025161800246709373 0.01852000030284526
2 0.6529053339878911 0.7039693701592096 0.011279427696800742 0.0410912506719378
2 0.667004618608892 0.6206293687964062 0.018654438113939756 0.0376187506151542
2 0.6644016737557843 0.5757762430629529 0.0273309209576326 0.013890000227133947
2 0.6058354145608571 0.5786699931102725 0.020389734682678434 0.027780000454267772
2 0.5550779899252537 0.5569668677553758 0.01518384497646257 0.03298875053944293
2 0.5323022224605598 0.5537837427033242 0.03036768995292514 0.023150000378556454
2 0.419507945492552 0.5251356172348608 0.049455952209049595 0.027201250444803857
2 0.41820647306599795 0.510088116988799 0.03557357965914091 0.020256250331236944
2 0.5064896860005734 0.45105561602348 0.013448548407723984 0.04224875069086556
2 0.5670081538353313 0.4863593666007786 0.031235338237294522 0.020256250331236944
2 0.6101736559827036 0.5109562420029948 0.016051493260831867 0.024307500397484215
2 0.58089052638524 0.5291868673011081 0.03383828309040232 0.054981250899071556
2 0.561368439986931 0.5375787424383348 0.02602944853107876 0.011575000189278288
2 0.48978745652646444 0.4484512409808925 0.008676482843692952 0.0821825013438754
2 0.485449215104618 0.44902999099035623 0.019088262256124398 0.037040000605690335
2 0.6097398318405188 0.4305099906875112 0.023860327820155427 0.04398500071925723
2 0.4004196832364275 0.19929936190667857 0.04251476593409527 0.015626250255525595
2 0.5028021807920039 0.3133131137710691 0.018220613971755104 0.03993375065300991
2 0.5424970898018988 0.37552873978843965 0.016919141545201067 0.04861500079496857
2 0.5824089108828862 0.3286499890218628 0.02125738296704754 0.04167000068140158
2 0.42167706620347517 0.12327375201581312 0.021691207109232283 0.031252500511051204
2 0.41451896785742853 0.10041312664198862 0.024727976104524818 0.04224875069086553
2 0.5299161896785443 0.10243875167511232 0.0264632726732634 0.032410000529979034
2 0.5622360882713003 0.11054125180760709 0.03470593137477162 0.015047500246061697
2 0.5895670092289329 0.07552687623504045 0.029500041668555847 0.015626250255525616
2 0.6578943116230146 0.11603937689751426 0.061169204048034914 0.01909875031230908
2 0.7561554798278367 0.05990062597951482 0.05379419363089601 0.026043750425876012
2 0.7648319626715296 0.043406250709793356 0.027764745099817256 0.020835000340700814
2 0.7915121474158853 0.09896625161832884 0.014316196692093275 0.035882500586762504
2 0.8266519029328415 0.13282312717196765 0.022125031251416932 0.02604375042587599
2 0.8227474856531797 0.16928437776819408 0.031669162379479074 0.06308375103156633
2 0.8611409222365208 0.12645687706786465 0.03123533823729443 0.019098750312309065
2 0.8889056673363381 0.1756506278722971 0.034705931374771806 0.0248862504069482
2 0.8483431100420737 0.28127250459946096 0.042948590076279825 0.026622500435339938
2 0.7739422696574071 0.28937500473195565 0.03123533823729443 0.027780000454267772
2 0.7485635573396056 0.28243000461838874 0.054228017773080665 0.025465000416412045
2 0.7450929642021282 0.26072687926349203 0.011713251838985483 0.013311250217669969
2 0.8474754617577044 0.3860262563124289 0.023860327820155614 0.027780000454267772
2 0.9118983468721242 0.3949968814591195 0.01908826225612449 0.04224875069086551
2 0.8682990205825675 0.43001125703168613 0.02212503125141684 0.01736250028391731
2 0.8667806360849213 0.44042875720203656 0.09977955270246835 0.0497725008138964
2 0.9142843796541399 0.4514250073818509 0.012580900123354779 0.02083500034070079
2 0.8043099596103321 0.43724563214998513 0.03297063480603312 0.03298875053944293
2 0.8591887135966898 0.5388162588109014 0.043816238360649115 0.03241000052997902
2 0.8357622099187191 0.6259181352352201 0.011713251838985297 0.038776250634082014
2 0.8325085288523342 0.6904487612904461 0.03036768995292514 0.025465000416412108
2 0.7053980551922333 0.60074250982354 0.04425006250283377 0.03125250051105125
2 0.70322893448131 0.5686218842982929 0.030367689952925235 0.01678375027445352
2 0.7188819558643498 0.724305636844085 0.02863239338418655 0.022571250369092535
2 0.7054334074566259 0.7460087621989815 0.023426503677970875 0.026622500435339938
2 0.7091209126651953 0.7972281380365378 0.013448548407724074 0.05729625093692715
2 0.7023966384613329 0.820088763410361 0.013882372549909185 0.04630000075711045
2 0.7234371093572887 0.8180631383772385 0.01865443811393966 0.013311250217669905
2 0.771374677068692 0.8773850143472895 0.03383828309040232 0.03588250058676256
2 0.84404022088462 0.8131437632967953 0.014316196692093365 0.04051250066247376
2 0.8639961314251136 0.8345575136469603 0.0273309209576326 0.028937500473195595
2 0.8689851090602372 0.8183525133819706 0.019088262256124304 0.023150000378556454
2 0.8841689540366998 0.8472900138551661 0.018220613971755197 0.04051250066247389
2 0.8872057230319922 0.7905725129277027 0.03644122794351002 0.023150000378556454
2 0.9062939852881167 0.8279018885381251 0.016485317403016415 0.03183125052051517
2 0.9145366439896248 0.8582862640349803 0.025161800246709557 0.024307500397484152
2 0.9284190165395336 0.8400556387368673 0.03557357965914091 0.02372875038802037
2 0.9412168287339806 0.8200887634103624 0.03340445894821768 0.02083500034070079
