0 0.28655353037435866 0.879041300702762 0.04722396277574079 0.064904667915591
0 0.29540802339481 0.8175785469948157 0.056078455796192236 0.046219990788375534
1 0.4706531977579107 0.8456055626856392 0.04353459068388609 0.06883828415289965
0 0.43339053963017776 0.9473878828259977 0.04574821393899892 0.0678548800935724
0 0.3540690396553006 0.8003689759565908 0.042058841847144174 0.08260594098347951
1 0.29171865130295527 0.7575908993758604 0.051651209285966566 0.07572211256818964
0 0.26367942340485917 0.7384145202189812 0.05460270695945029 0.053103819203665505
0 0.2935633373488826 0.6833438928966616 0.04501033952062799 0.06883828415289965
1 0.23674700713431945 0.7069455903205129 0.050913334867595576 0.0590042435596282
0 0.12348328391437859 0.7162879288841207 0.04132096742877322 0.05802083950030114
0 0.16554212576152277 0.664659215769446 0.03394222324506372 0.08063913286482528
0 0.2050184071443686 0.6705596401254088 0.056816330214563206 0.0590042435596282
0 0.14414376762876518 0.6056549722098177 0.04427246510225702 0.047203394847702605
0 0.26884454433345584 0.6361404980489589 0.04869971161248274 0.0767055166275168
0 0.22678570248631164 0.6056549722098178 0.039845218592031294 0.08653955722078807
0 0.28249522107331837 0.5668105118663957 0.06567082323501458 0.0383527583137584
0 0.31975787920105136 0.6115553965657804 0.054602706959450326 0.06097105167828253
0 0.3603409722114536 0.5786113605783214 0.05607845579619216 0.03638595019510407
0 0.4389245977679599 0.6115553965657804 0.04943758603085371 0.07277190039020823
0 0.40166193964022684 0.6159807148327527 0.02361198138787036 0.07178849633088107
1 0.4754493814773219 0.5284577535526374 0.03689372091854756 0.08358934504280677
3 0.540751267503151 0.6966198476975779 0.03468009766343465 0.0324523339577956
0 0.6001501581820123 0.7526738790792247 0.04279671626551511 0.06982168821222684
0 0.4699153233395398 0.7389062222486449 0.03468009766343465 0.09735700187338671
0 0.44224503265062914 0.8033191881345724 0.032466474408321865 0.09637359781405953
0 0.503488609375418 0.7954519556599551 0.059029953469675975 0.04326977861039394
0 0.5698973070288035 0.8067611023422174 0.06640869765338554 0.05408722326299247
0 0.5769071140033275 0.6356487960192952 0.07304956741872415 0.05015360702568401
0 0.62154851631477 0.564352001718078 0.06345719997990173 0.043269778610394036
2 0.22505169760313984 0.38635586697986596 0.01475748836741903 0.16914549820426766
1 0.2578871092206471 0.3494782147550983 0.053864832541079356 0.04031956643241264
1 0.237595562715446 0.2678556778309458 0.054602706959450326 0.05408722326299257
3 0.6091153323652195 0.3947148014841466 0.024349855806241324 0.030485525839141266
2 0.06013676509723245 0.3263682193609106 0.0627193255615308 0.1337429520684907
0 0.05755420463293413 0.40209033192910015 0.05607845579619223 0.06687147603424538
0 0.1261765255414325 0.35685374520005175 0.05902995346967601 0.04917020296635689
0 0.15052638134767385 0.4143828826706894 0.06345719997990171 0.0580208395003011
0 0.19258522319481805 0.39176458930616526 0.04427246510225702 0.08162253692415244
0 0.19996396737852756 0.493546909446524 0.041320967428773205 0.08260594098347951
0 0.14609913483744816 0.483221166823589 0.061981451143159824 0.04621999078837544
0 0.15237106739360123 0.22065228298324327 0.02877710231646707 0.08162253692415244
0 0.193323097613189 0.2388452580807953 0.047223962775740834 0.06883828415289965
0 0.11289478601075541 0.24769589461473956 0.04279671626551511 0.07277190039020814
0 0.054602706959450326 0.17984101452116705 0.05607845579619223 0.041302970491739775
0 0.03172859998995086 0.22507760125021542 0.04869971161248271 0.05900424355962826
0 0.3818500115069668 0.43110075167925077 0.037631595336918455 0.08358934504280667
0 0.44087996497664284 0.4945303135058511 0.037631595336918455 0.0767055166275168
0 0.4571132021808038 0.37553842232726753 0.030252851153208957 0.09047317345809669
0 0.40287943243053886 0.34308608836947196 0.0693601953268693 0.05113701108501112
0 0.34016010686900805 0.33767736604317267 0.054602706959450326 0.0678548800935725
0 0.19332309761318903 0.16127826572965057 0.04427246510225702 0.07473870850886247
0 0.33204348826692764 0.1263674216235372 0.047223962775740834 0.07375530444953533
0 0.38480150918045053 0.1907803875094647 0.05534058137782126 0.04523658672904832
0 0.4394042161399009 0.1902886854798011 0.05238908370433744 0.05802083950030111
2 0.4707638789206663 0.20258123622139035 0.02066048371438662 0.09243998157675094
1 0.45785107659917473 0.08309764301314314 0.04353459068388609 0.06392126385626395
0 0.7598218768202554 0.665211881966959 0.05534058137782134 0.06687147603424534
0 0.7255107163660063 0.6145665729116115 0.06345719997990167 0.034419142076449825
0 0.7417439535701672 0.5781806227165073 0.07821468834732079 0.0442531826697211
0 0.7812202349530131 0.6337429520684906 0.05091333486759551 0.06883828415289965
0 0.6310627908145247 0.4832821309914386 0.04279671626551511 0.08457274910213389
1 0.7173940977639259 0.4832821309914385 0.057554204632934015 0.07277190039020814
0 0.7520741954273604 0.3057776982828902 0.06050570230641776 0.046219990788375485
0 0.8063079651776255 0.3883836392663698 0.058292079051305075 0.05408722326299257
0 0.8365608163308345 0.4400123523810444 0.06271932556153076 0.04523658672904837
0 0.9358049256017271 0.5108174446525984 0.057554204632934175 0.037369354254431233
0 0.8085215884327381 0.5334357380171226 0.04353459068388623 0.08457274910213394
0 0.8450463721421003 0.4965580857923549 0.05312695812270849 0.06982168821222684
0 0.8161585886628777 0.6135831688522846 0.06412128695643553 0.04759675647143351
0 0.8198110670338139 0.5832943238250086 0.07629621485955637 0.0324523339577956
2 0.8311743330767265 0.6617207975563478 0.037336445569570186 0.059495945589291735
0 0.6684361301050132 0.3174920005537665 0.033278136268529955 0.08762130168604801
0 0.6700594538254294 0.233656804496128 0.02840816510728164 0.07139513470715024
0 0.6156781091914905 0.2915301333875301 0.043018078591026424 0.0832943238250086
0 0.5641375810682795 0.3045110669706482 0.06168630137581144 0.05084198986721304
0 0.5247719808481892 0.24880122700976592 0.05438134463393905 0.07139513470715021
0 0.5596734408371351 0.24122901575294697 0.03977143115019427 0.06706815684611084
0 0.6083731524496181 0.160639053091088 0.05762799207477128 0.04002454521461451
1 0.6546378784814766 0.07788560149870932 0.046264726031858744 0.08221257935974874
0 0.6298821917451312 0.10168397973442607 0.04058309301040227 0.0692316457766305
1 0.5474985129340145 0.06382292345033125 0.03652478370936204 0.0562507121935123
0 0.5535859768855748 0.13251369699433185 0.03895976928998618 0.0897847906165677
0 0.5105678982945485 0.12656410243540267 0.03733644556957011 0.08870304615130785
0 0.4748547764453944 0.12980933583118223 0.03084315068790572 0.08004909042922904
