0 0.45995587928907655 0.6287011250141956 0.01519118627495471 0.03283875016088663
0 0.1895 0.0888333 0.014000000000000002 0.030333300000000004
0 0.793625 0.24549999999999997 0.01175 0.0203333
0 0.4813492637867228 0.8363150000378551 0.02233087928907688 0.01835169996214528
0 0.5762904396445365 0.11271062499526781 0.022360306985880003 0.020051250066247764
0 0.686625 0.37549999999999994 0.014250000000000002 0.0276667
0 0.505375 0.562167 0.01875 0.0316667
0 0.4756911758578153 0.045166699999999976 0.009617648284369193 0.02699999999999999
0 0.35875 0.763 0.019499999999999997 0.021999999999999992
0 0.8942254367277387 0.4912145561526635 0.01629985442408832 0.026434162534354093
0 0.878 0.764333 0.014000000000000002 0.0313333
0 0.5840551534929376 0.7441337498958966 0.021242658701510243 0.017388299886433322
1 0.3909485275734448 0.7435351250141958 0.013470593137477426 0.032607950293380976
1 0.719389703431261 0.5619032500283914 0.01672059313747795 0.029908300189278755
0 0.8467250727879561 0.579267862534354 0.016898835392695565 0.03246785004580547
1 0.046 0.819 0.018499999999999996 0.020666699999999996
0 0.23037500000000005 0.4288330000000001 0.019250000000000003 0.0163333
1 0.7322977913601689 0.1044468750236597 0.01993382414218432 0.015772949952680505
0 0.377 0.7803330000000002 0.0155 0.018666700000000005
2 0.653375 0.548667 0.01325 0.020666699999999996
0 0.6598051430757994 0.030175799981072133 0.01899265870150733 0.023750800170350462
0 0.2145955931374771 0.9364212499905351 0.02595588970621574 0.016981700037856838
0 0.2924852965687386 0.8163776249952679 0.02117648284369291 0.026754549990536627
0 0.611125 0.882333 0.019250000000000003 0.024666699999999996
2 0.6639522086398304 0.365131874985804 0.022404417279662497 0.015736250028391522
0 0.6791507362132764 0.8004743749668749 0.012330879289077749 0.027791249914827048
0 0.6829999999999994 0.44113187498580425 0.016132351715631592 0.02419045012303086
0 0.8021249999999999 0.747 0.01775 0.018666700000000005
0 0.33787500000000004 0.7913329999999997 0.01825 0.0213333
0 0.2859999999999999 0.6441480000378554 0.017999999999999988 0.02496330007571155
0 0.22699999999999998 0.274833 0.018499999999999996 0.0236667
0 0.9717573517156306 0.6825094999810724 0.011955889706215493 0.02733329999999996
0 0.11173529656873862 0.6232637499716076 0.020970593137477206 0.021963300075711966
0 0.6950249272120432 0.5191669999999994 0.022398835392695347 0.018999999999999965
1 0.27025 0.525167 0.019 0.018333300000000004
2 0.9432757362132759 0.20849999999999977 0.022757362132771054 0.022369999924289067
0 0.24620369227362468 0.12462358808751306 0.016999999999999956 0.02789728557523453
0 0.8902500000000001 0.635833 0.023 0.0223333
0 0.4665000000000001 0.8234999999999999 0.020500000000000004 0.0223333
0 0.207 0.37449999999999994 0.014000000000000002 0.030333300000000004
1 0.5121066155023535 0.3320351250141959 0.02028676899529222 0.018384550066247382
0 0.20857720863983098 0.7470531249763406 0.022522065564030976 0.022069550028391977
0 0.32300000000000006 0.391333 0.019499999999999997 0.0173333
0 0.774625 0.0235 0.01775 0.0256667
0 0.4288419120710919 0.23934249998107213 0.01628676899529315 0.02875829981072183
0 0.225875 0.785 0.01775 0.0213333
0 0.6175000000000002 0.496833 0.0215 0.0196667
0 0.13825 0.279667 0.021 0.018666700000000005
0 0.322 0.796333 0.013499999999999998 0.034
0 0.501875 0.5455 0.015250000000000001 0.0256667
0 0.16811029656873852 0.22343074997160778 0.018720593137477343 0.01952749994321666
1 0.11687500000000002 0.6455 0.014250000000000002 0.029666699999999997
0 0.20225 0.29949999999999993 0.014500000000000002 0.030333300000000004
0 0.498125 0.6095000000000002 0.019250000000000003 0.023
0 0.737375 0.1355 0.01675 0.0236667
0 0.333 0.764667 0.0165 0.0233333
0 0.3530110327820153 0.40236812501419594 0.024257362132770088 0.019263749971608273
0 0.0705 0.8775 0.02 0.0276667
0 0.037749999999999985 0.49481500003785533 0.015499999999999993 0.027630000075711748
0 0.07475 0.48283300000000007 0.021 0.021666699999999997
1 0.21630147242655398 0.32872675004731955 0.0155 0.029000000000000005
0 0.8458492637867226 0.3987011250141959 0.022404417279662393 0.019439549952680452
0 0.805125 0.233667 0.02275 0.020666699999999996
0 0.534125 0.332333 0.01725 0.016
0 0.09362500000000001 0.2 0.01825 0.028000000000000008
0 0.2697169120710923 0.7238245000189277 0.015595582720338279 0.027999999999999994
0 0.26038603278201533 0.21399999999999966 0.023272065564031493 0.022666699999999956
0 0.9793676482843692 0.8893861249763403 0.018867648284369484 0.02116124983911364
0 0.9142499999999997 0.8125436249952678 0.017999999999999995 0.019615449933752617
0 0.7428999272120431 0.5670000000000002 0.02094941769634714 0.01800000000000001
0 0.6322316155023533 0.1339999999999998 0.02003676899529191 0.01933329999999997
0 0.52925 0.193333 0.015 0.0233333
0 0.32080100022143304 0.06751918213126952 0.02310200044286633 0.02237176426253908
1 0.4854999999999999 0.406667 0.016 0.036000000000000004
0 0.7735 0.044500000000000005 0.020500000000000004 0.0176667
0 0.20925000000000002 0.481333 0.016 0.0326667
0 0.37775 0.828 0.017500000000000005 0.024
0 0.02275 0.2035 0.016 0.029666699999999997
1 0.2719595603554616 0.8035256250331237 0.018551472426553944 0.021615449933753018
0 0.23623161550235378 0.7978150000378552 0.015963231004707604 0.02703669992428846
0 0.5661249999999999 0.48666699999999996 0.014250000000000002 0.026000000000000002
0 0.669875 0.716 0.01825 0.019333300000000005
0 0.702375 0.502833 0.019250000000000003 0.0176667
0 0.8252941207109228 0.8927893750047321 0.024191186274955125 0.02677294995268044
0 0.378125 0.759333 0.01975 0.0146667
0 0.21825 0.44550000000000006 0.0215 0.018333300000000004
0 0.60575 0.796333 0.017500000000000005 0.021999999999999992
0 0.9795551430757999 0.646543624995268 0.0213897138484 0.02224545000946378
0 0.48064338449764593 0.3288586250331236 0.02165441727966212 0.022457949914824856
0 0.5260000000000001 0.6573329999999998 0.014000000000000002 0.03
0 0.861875 0.562833 0.01575 0.03699999999999999
0 0.2761389231791228 0.09908117617502606 0.018999999999999993 0.024085523824973976
0 0.7785 0.8284999999999999 0.018 0.021
0 0.6315220551468921 0.8713329999999999 0.01875 0.022666699999999998
0 0.655375 0.8243330000000002 0.01825 0.0233333
0 0.41850000000000004 0.7777362500283914 0.021500000000000012 0.017472500056783608
0 0.7416911758578151 0.3927798750236598 0.02272059313747697 0.019875450085175262
0 0.09445956035546159 0.5914648749858034 0.017051472426554 0.03001455014195993
0 0.4359926482843692 0.08022705004731956 0.02075 0.022666699999999998
0 0.44705882414218395 0.20198200003785538 0.024220593137477292 0.0239633000757116
0 0.6077683844976459 0.20933299999999996 0.01530147242655403 0.02536999992428877
0 0.8531654396445384 0.7547732499526804 0.013830879289076996 0.02354579990536114
1 0.77475 0.2675 0.015 0.029666699999999997
0 0.6586507362132765 0.588588249990536 0.015566175857815867 0.032194199943216664
0 0.1352683844976463 0.30297437496687624 0.017036768995292523 0.02528204993375278
0 0.8856250000000001 0.7490000000000001 0.02275 0.0213333
0 0.6028272086398305 0.13168499996214422 0.01855147242655493 0.018739999848577632
0 0.6913088241421843 0.06607875000946387 0.018279406862523405 0.020369999924288815
0 0.22364338449764623 0.359167 0.020786768995292516 0.0176667
0 0.30535294485310777 0.27184249998107246 0.022705889706215742 0.021860799943216352
0 0.37450000000000006 0.598 0.020500000000000004 0.020666699999999996
0 0.24262499999999998 0.5195 0.01825 0.019
0 0.701625 0.406833 0.01475 0.028333299999999995
1 0.622125 0.583167 0.02025 0.025
0 0.488875 0.128167 0.01475 0.0236667
0 0.9031249999999998 0.790167 0.01575 0.029666699999999997
0 0.6890073517156303 0.7896318749858032 0.021088241421846742 0.019263749971609453
0 0.049125000000000016 0.26482450001892777 0.01975 0.03129670007571133
1 0.19542647242655395 0.4484648749858042 0.021852944853107875 0.02106955002839181
0 0.44262499999999994 0.155167 0.01625 0.0256667
0 0.5871249999999996 0.24836812501419586 0.014279406862523238 0.02975454999053609
1 0.3126691207109232 0.37309674997160835 0.019499999999999997 0.023
1 0.6786249999999999 0.0498333 0.01725 0.021
0 0.7585 0.11466700000000003 0.022 0.020666699999999996
0 0.24441912071092314 0.6597732499526805 0.02 0.024
0 0.266926472426554 0.3853776249952679 0.014647055146892081 0.03226374997160839
0 0.9664999999999999 0.524667 0.0155 0.0366667
0 0.203125 0.3956669999999999 0.019250000000000003 0.021999999999999992
0 0.62125 0.7264999999999999 0.017 0.0256667
0 0.77825 0.577833 0.019 0.017
0 0.4933897034312612 0.38299050001892787 0.01727940686252303 0.021981700037855573
1 0.34112500000000007 0.742667 0.019250000000000003 0.0153333
0 0.19769117585781537 0.32479887498580395 0.017382351715630733 0.02159704997160854
1 0.594375 0.102833 0.015250000000000001 0.027000000000000003
0 0.13241912071092313 0.709254249990536 0.018867648284369404 0.02201829996214449
0 0.8284376819698912 0.540333 0.02172434490839127 0.021333299999999996
0 0.11970220863983089 0.5773329999999999 0.022404417279661755 0.0166667
0 0.42872426378672296 0.8439999999999999 0.02278676899529272 0.01733330000000001
0 0.3832352965687385 0.40398200003785567 0.020500000000000004 0.029333299999999996
0 0.4246360327820152 0.747167 0.02277206556403149 0.020333300000000002
0 0.298875 0.7585 0.01775 0.0336667
0 0.8732500000000001 0.7275000000000001 0.016 0.030333300000000004
0 0.486125 0.9563330000000001 0.01975 0.019333300000000005
0 0.3295 0.603667 0.014000000000000002 0.0326667
0 0.20339338449764618 0.21949999999999978 0.02228676899529265 0.021666699999999976
1 0.27968382414218407 0.2119820000378555 0.01499999999999998 0.027721699886433283
0 0.9097499999999998 0.7335 0.0155 0.035
0 0.44723161550235346 0.5999032500283914 0.020536768995292207 0.019139200056783778
0 0.41774999999999984 0.16535012505205138 0.021000000000000348 0.026032950104103194
0 0.26150923068406423 0.16279058808751284 0.02166676953736897 0.01733329999999998
0 0.71 0.6145 0.015 0.027000000000000003
0 0.6575 0.791167 0.019 0.021
0 0.6659999999999998 0.05986812501419581 0.01399999999999999 0.029142949876969228
0 0.755125 0.8021670000000001 0.01625 0.03300000000000001
0 0.23000000000000004 0.759333 0.021 0.019333300000000005
0 0.5824999999999999 0.504 0.022 0.0213333
0 0.8852499999999999 0.204333 0.0155 0.03
0 0.537625 0.859333 0.02125 0.02
0 0.396724263786723 0.8139032500283916 0.025522065564031245 0.017805800056783852
0 0.7465 0.539667 0.015 0.0266667
0 0.245625 0.743167 0.02025 0.029666699999999997
0 0.41337499999999944 0.05698170003785563 0.01574999999999998 0.030703299924288652
0 0.3212499999999999 0.454833 0.016 0.0336667
0 0.714 0.733 0.017500000000000005 0.0333333
1 0.762 0.2365 0.02 0.0223333
0 0.677625 0.946 0.019250000000000003 0.0286667
0 0.51 0.759333 0.019 0.024666699999999996
0 0.96225 0.4115 0.017 0.023
0 0.3978749999999999 0.7695000000000001 0.01875 0.0236667
0 0.718 0.022833300000000004 0.019 0.023
0 0.7585 0.556833 0.018 0.031
0 0.09244801062878855 0.030437641369251534 0.013037539960470182 0.03083293541300805
0 0.3314201919496794 0.0784658676856679 0.0026667695373688767 0.0003952940437565238
0 0.42081032165767135 0.02228187536436059 0.01301472426553938 0.019098750312309076
1 0.5965090992424527 0.14208312732339023 0.02082355882486299 0.01794125029338127
2 0.9715845186869057 0.2592800042398323 0.018654438113939843 0.013890000227133851
2 0.9577021461369968 0.26911875440071875 0.01952208639830914 0.013890000227133886
0 0.6952385401152867 0.2841262464699608 0.016919141545201254 0.010996250179814308
0 0.6967569246129329 0.30409312179646586 0.013882372549908721 0.03125250051105125
0 0.6915510349067171 0.322323747094579 0.013882372549908628 0.02488625040694813
1 0.6765841020013468 0.32695374717029024 0.011713251838985483 0.02951625048265951
0 0.6635693777358075 0.32348124711350684 0.022992679535786226 0.019098750312309114
0 0.6809223434231932 0.34286937243054794 0.017786789829570455 0.018520000302845136
0 0.6852605848450398 0.3561806226482178 0.019522086398309046 0.015047500246061713
2 0.7041319350300718 0.3379499973501046 0.006941186274954267 0.01909875031230905
1 0.6514223017546373 0.35415499761509417 0.022992679535786226 0.01678375027445346
2 0.6412274344132983 0.36659812281856824 0.022558855393601484 0.015047500246061713
0 0.5919883942753411 0.22104249543839455 0.01518384497646257 0.02951625048265948
1 0.4596720309090243 0.25489937099203336 0.02212503125141684 0.023150000378556454
1 0.47594043624094845 0.3961143733012278 0.016485317403016415 0.03935500064354594
0 0.49003972086194936 0.3411331224021562 0.003904417279661827 0.0023150000378556576
0 0.4707345465347327 0.42620937379335117 0.02082355882486299 0.015047500246061713
2 0.29330047238121276 0.375279372960527 0.023426503677970875 0.011575000189278227
0 0.12689356158900872 0.28904562155040414 0.020389734682678316 0.015047500246061649
2 0.14207740656547133 0.3171149970094039 0.034272107232586974 0.015626250255525564
2 0.025378712317801744 0.39293124824917625 0.011713251838985425 0.03298875053944293
0 0.19413630362762876 0.36775562283749613 0.014316196692093297 0.03472500056783468
1 0.2043311709689679 0.3318731222507334 0.013014724265539356 0.023150000378556454
0 0.008676482843692905 0.5017362500283915 0.013882372549908649 0.01794125029338128
1 0.24836432140070944 0.6252993770489366 0.02386032782015552 0.01967750032177309
0 0.11800016667422351 0.6993793782603173 0.012147075981170062 0.028937500473195595
0 0.20519881925333722 0.7743275044858939 0.018220613971755104 0.0248862504069482
0 0.23947092648592416 0.8252174971418986 0.014750020834277924 0.028937500473195474
0 0.2878423183395121 0.8284006221939503 0.022125031251416932 0.01794125029338122
0 0.33838283090402327 0.810459371900569 0.019955910540493692 0.01909875031230905
0 0.42731678005187557 0.5746187430440252 0.02082355882486294 0.015047500246061649
0 0.4917396651662954 0.5723037430061695 0.009110306985877599 0.026622500435339938
0 0.49868085144124974 0.5746187430440252 0.009977955270246893 0.024307500397484284
2 0.6359861924426898 0.5176118671118297 0.014750020834278017 0.0214137503501647
0 0.5652728572665927 0.725672495514106 0.011279427696800742 0.02662250043533981
0 0.5754677246079318 0.7563462460156933 0.02386032782015552 0.01852000030284526
3 0.6416259062910903 0.8781731230078464 0.018220613971755104 0.01909875031230905
0 0.721449548453065 0.7702362462428272 0.013882372549908534 0.027780000454267772
0 0.8843858661077922 0.7925181216071876 0.02212503125141684 0.01562625025552569
0 0.8809152729703149 0.7783387463753217 0.024727976104524724 0.015047500246061649
0 0.9887205723031995 0.8781731230078467 0.014750020834277833 0.01562625025552569
0 0.7021067106860599 0.5276613567023274 0.01942230684560651 0.016806900274832014
0 0.8643092192074769 0.5021008625343538 0.021522015693780382 0.01610661276338068
0 0.9023664420806251 0.5035014375572565 0.02204694290582371 0.021708912854991345
