0 0.23634651600753295 0.0527638190954774 0.1713747645951036 0.1005025125628141
2 0.5762711864406779 0.3454773869346734 0.09416195856873824 0.24874371859296482
2 0.6779661016949153 0.492462311557789 0.08286252354048966 0.21105527638190957
2 0.8060263653483992 0.09170854271356785 0.128060263653484 0.15829145728643215
0 0.9491525423728814 0.207286432160804 0.0903954802259887 0.11306532663316583
0 0.032015065913371 0.3530150753768844 0.060263653483992465 0.1633165829145729
2 0.13559322033898305 0.6834170854271356 0.07532956685499057 0.2010050251256282
2 0.5178907721280602 0.743718592964824 0.14689265536723164 0.14572864321608037
0 0.9642184557438794 0.9560301507537688 0.060263653483992465 0.07286432160804018
0 0.21751412429378533 0.9748743718592965 0.062146892655367235 0.04522613065326635
