1 0.918375 0.35316699999999995 0.02075 0.0176667
1 0.700375 0.641333 0.02275 0.0166667
1 0.773125 0.6571669999999998 0.01675 0.021666699999999997
1 0.83 0.19716699999999995 0.014000000000000002 0.027000000000000003
1 0.759 0.29883300000000007 0.0165 0.025
1 0.8551250000000001 0.833333 0.01875 0.019333300000000005
1 0.4920000000000001 0.764667 0.018 0.034666699999999995
1 0.418375 0.3475 0.02025 0.019
1 0.259 0.989167 0.0165 0.021666699999999997
1 0.7021250000000001 0.0963333 0.01975 0.018000000000000002
1 0.4801250000000001 0.081 0.01475 0.0326667
1 0.85575 0.790333 0.014000000000000002 0.022666699999999998
1 0.067625 0.07733330000000001 0.01675 0.0213333
1 0.6103750000000001 0.373667 0.01475 0.020666699999999996
1 0.5663749999999999 0.747833 0.01225 0.025
1 0.301 0.425833 0.013499999999999998 0.0243333
1 0.736625 0.1935 0.02075 0.0176667
1 0.773875 0.7345 0.01725 0.0196667
1 0.965875 0.6069999999999999 0.02025 0.018000000000000002
1 0.42875 0.375667 0.023 0.0166667
1 0.9897500000000001 0.649333 0.016 0.0213333
1 0.68975 0.0868333 0.0215 0.0176667
1 0.559 0.0526667 0.016 0.026000000000000002
1 0.499375 0.44583300000000003 0.022250000000000002 0.017
1 0.82175 0.177 0.020500000000000004 0.018000000000000002
1 0.503625 0.745167 0.01975 0.025
1 0.878375 0.8439999999999999 0.01875 0.0233333
1 0.8342500000000002 0.8205 0.019 0.017
1 0.5265 0.87 0.017 0.03
1 0.596375 0.3775 0.01675 0.0243333
1 0.8811250000000002 0.869333 0.014250000000000002 0.026000000000000002
1 0.5472500000000001 0.767667 0.0215 0.0166667
1 0.05325 0.8375 0.015 0.025
1 0.5787500000000001 0.362833 0.020500000000000004 0.0203333
1 0.6331250000000002 0.606667 0.01225 0.021999999999999992
1 0.350625 0.16699999999999995 0.019250000000000003 0.0233333
1 0.41850000000000004 0.406833 0.021 0.018333300000000004
1 0.5696250000000002 0.322333 0.01825 0.0273333
1 0.31050000000000005 0.151 0.020500000000000004 0.018000000000000002
1 0.4483750000000001 0.255667 0.01575 0.024666699999999996
1 0.514 0.3103330000000001 0.023 0.018000000000000002
1 0.44212499999999993 0.4338330000000001 0.01875 0.021
1 0.77 0.2765 0.019499999999999997 0.019
1 0.31151938558380415 0.25534995460567944 0.01275 0.0286667
1 0.598625 0.345833 0.02125 0.0203333
1 0.068 0.901333 0.016 0.025333300000000003
1 0.311 0.837333 0.017500000000000005 0.022666699999999998
1 0.765125 0.325167 0.02075 0.017
1 0.43162500000000004 0.344167 0.022250000000000002 0.0236667
1 0.46275 0.0888333 0.0215 0.021
1 0.15175 0.872333 0.019499999999999997 0.0266667
1 0.071625 0.882167 0.01975 0.023
1 0.56675 0.769833 0.014000000000000002 0.0276667
1 0.8686249999999999 0.839667 0.01475 0.022666699999999998
1 0.9002500000000001 0.8645 0.022 0.019
1 0.657875 0.0645 0.01875 0.0196667
1 0.569375 0.7180000000000001 0.01775 0.0266667
1 0.10399999999999998 0.353833 0.018499999999999996 0.023
1 0.2195 0.895167 0.020500000000000004 0.0203333
1 0.49987500000000007 0.327833 0.02025 0.021
1 0.5111250000000002 0.494667 0.02125 0.021999999999999992
1 0.05775 0.09933329999999999 0.0165 0.024666699999999996
1 0.40175 0.5858329999999999 0.0215 0.0196667
1 0.9750000000000001 0.167833 0.016 0.0243333
1 0.6208750000000001 0.461 0.01975 0.02
1 0.0425 0.845833 0.0125 0.028333299999999995
1 0.9141249999999999 0.36700000000000005 0.01975 0.0166667
1 0.625 0.141 0.017500000000000005 0.032
1 0.6605 0.17000000000000004 0.019 0.018666700000000005
1 0.46787500000000004 0.695833 0.01225 0.031
1 0.5280000000000001 0.322833 0.021 0.0163333
1 0.142 0.474167 0.013499999999999998 0.031
1 0.9399999999999998 0.7945000000000002 0.0165 0.027000000000000003
1 0.323125 0.512167 0.01875 0.021
1 0.4636250000000001 0.827333 0.015250000000000001 0.0306667
1 0.19675 0.0708333 0.018499999999999996 0.0203333
1 0.34225 0.43283299999999997 0.017500000000000005 0.0236667
1 0.84175 0.26716699999999993 0.014000000000000002 0.028333299999999995
1 0.15675 0.1775 0.02 0.019
1 0.04324999999999999 0.892833 0.0225 0.0223333
1 0.8234999999999999 0.293667 0.0235 0.018000000000000002
1 0.713875 0.663333 0.01475 0.0266667
1 0.5867499999999999 0.967333 0.017 0.032
1 0.4991250000000001 0.847 0.01675 0.03
1 0.801625 0.549333 0.01875 0.022666699999999998
1 0.085 0.8981670000000002 0.014500000000000002 0.029666699999999997
1 0.385375 0.272167 0.01325 0.0276667
1 0.73875 0.403667 0.020500000000000004 0.019333300000000005
1 0.7232499999999998 0.784 0.022 0.018000000000000002
1 0.7411249999999999 0.8 0.015250000000000001 0.025333300000000003
1 0.94875 0.742833 0.014500000000000002 0.028333299999999995
1 0.6242499999999999 0.7855 0.019499999999999997 0.0163333
1 0.6707499999999998 0.138 0.019499999999999997 0.02
1 0.60775 0.599 0.0155 0.0273333
1 0.535625 0.943833 0.01375 0.030333300000000004
1 0.20424999999999996 0.8881669999999999 0.014500000000000002 0.029666699999999997
1 0.7901250000000001 0.337333 0.02025 0.021999999999999992
1 0.45912499999999995 0.574833 0.019250000000000003 0.0243333
1 0.029000000000000005 0.690167 0.0225 0.018333300000000004
1 0.8611249999999999 0.8611670000000001 0.01325 0.0256667
1 0.465 0.218333 0.0225 0.02
1 0.62 0.598833 0.013499999999999998 0.027000000000000003
1 0.328875 0.403833 0.01825 0.029666699999999997
1 0.72775 0.3075 0.0165 0.029666699999999997
1 0.270875 0.482333 0.02075 0.018000000000000002
1 0.12525 0.133 0.0125 0.034
1 0.707875 0.849833 0.02025 0.018333300000000004
1 0.23625 0.183833 0.017500000000000005 0.021666699999999997
1 0.647 0.769 0.021 0.02
1 0.7085000000000001 0.3004999999999999 0.0245 0.0176667
1 0.3280000000000001 0.43200000000000005 0.0165 0.026000000000000002
1 0.647125 0.09966670000000001 0.02025 0.018666700000000005
1 0.6707499999999998 0.104833 0.020500000000000004 0.018333300000000004
1 0.682375 0.327 0.02475 0.0173333
1 0.24224999999999997 0.151333 0.017500000000000005 0.028000000000000008
1 0.60525 0.6475 0.0165 0.0256667
1 0.377875 0.120667 0.02475 0.018000000000000002
1 0.7125 0.12399999999999999 0.014000000000000002 0.029333299999999996
1 0.4821250000000001 0.38583300000000004 0.02125 0.017
1 0.030875000000000003 0.222833 0.014250000000000002 0.031
1 0.10575 0.17800000000000002 0.0215 0.018000000000000002
1 0.362625 0.452333 0.01225 0.032
1 0.5478750000000001 0.940167 0.01475 0.029666699999999997
1 0.396625 0.284667 0.01975 0.02
1 0.012625000000000003 0.41316699999999995 0.01725 0.0276667
1 0.339375 0.1415 0.019250000000000003 0.021
1 0.122875 0.8758329999999998 0.015250000000000001 0.030333300000000004
1 0.175125 0.9143329999999998 0.01725 0.024
1 0.33074999999999993 0.818333 0.02 0.021999999999999992
1 0.6387500000000002 0.588833 0.017500000000000005 0.028333299999999995
1 0.5074999999999998 0.04766669999999999 0.0235 0.019333300000000005
1 0.6268749999999998 0.1035 0.01725 0.0236667
1 0.07825 0.9205 0.021 0.015
1 0.705625 0.336 0.01625 0.025333300000000003
1 0.207 0.2595 0.017500000000000005 0.0263333
1 0.9173750000000002 0.108667 0.015250000000000001 0.0286667
1 0.07286965045668521 0.6138329999999999 0.013739300913370469 0.02700000000000012
1 0.376625 0.461167 0.014250000000000002 0.027000000000000003
1 0.553375 0.3035 0.01475 0.029666699999999997
1 0.40575000000000006 0.0126667 0.019499999999999997 0.019333300000000005
1 0.5627499999999999 0.539 0.017500000000000005 0.0266667
1 0.283125 0.34283299999999994 0.02025 0.019
1 0.434 0.3165 0.015 0.03300000000000001
1 0.75825 0.1895 0.020500000000000004 0.0203333
1 0.0175 0.468167 0.014500000000000002 0.0323333
1 0.4466250000000001 0.18816699999999997 0.015250000000000001 0.0316667
1 0.78875 0.6865000000000001 0.014500000000000002 0.0276667
1 0.048375 0.912833 0.01275 0.028333299999999995
1 0.8447499999999999 0.804 0.016 0.0213333
1 0.7092500000000002 0.6926670000000001 0.0155 0.0306667
1 0.0305 0.649667 0.0165 0.029333299999999996
1 0.348 0.47 0.016 0.0273333
1 0.7673749999999999 0.667333 0.01575 0.03
1 0.8868749999999999 0.6155000000000002 0.02025 0.0243333
1 0.806875 0.886833 0.01725 0.031
1 0.7041249999999999 0.074 0.01275 0.029333299999999996
1 0.43212500000000004 0.288333 0.01275 0.0306667
1 0.064875 0.8413330000000001 0.01325 0.0326667
1 0.517125 0.726 0.015250000000000001 0.032
1 0.2896250000000001 0.571 0.01575 0.0333333
1 0.461 0.111167 0.019499999999999997 0.019
1 0.6616250000000001 0.0396667 0.02025 0.0306667
1 0.61025 0.851667 0.020500000000000004 0.021999999999999992
1 0.358 0.138 0.0215 0.0233333
1 0.6323750000000001 0.0828333 0.02025 0.0203333
1 0.4436249999999999 0.0871667 0.02075 0.021
1 0.4695 0.891333 0.0215 0.019333300000000005
1 0.040625 0.827167 0.015250000000000001 0.029666699999999997
1 0.7034999999999999 0.22466699999999995 0.019499999999999997 0.021999999999999992
1 0.6836249999999999 0.6365 0.01725 0.028333299999999995
1 0.0125 0.4915 0.014500000000000002 0.0323333
1 0.7265 0.718167 0.02 0.0176667
1 0.676625 0.162167 0.01625 0.027000000000000003
1 0.3375 0.11583300000000002 0.019499999999999997 0.0256667
1 0.6308750000000001 0.34850000000000003 0.022250000000000002 0.019
1 0.730625 0.7596670000000002 0.01575 0.0306667
1 0.176375 0.0605 0.02125 0.0203333
1 0.8785 0.683333 0.018 0.029333299999999996
1 0.663875 0.604333 0.01575 0.024
1 0.118125 0.617833 0.01375 0.029666699999999997
1 0.8671250000000001 0.560167 0.022250000000000002 0.0203333
1 0.074875 0.746667 0.01975 0.024
1 0.615125 0.58 0.022250000000000002 0.02
1 0.43199999999999994 0.733167 0.019499999999999997 0.0223333
1 0.450625 0.4605 0.019250000000000003 0.027000000000000003
1 0.8475 0.900667 0.02 0.0213333
1 0.511875 0.10833299999999997 0.015250000000000001 0.029333299999999996
1 0.1545 0.459167 0.016 0.029666699999999997
1 0.5369999999999999 0.583667 0.0215 0.020666699999999996
1 0.4970000000000001 0.3605 0.021 0.023
1 0.12925 0.837167 0.014500000000000002 0.028333299999999995
1 0.42524999999999996 0.115 0.0215 0.022666699999999998
1 0.40625 0.3125 0.019499999999999997 0.0236667
1 0.91125 0.848 0.024 0.020666699999999996
1 0.21087500000000003 0.568833 0.02025 0.021666699999999997
1 0.31275 0.41600000000000004 0.017 0.022666699999999998
1 0.16737500000000005 0.371833 0.01825 0.025
1 0.13700000000000004 0.0415 0.015 0.03300000000000001
1 0.42950000000000005 0.45916699999999994 0.0165 0.029000000000000005
1 0.8731249999999998 0.4640000000000001 0.02375 0.0213333
1 0.05075 0.607667 0.0215 0.021999999999999992
1 0.633 0.765167 0.021 0.021
1 0.6716250000000001 0.3845 0.01625 0.0323333
1 0.654625 0.649333 0.01825 0.021999999999999992
1 0.302 0.3464999999999999 0.0165 0.031
1 0.539375 0.048 0.025250000000000005 0.02
1 0.8909999999999999 0.261167 0.021 0.023
1 0.131 0.903667 0.021 0.018666700000000005
1 0.41525 0.7435 0.018 0.0243333
1 0.4134999999999999 0.7783330000000003 0.0165 0.0313333
1 0.16307843890304613 0.14038578957401493 0.016958580103581596 0.03262045507887502
1 0.16426159565445886 0.1624835172080915 0.03194523228814207 0.01788863665615728
1 0.31826916613000794 0.24482385946363888 0.011831567514126713 0.03525113694007462
1 0.11831567514126688 0.5857602286751067 0.02287436386064493 0.018414773028397186
1 0.07946869513655092 0.6168022746372617 0.012225953097930918 0.027885227728715715
1 0.4693188447270253 0.9423880672397287 0.02287436386064495 0.01631022753943743
1 0.5274907183381482 0.8411068155835442 0.025635062947274478 0.018940909400637067
1 0.534392466054722 0.8571539749368619 0.023663135028253332 0.013153409305998042
1 0.49870057072043983 0.724567609132402 0.022479978276840663 0.020519318517356812
1 0.5795496154003057 0.34732783023637986 0.019324893606406948 0.018414773028397186
1 0.5726478676837318 0.20474487335936167 0.01893050802260276 0.027885227728715753
1 0.7808834559323614 0.2912164820347954 0.018930508022602665 0.01736250028391737
1 0.797644843244041 0.32620455078875 0.013803495433147808 0.028411364100955724
1 0.6919495067845092 0.46036932570992944 0.024846291779665998 0.01683636391167743
1 0.6753853122647319 0.47062898496860794 0.013014724265539427 0.033146591451114926
