2 0.632812 0.347917 0.040625 0.0604167
0 0.677344 0.501042 0.0578125 0.075
1 0.172656 0.670313 0.05625 0.0447917
1 0.775 0.68125 0.059375 0.0416667
1 0.0605469 0.895312 0.0585938 0.046875
0 0.842578 0.21510400000000005 0.0195312 0.0739583
1 0.3316410000000001 0.852083 0.0742188 0.0458333
0 0.32968800000000004 0.43020800000000003 0.0328125 0.0833333
0 0.586719 0.7265619999999999 0.03125 0.0822917
0 0.430469 0.37552099999999994 0.059375 0.05729170000000001
0 0.692578 0.538542 0.0632813 0.0770833
0 0.29921899999999996 0.423958 0.040625 0.0645833
0 0.437891 0.866667 0.0570313 0.0854167
1 0.521484 0.3411460000000001 0.030468800000000004 0.084375
1 0.430469 0.520833 0.059375 0.06875
1 0.404297 0.7130209999999999 0.0445312 0.0697917
0 0.478125 0.5598960000000001 0.040625 0.111458
0 0.24140600000000004 0.644792 0.0296875 0.0833333
0 0.363672 0.5041670000000001 0.0429688 0.0708333
0 0.26679699999999995 0.6682289999999999 0.0398437 0.07187499999999998
0 0.338672 0.35885400000000006 0.030468800000000004 0.090625
0 0.49101599999999995 0.4885419999999999 0.0539063 0.06875
1 0.771094 0.5749999999999998 0.0359375 0.0875
0 0.345703 0.196875 0.0320312 0.07291669999999999
0 0.389844 0.513542 0.0359375 0.0708333
0 0.627734 0.5322920000000001 0.0398437 0.0770833
0 0.550391 0.735937 0.0429688 0.07187499999999998
0 0.540625 0.285937 0.03125 0.078125
0 0.29140600000000005 0.698958 0.05 0.0666667
0 0.295312 0.340104 0.05 0.0552083
0 0.583203 0.31197899999999995 0.0585938 0.0697917
0 0.49375 0.9468749999999999 0.034375 0.0854167
0 0.714844 0.6838539999999999 0.0625 0.0447917
0 0.3558589999999999 0.0786458 0.0648438 0.0489583
0 0.0804688 0.725 0.0546875 0.0604167
0 0.625391 0.746875 0.0351562 0.0958333
0 0.468359 0.326042 0.0382813 0.0895833
0 0.9761719999999999 0.604167 0.0476562 0.0520833
0 0.307422 0.5078119999999999 0.0539063 0.0552083
0 0.367969 0.428646 0.0390625 0.0760417
0 0.42840003419218925 0.26056940564978254 0.055700731615621495 0.08155551129956529
0 0.751562 0.805729 0.0640625 0.046875
0 0.135547 0.850521 0.0507812 0.07187499999999998
0 0.12148399999999998 0.656771 0.0429688 0.078125
0 0.644531 0.411979 0.0578125 0.05729170000000001
0 0.580469 0.836979 0.05625 0.05729170000000001
0 0.34257799999999994 0.723958 0.0492188 0.0708333
0 0.457422 0.790104 0.0648438 0.046875
0 0.17656299999999994 0.380729 0.0625 0.0489583
0 0.535156 0.43020800000000003 0.0390625 0.0875
1 0.16150812942256787 0.5903763642122845 0.06157835034840381 0.0359950470815216
0 0.6363096202668395 0.6162927981109799 0.06481931615621449 0.0359950470815216
2 0.8561551342300003 0.6393296282431538 0.027008048398422742 0.0359950470815216
2 0.9301571868416788 0.8704178305065223 0.043212877437476475 0.034555245198260774
2 0.2592772646248582 0.404641921271633 0.03673094582185494 0.027356235781956357
2 0.5647058823529413 0.42857142857142855 0.023529411764705882 0.04878048780487805
