0 0.519531 0.6661459999999999 0.0515625 0.0802083
1 0.38398400000000005 0.540104 0.0476562 0.0822917
0 0.47343700000000005 0.2729170000000001 0.03125 0.075
2 0.415625 0.7890619999999999 0.0359375 0.0822917
0 0.7300779999999999 0.759375 0.030468800000000004 0.0729167
0 0.39218800000000004 0.820833 0.028124999999999997 0.0854167
0 0.178125 0.778125 0.03125 0.0916667
1 0.6656556618602079 0.47197536116314964 0.05162332372041597 0.0793670223262993
2 0.807031 0.0932292 0.06875 0.053125
1 0.791406 0.870313 0.0625 0.06354169999999999
0 0.8257809999999999 0.164583 0.026562500000000003 0.0854167
0 0.5558590000000001 0.8088539999999999 0.0539063 0.06145830000000001
0 0.7496089999999999 0.7427080000000003 0.03828129999999999 0.0770833
0 0.5945310000000001 0.4770830000000001 0.0640625 0.05
1 0.677344 0.0776042 0.0640625 0.04895830000000001
0 0.621094 0.29218800000000006 0.06875 0.040625
0 0.400781 0.436458 0.0734375 0.04791669999999999
1 0.83125 0.8625 0.0578125 0.04791669999999999
0 0.6902339999999999 0.801562 0.0695312 0.04895830000000001
0 0.367578 0.817708 0.030468800000000004 0.0770833
2 0.24296900000000005 0.19999999999999996 0.0484375 0.0770833
0 0.598828 0.42135400000000006 0.06328129999999998 0.04895830000000001
0 0.435156 0.846875 0.046875 0.0770833
0 0.5019529999999999 0.272396 0.030468800000000004 0.09270830000000001
0 0.502344 0.661458 0.0296875 0.0916667
0 0.6640619999999999 0.7401040000000001 0.0375 0.09270830000000001
0 0.5703120000000002 0.4536459999999999 0.0359375 0.053125
0 0.490234 0.7333330000000002 0.0492188 0.05
0 0.133594 0.452083 0.05 0.05833330000000001
0 0.0375 0.564062 0.059375 0.0385417
0 0.685938 0.292188 0.0546875 0.046875
0 0.6972660000000002 0.7223960000000001 0.0351562 0.0822917
0 0.14882800000000002 0.529167 0.03984370000000001 0.0875
0 0.4984370000000001 0.194271 0.05 0.053125
0 0.321875 0.647396 0.0390625 0.07395829999999999
0 0.689062 0.23906300000000003 0.040625 0.05520830000000001
0 0.555859 0.578646 0.0710938 0.040625
0 0.44921900000000003 0.37395800000000007 0.056249999999999994 0.0729167
0 0.594141 0.5369790000000001 0.0679687 0.0364583
0 0.0851562 0.398438 0.0453125 0.07395829999999999
0 0.8558590000000001 0.20677099999999995 0.0429688 0.0822917
0 0.7464840000000001 0.113021 0.03828129999999999 0.07187499999999998
0 0.5945310000000001 0.126563 0.059375 0.053125
0 0.4468750000000001 0.2875 0.0359375 0.09375
0 0.6074220000000001 0.355208 0.0601562 0.04583330000000001
0 0.7160160000000001 0.348437 0.0539063 0.06979169999999998
0 0.616406 0.246875 0.06875 0.05833330000000001
0 0.20156200000000002 0.3645830000000001 0.0640625 0.0416667
0 0.497656 0.142708 0.0640625 0.0625
0 0.3714839999999999 0.3406250000000001 0.0476562 0.0645833
0 0.707812 0.6588540000000002 0.0578125 0.046875
0 0.7625 0.170312 0.046875 0.06979169999999998
0 0.5367189999999998 0.6796880000000001 0.046875 0.0760417
0 0.428906 0.7067710000000001 0.034375 0.0802083
0 0.301172 0.305208 0.0601562 0.0729167
0 0.38710899999999987 0.728125 0.03828129999999999 0.0833333
0 0.764844 0.300521 0.0375 0.09479169999999999
0 0.285547 0.5937500000000001 0.03984370000000001 0.0958333
0 0.412109 0.509896 0.0429688 0.07395829999999999
0 0.245703 0.113021 0.0601562 0.042708300000000005
0 0.6242189999999999 0.645312 0.0453125 0.06354169999999999
0 0.9410159999999999 0.0979167 0.0523437 0.0791667
0 0.555469 0.876562 0.053125000000000006 0.06145830000000001
0 0.545703 0.3619789999999999 0.036718700000000014 0.0989583
0 0.5957029999999999 0.8135419999999999 0.03828129999999999 0.0791667
0 0.4984369999999999 0.427083 0.04375 0.0729167
1 0.44991446772874455 0.7655682662212934 0.029219826967489638 0.09194827954708734
2 0.6674398462645007 0.8634661403273103 0.08603615718205285 0.023798378235716657
2 0.1473166276277603 0.4118378260813219 0.03003148882769768 0.03569756735357508
2 0.7052287581699346 0.42944250871080136 0.05098039215686273 0.06097560975609756
