0 0.522875 0.428 0.02075 0.025333300000000003
0 0.216125 0.697167 0.01975 0.0243333
0 0.249125 0.837167 0.022250000000000002 0.019
0 0.15474999999999997 0.796 0.017500000000000005 0.028000000000000008
0 0.6259999999999999 0.10266700000000001 0.019 0.018666700000000005
0 0.794375 0.007000000000000002 0.02375 0.014000000000000004
0 0.14937499999999998 0.7203330000000001 0.02175 0.018666700000000005
0 0.9398749999999998 0.5675 0.01625 0.0276667
0 0.681 0.6906669999999999 0.016 0.024666699999999996
0 0.7488749999999998 0.528833 0.01675 0.017
0 0.824125 0.828667 0.019250000000000003 0.0266667
0 0.180625 0.734167 0.02375 0.015666699999999995
0 0.14512500000000003 0.767833 0.022250000000000002 0.021
0 0.40674999999999994 0.4855 0.0235 0.0196667
0 0.835875 0.8121670000000001 0.01975 0.023
0 0.791125 0.231167 0.01475 0.0256667
0 0.018374999999999992 0.47921249990536086 0.013249999999999998 0.03490830018927826
0 0.535625 0.4058330000000001 0.01375 0.031
0 0.816625 0.018666699999999998 0.02175 0.0153333
0 0.876272055146892 0.7872637499716083 0.018750000000000436 0.01901829996214436
0 0.041625 0.727833 0.01725 0.0256667
0 0.109125 0.463667 0.02475 0.0213333
0 0.753375 0.542667 0.01625 0.0273333
0 0.733125 0.523333 0.01475 0.024666699999999996
0 0.494 0.425167 0.019499999999999997 0.021666699999999997
0 0.140625 0.19283300000000003 0.019250000000000003 0.0316667
0 0.762625 0.5245 0.02125 0.017
0 0.501 0.8805 0.018 0.0256667
0 0.557 0.9114999999999999 0.025 0.017
0 0.5742389672179844 0.5384373750425875 0.020522065564030995 0.02620875008517568
0 0.513 0.8859999999999999 0.0155 0.032
0 0.09775 0.843833 0.019499999999999997 0.018333300000000004
0 0.009125 0.525333 0.01825 0.022666699999999998
0 0.4805 0.738833 0.016 0.027000000000000003
0 0.14141912071092316 0.7280626249574124 0.014161758578153542 0.02787545008517507
0 0.410625 0.3345 0.024250000000000004 0.019
0 0.43900000000000006 0.0076666699999999996 0.021 0.0153333
0 0.5385 0.549833 0.024 0.0196667
0 0.71675 0.551667 0.02 0.0146667
0 0.518875 0.0121667 0.01675 0.0243333
0 0.5691250000000001 0.955167 0.01375 0.030333300000000004
0 0.12574999999999997 0.168 0.0265 0.018666700000000005
0 0.634625 0.11283300000000002 0.01825 0.0263333
0 0.5742500000000001 0.934167 0.024 0.019
0 0.138 0.7805 0.019499999999999997 0.021
0 0.5572499999999999 0.6067267500473195 0.013499999999999996 0.030787500094639087
0 0.56425 0.619667 0.013000000000000001 0.028000000000000008
0 0.8582500000000001 0.47033299999999995 0.018 0.024
0 0.01625 0.592167 0.0235 0.015
0 0.520875 0.192167 0.02025 0.0256667
0 0.6423749999999998 0.737 0.01075 0.0313333
0 0.89275 0.556167 0.0215 0.0163333
0 0.45299999999999996 0.983 0.015 0.0273333
0 0.970875 0.568 0.02175 0.018000000000000002
0 0.72625 0.3095 0.017 0.0243333
0 0.8298749999999999 0.26083300000000004 0.02025 0.0176667
0 0.759 0.0681667 0.0245 0.0196667
0 0.016125 0.389167 0.025250000000000005 0.0196667
0 0.626375 0.748 0.02125 0.0153333
0 0.524 0.847333 0.023 0.02
0 0.005 0.502667 0.01 0.029333299999999996
0 0.722875 0.536167 0.01975 0.019
0 0.6196249999999999 0.314333 0.01275 0.0266667
0 0.9167499999999998 0.813 0.017500000000000005 0.020666699999999996
0 0.7245 0.228 0.0225 0.0213333
0 0.07999999999999999 0.300667 0.019 0.0233333
0 0.3415000000000001 0.011000000000000001 0.0255 0.018000000000000002
0 0.83725 0.242333 0.0225 0.018000000000000002
0 0.62275 0.534167 0.014000000000000002 0.03300000000000001
0 0.79925 0.823667 0.013000000000000001 0.0266667
0 0.24725000000000003 0.524667 0.024 0.020666699999999996
0 0.174375 0.475167 0.01575 0.030333300000000004
0 0.24212500000000003 0.489833 0.02275 0.017
0 0.0345 0.59 0.022 0.018000000000000002
0 0.039749999999999994 0.6035 0.019499999999999997 0.023
0 0.652875 0.370333 0.01575 0.0273333
0 0.390375 0.847 0.01725 0.0273333
0 0.557875 0.953667 0.02075 0.020666699999999996
0 0.20825 0.907667 0.0235 0.018000000000000002
0 0.12737499999999996 0.287667 0.022250000000000002 0.022666699999999998
0 0.259375 0.577833 0.01775 0.021666699999999997
0 0.530625 0.0133333 0.01825 0.022666699999999998
0 0.26062499999999994 0.7975 0.02275 0.0196667
0 0.495 0.0543333 0.017500000000000005 0.0286667
0 0.5973749999999999 0.20783300000000002 0.02175 0.0223333
0 0.65475 0.566167 0.018499999999999996 0.0176667
0 0.55675 0.423667 0.0225 0.0213333
0 0.620375 0.0671667 0.014250000000000002 0.029000000000000005
0 0.346875 0.3345000000000001 0.02175 0.021666699999999997
0 0.797375 0.541667 0.02175 0.0173333
0 0.809375 0.8356670000000002 0.01675 0.0286667
0 0.377375 0.8169999999999998 0.024250000000000004 0.024
0 0.5551249999999999 0.8071670000000001 0.015250000000000001 0.029000000000000005
0 0.750875 0.09500000000000001 0.02125 0.024666699999999996
0 0.12675000000000003 0.517167 0.017 0.0223333
0 0.845375 0.5840000000000001 0.02175 0.020666699999999996
0 0.701 0.0593333 0.0215 0.02
0 0.580375 0.9553329999999999 0.015250000000000001 0.028000000000000008
0 0.03525 0.789 0.022 0.0213333
0 0.718625 0.3185 0.02075 0.0223333
0 0.8645 0.852667 0.014500000000000002 0.029333299999999996
0 0.839919120710923 0.8306043750425874 0.016735296568739545 0.02128204993375262
0 0.5311250000000001 0.819 0.01575 0.021999999999999992
0 0.682625 0.16933300000000004 0.014250000000000002 0.032
0 0.0335 0.416667 0.0165 0.0273333
0 0.6435 0.3305000000000001 0.0225 0.0196667
0 0.30437499999999995 0.09416670000000002 0.022250000000000002 0.0203333
0 0.40112500000000006 0.0558333 0.022250000000000002 0.021666699999999997
0 0.90825 0.477 0.020500000000000004 0.019333300000000005
0 0.5445 0.8313330000000002 0.014000000000000002 0.0273333
0 0.920375 0.722333 0.01725 0.024
0 0.376625 0.851333 0.01675 0.0286667
0 0.28475 0.9605 0.020500000000000004 0.027000000000000003
0 0.08475000000000002 0.324833 0.017500000000000005 0.029666699999999997
0 0.135 0.801167 0.018 0.023
0 0.9278749999999999 0.529667 0.015250000000000001 0.0313333
0 0.02175 0.55 0.014000000000000002 0.029333299999999996
0 0.14525 0.8141669999999999 0.026000000000000002 0.0143333
0 0.561125 0.820833 0.01475 0.0323333
0 0.036375000000000005 0.486833 0.01775 0.025
0 0.679625 0.727167 0.01475 0.0316667
0 0.547125 0.0161667 0.024250000000000004 0.0203333
0 0.8746249999999999 0.865833 0.019250000000000003 0.021666699999999997
0 0.777875 0.4363330000000001 0.01575 0.0233333
0 0.809 0.45183299999999993 0.016 0.0276667
0 0.850375 0.8006669999999998 0.01475 0.028000000000000008
0 0.4718823517156307 0.7653956249574122 0.016764703431261328 0.01812454991482505
0 0.509125 0.915167 0.02125 0.021666699999999997
0 0.136875 0.152 0.022250000000000002 0.0153333
0 0.77575 0.419 0.018 0.026000000000000002
0 0.6126249999999999 0.33899999999999997 0.02375 0.0173333
0 0.614875 0.7396670000000001 0.02175 0.0233333
0 0.361375 0.0308333 0.01725 0.029666699999999997
2 0.607125 0.5311670000000001 0.01475 0.0243333
0 0.8844999999999998 0.848667 0.014500000000000002 0.029333299999999996
0 0.418625 0.40216700000000005 0.01575 0.0276667
0 0.9397499999999998 0.298833 0.015 0.027000000000000003
0 0.2891250000000001 0.239333 0.025250000000000005 0.02
0 0.40287500000000004 0.415833 0.01825 0.0263333
0 0.08325 0.696833 0.020500000000000004 0.0263333
0 0.6523749999999999 0.0225 0.01825 0.0276667
0 0.6132499999999999 0.7913329999999997 0.0215 0.02
0 0.407375 0.7006669999999998 0.02125 0.019333300000000005
0 0.199375 0.731333 0.01675 0.0286667
0 0.599625 0.32300000000000006 0.02275 0.0173333
0 0.5208749999999999 0.16 0.015250000000000001 0.032
0 0.9022499999999998 0.44300000000000006 0.0155 0.0333333
0 0.8680000000000001 0.48 0.022 0.019333300000000005
0 0.216875 0.17833299999999994 0.023250000000000003 0.0166667
0 0.007000000000000001 0.228 0.014000000000000002 0.034
0 0.33375 0.8075 0.020500000000000004 0.0243333
0 0.83175 0.9563330000000001 0.013499999999999998 0.029333299999999996
0 0.6360000000000001 0.6618330000000001 0.021 0.0243333
0 0.66925 0.436 0.0155 0.0266667
0 0.434 0.8454999999999998 0.020500000000000004 0.023
0 0.181875 0.17650000000000002 0.02375 0.017
0 0.021875 0.41533300000000006 0.01225 0.029333299999999996
0 0.5503749999999998 0.7755 0.014250000000000002 0.028333299999999995
0 0.966625 0.19133300000000006 0.02275 0.02
0 0.4225 0.730167 0.013499999999999998 0.029000000000000005
0 0.42737499999999995 0.09849999999999999 0.01325 0.03699999999999999
0 0.332625 0.32283300000000004 0.01475 0.030333300000000004
0 0.731375 0.7581669999999999 0.022250000000000002 0.018333300000000004
0 0.44925000000000004 0.19683299999999998 0.02 0.0276667
0 0.372875 0.6425 0.024250000000000004 0.0176667
0 0.61375 0.19683299999999998 0.017500000000000005 0.0223333
0 0.37675 0.0525 0.018 0.0276667
0 0.342125 0.7553329999999998 0.02175 0.019333300000000005
0 0.74925 0.5093330000000001 0.0235 0.018000000000000002
0 0.6317500000000001 0.34966699999999995 0.015 0.034666699999999995
0 0.64325 0.586167 0.018499999999999996 0.0256667
0 0.6605 0.3431669999999999 0.018 0.025
0 0.44975000000000004 0.6565000000000001 0.019 0.025
0 0.538125 0.928167 0.01825 0.0263333
0 0.845625 0.904667 0.01875 0.018666700000000005
0 0.57025 0.891167 0.013499999999999998 0.0343333
0 0.5245000000000001 0.03933330000000001 0.018499999999999996 0.0273333
0 0.0545 0.7250000000000001 0.021 0.024
0 0.1945 0.160167 0.019 0.0243333
0 0.491375 0.693 0.015250000000000001 0.025333300000000003
0 0.15825 0.852333 0.02 0.0273333
0 0.71025 0.23599999999999993 0.017 0.03
0 0.918375 0.0935 0.01775 0.027000000000000003
0 0.6566249999999999 0.03733330000000001 0.01575 0.0273333
0 0.697625 0.439667 0.02075 0.019333300000000005
0 0.2965 0.644667 0.020500000000000004 0.020666699999999996
0 0.351625 0.549333 0.01575 0.029333299999999996
0 0.76975 0.806167 0.014000000000000002 0.0343333
0 0.8435000000000001 0.9188330000000002 0.019499999999999997 0.0223333
0 0.944875 0.527167 0.02275 0.0163333
0 0.710625 0.07583330000000002 0.02075 0.0203333
0 0.82575 0.852167 0.014000000000000002 0.025
0 0.5045 0.26333299999999993 0.022 0.02
0 0.87925 0.885667 0.019499999999999997 0.0233333
0 0.520875 0.8291669999999999 0.01875 0.0223333
0 0.80375 0.855 0.019 0.026000000000000002
0 0.019375 0.750667 0.02175 0.021999999999999992
0 0.569625 0.525 0.01975 0.018666700000000005
0 0.789625 0.6934999999999999 0.01375 0.0263333
0 0.8690000000000001 0.8231669999999999 0.013499999999999998 0.03300000000000001
0 0.488375 0.725167 0.015250000000000001 0.0263333
0 0.488875 0.809667 0.02075 0.0233333
0 0.033624999999999995 0.634 0.01725 0.028000000000000008
0 0.229625 0.599 0.024250000000000004 0.018666700000000005
0 0.767625 0.10783300000000001 0.02125 0.0223333
0 0.403 0.713333 0.020500000000000004 0.0213333
0 0.169 0.9155 0.014500000000000002 0.0323333
0 0.696 0.462667 0.0225 0.024
0 0.3895 0.4304999999999999 0.018 0.027000000000000003
0 0.8035 0.903 0.014500000000000002 0.0333333
0 0.3155 0.747833 0.0215 0.019
0 0.27825 0.326667 0.013499999999999998 0.0333333
0 0.548 0.288833 0.0155 0.0316667
0 0.767 0.600167 0.018 0.0243333
0 0.435875 0.12666699999999997 0.01625 0.029333299999999996
0 0.9207500000000001 0.0703333 0.018 0.026000000000000002
0 0.666375 0.5354999999999999 0.015250000000000001 0.027000000000000003
0 0.32225000000000004 0.7986670000000001 0.0225 0.018000000000000002
0 0.26875000000000004 0.838667 0.014500000000000002 0.0326667
0 0.353 0.227167 0.0245 0.019
0 0.634 0.574667 0.014500000000000002 0.0313333
0 0.70175 0.681833 0.018499999999999996 0.0243333
0 0.01 0.7170000000000001 0.02 0.018666700000000005
0 0.39375 0.037 0.014500000000000002 0.0333333
0 0.77075 0.153333 0.024 0.020666699999999996
0 0.530875 0.209333 0.01775 0.029333299999999996
0 0.24574999999999997 0.558 0.0235 0.018000000000000002
0 0.376875 0.356333 0.02275 0.0233333
0 0.4435 0.749167 0.012 0.030333300000000004
0 0.9798750000000002 0.3935 0.02375 0.0203333
0 0.4125 0.885 0.017 0.0266667
0 0.6992499999999999 0.760167 0.0235 0.0203333
0 0.720875 0.0503333 0.022250000000000002 0.0166667
0 0.43175000000000013 0.6874999999999999 0.014500000000000002 0.0316667
0 0.5234999999999999 0.863 0.019499999999999997 0.022666699999999998
0 0.24599999999999997 0.675 0.025 0.0173333
0 0.36125 0.388167 0.014000000000000002 0.0323333
0 0.5065 0.8328330000000003 0.017500000000000005 0.029000000000000005
0 0.669875 0.010999999999999996 0.01575 0.021999999999999992
0 0.9127499999999997 0.5365 0.017 0.0236667
0 0.239875 0.31316700000000003 0.022250000000000002 0.021
0 0.6345 0.0795 0.0155 0.03300000000000001
0 0.5592500000000001 0.754667 0.0215 0.018000000000000002
0 0.164875 0.171333 0.01475 0.034
0 0.978125 0.8685 0.02075 0.021666699999999997
0 0.050875 0.165 0.01625 0.0286667
0 0.30587500000000006 0.324167 0.01675 0.0356667
0 0.70725 0.5733330000000001 0.021 0.018000000000000002
0 0.8731249999999998 0.8995000000000001 0.014250000000000002 0.025
0 0.6134999999999999 0.11749999999999998 0.0215 0.0196667
0 0.310125 0.5145 0.01875 0.0276667
0 0.705875 0.9783329999999999 0.01575 0.029333299999999996
0 0.425125 0.354333 0.022250000000000002 0.020666699999999996
0 0.4642499999999999 0.411333 0.019499999999999997 0.024666699999999996
0 0.614125 0.661833 0.01975 0.019
0 0.30125 0.18866700000000003 0.015 0.036000000000000004
0 0.8838750000000002 0.5815 0.023250000000000003 0.0223333
0 0.8007500000000001 0.591667 0.013499999999999998 0.0273333
0 0.023250000000000003 0.7090000000000001 0.023 0.020666699999999996
0 0.84525 0.4375 0.0165 0.028333299999999995
0 0.469 0.706667 0.0215 0.019333300000000005
0 0.49925 0.4485 0.0215 0.0243333
0 0.6921250000000001 0.2945 0.015250000000000001 0.0323333
0 0.66875 0.285167 0.018499999999999996 0.023
0 0.21175 0.607 0.017500000000000005 0.025333300000000003
0 0.401875 0.585 0.02075 0.018000000000000002
0 0.20837500000000003 0.714667 0.01825 0.03
0 0.034625 0.441 0.01975 0.024
0 0.206 0.320167 0.014500000000000002 0.029666699999999997
0 0.815375 0.589667 0.01675 0.02
0 0.9161249999999999 0.122333 0.02575 0.019333300000000005
0 0.781125 0.828833 0.015250000000000001 0.028333299999999995
0 0.4557499999999999 0.7418330000000001 0.017 0.029666699999999997
0 0.743625 0.705833 0.01725 0.027000000000000003
0 0.06625 0.429667 0.0225 0.02
0 0.4635 0.558333 0.023 0.022666699999999998
0 0.356875 0.855 0.01975 0.021999999999999992
0 0.9232500000000001 0.8278329999999999 0.0225 0.0203333
0 0.5813749999999999 0.267 0.01875 0.028000000000000008
0 0.508875 0.807833 0.02125 0.019
0 0.504125 0.935667 0.01575 0.0286667
0 0.770375 0.247167 0.01875 0.0243333
0 0.30725 0.579167 0.017500000000000005 0.027000000000000003
0 0.19024999999999997 0.835167 0.017500000000000005 0.0243333
0 0.8377500000000001 0.775 0.019499999999999997 0.018666700000000005
0 0.853125 0.252667 0.01825 0.0213333
0 0.526875 0.613333 0.02125 0.025333300000000003
0 0.221625 0.316167 0.015250000000000001 0.03766669999999999
0 0.82825 0.466167 0.017500000000000005 0.0256667
0 0.454125 0.775 0.01825 0.0266667
0 0.21925 0.8495 0.0165 0.0276667
0 0.03375 0.537 0.024 0.0153333
0 0.5561249999999999 0.266 0.01575 0.0306667
0 0.6025 0.7186669999999998 0.0165 0.0326667
0 0.555375 0.636167 0.01775 0.0276667
0 0.7403749999999999 0.2025 0.01725 0.029666699999999997
0 0.720125 0.362667 0.01975 0.02
0 0.291625 0.7328329999999998 0.01975 0.0243333
0 0.445375 0.7129999999999999 0.022250000000000002 0.0233333
0 0.121375 0.123667 0.02375 0.0213333
0 0.7125 0.208833 0.0225 0.0196667
0 0.613125 0.08850000000000001 0.022250000000000002 0.018333300000000004
0 0.38800000000000007 0.8690000000000001 0.018 0.0273333
0 0.591 0.528167 0.015 0.0316667
0 0.7659999999999999 0.436833 0.0155 0.027000000000000003
0 0.9486250000000003 0.8228329999999999 0.019250000000000003 0.025
0 0.809625 0.0333333 0.02025 0.019333300000000005
0 0.513875 0.557667 0.02175 0.018000000000000002
0 0.8213750000000001 0.6718330000000001 0.01775 0.027000000000000003
0 0.8295 0.31766700000000003 0.021 0.019333300000000005
0 0.82975 0.293833 0.020500000000000004 0.0196667
0 0.862125 0.884833 0.01275 0.03300000000000001
0 0.366875 0.935667 0.02025 0.024666699999999996
0 0.28425 0.0323333 0.019 0.0313333
0 0.02 0.511667 0.0155 0.0273333
0 0.009999999999999998 0.574833 0.019499999999999997 0.025
0 0.9653749999999998 0.384 0.01975 0.0213333
0 0.23374999999999996 0.6614999999999999 0.014000000000000002 0.0323333
0 0.802375 0.6579999999999999 0.01725 0.025333300000000003
0 0.589375 0.6405 0.01475 0.030333300000000004
0 0.110875 0.3186669999999999 0.019250000000000003 0.0286667
0 0.5722499999999999 0.64 0.014000000000000002 0.0286667
0 0.322 0.212167 0.016 0.0343333
0 0.8736249999999999 0.190167 0.02175 0.0203333
0 0.48125 0.937333 0.013499999999999998 0.034
0 0.020500000000000004 0.245167 0.02 0.021666699999999997
0 0.7555 0.6836670000000001 0.0125 0.0306667
0 0.78925 0.917833 0.0165 0.029666699999999997
0 0.51375 0.5375 0.022 0.0243333
0 0.46975 0.440667 0.0245 0.022666699999999998
0 0.8392500000000002 0.048 0.0225 0.024
0 0.597375 0.6658329999999999 0.01725 0.027000000000000003
0 0.08412500000000002 0.117167 0.02025 0.021
0 0.8838750000000002 0.534667 0.01475 0.034
0 0.69175 0.875667 0.0245 0.02
0 0.285625 0.830833 0.01675 0.029666699999999997
0 0.35850000000000004 0.259833 0.0225 0.0223333
0 0.37925 0.6708330000000001 0.0225 0.023
0 0.7215 0.7160000000000001 0.019 0.022666699999999998
0 0.27775 0.649 0.016 0.0326667
0 0.080375 0.149833 0.019250000000000003 0.0223333
0 0.266625 0.860333 0.01825 0.0266667
0 0.736 0.107333 0.019 0.028000000000000008
0 0.95475 0.31050000000000005 0.024 0.019
0 0.47825 0.26533299999999993 0.016 0.034
0 0.33425 0.242667 0.0235 0.018000000000000002
0 0.09275 0.0125 0.02 0.025
0 0.3765 0.320667 0.0165 0.0313333
0 0.39375 0.3225 0.0225 0.0176667
0 0.311125 0.597167 0.023250000000000003 0.0223333
0 0.110875 0.148667 0.023250000000000003 0.026000000000000002
0 0.2871915821262352 0.22542312868619344 0.026897096815448007 0.022571250369092535
0 0.682657639991932 0.27780000454267745 0.018654438113939756 0.021992500359628617
0 0.006507362132769678 0.5405525088392933 0.013014724265539356 0.01620500026498954
0 0.01583458118973955 0.6299693853014676 0.016919141545201168 0.027201250444803857
0 0.0054228017773080665 0.6319950103345913 0.00997795527024684 0.03472500056783462
0 0.5273132448254363 0.5324500087067985 0.0013014724265539427 0.0011575000189278288
0 0.6902495624801632 0.6933425113377656 0.012147075981169944 0.027780000454267772
0 0.47680808452531775 0.7549793873456723 0.01822061397175501 0.026043750425876023
0 0.12797812194447034 0.7335656369955076 0.015617669118647214 0.0341462505583707
0 0.16658847059890378 0.7792868877431567 0.026897096815447986 0.01794125029338122
0 0.24402607997886297 0.8513412639214134 0.02472797610452477 0.017362500283917434
0 0.5552949019963459 0.9244731237649595 0.024294151962340173 0.020256250331236812
2 0.9342756424590262 0.8472099975015275 0.015183844976462664 0.01736250028391731
0 0.8570549451501592 0.8194299970472596 0.016051493260831773 0.01736250028391731
0 0.8809152729703149 0.7962799966687031 0.02299267953578632 0.015047500246061649
