0 0.03454593867827631 0.3846735239516357 0.057017568692300714 0.06436826570141269
1 0.0647317103389061 0.4669218634589962 0.046284849879632335 0.06436826570141259
1 0.24886491746874778 0.6510866236602602 0.03890610569592284 0.039336162373085466
1 0.1941951310167183 0.6600266605632341 0.038235310770131065 0.06258025832081789
1 0.4554697546126139 0.47675590405226764 0.061713133172843146 0.05364022141784393
1 0.5047731816583092 0.612644464977472 0.04091849047329812 0.07688431736557626
1 0.1834624122040499 0.4664748616138476 0.06372551795021844 0.03844215868278817
1 0.23712600626739175 0.3274572877726022 0.046284849879632335 0.07509630998498135
1 0.1780960527977157 0.31985825640507426 0.044943260028048805 0.0777783210558736
1 0.30823026840131973 0.32254026747596654 0.05165120928596651 0.05453422510814122
2 0.3501549512633055 0.34623136526884757 0.12342626634568625 0.05185221403724908
0 0.35853988783570273 0.3037661899797211 0.043601670176465206 0.0724142989140892
0 0.3353974628958865 0.40389460329302973 0.034881336141172205 0.08493035057825281
0 0.2840816510728159 0.40791761989936803 0.04091849047329815 0.08403634688795542
0 0.2582560464298326 0.3587474169330111 0.060371543321259595 0.04291217713427511
0 0.17340048831717333 0.3775214944292565 0.05165120928596652 0.06794428046260227
0 0.22907646715789046 0.43652573798888467 0.06640869765338552 0.041124169753680266
0 0.13147580545518747 0.4901659594067285 0.05232200421175828 0.07509630998498144
0 0.2357844164158082 0.5536402214178437 0.06909187735655259 0.04470018451486985
0 0.38134691531262294 0.4901659594067286 0.03421054121538047 0.08224833950736063
0 0.47861217955243 0.39942458484154264 0.030185771660629836 0.08850636533944241
1 0.5138289131564981 0.31762324717933077 0.04829723465700763 0.08046033212676579
0 0.5181890801741447 0.4333967250728438 0.04762643973121585 0.05453422510814122
0 0.36893720918547523 0.5920823801006319 0.060371543321259595 0.041124169753680266
0 0.2827400612212323 0.5737553044495353 0.028844181809046254 0.07062629153349437
0 0.2153251711791592 0.6113034594420261 0.061713133172843146 0.04023016606338296
0 0.2907896003307336 0.6372295664606505 0.042260080324881696 0.07420230629468405
0 0.3387514375248453 0.6591326568729368 0.06707949257917728 0.051852214037249024
0 0.5440146848171279 0.6117504612871746 0.04963882450859123 0.07509630998498144
0 0.4942206259530032 0.8053022602365613 0.07110426213392787 0.04917020296635684
0 0.5700204525674734 0.7507680351284202 0.05098041436017478 0.07599031367527874
0 0.6780184356199489 0.7252889299549442 0.04158928539908989 0.10012841331330857
0 0.760861608955233 0.7664130997086244 0.07848300631763759 0.04827619927605954
0 0.8265995116828263 0.7731181273858551 0.039576900621714636 0.0902943727200372
1 0.7320174271461866 0.5531932195726953 0.03152736151221339 0.07777832105587364
1 0.6575591903832999 0.5683912823077509 0.03421054121538039 0.08671835795884761
0 0.7085396047434745 0.6256075184867844 0.04360167017646528 0.08671835795884761
0 0.665944126955697 0.6443815959830297 0.04158928539908989 0.07956632843646835
0 0.7051856301145156 0.4499357933433456 0.06909187735655263 0.04470018451486985
0 0.6478326639593192 0.4812259225037546 0.03085656658642153 0.08403634688795542
0 0.5757222094367035 0.45038279518849433 0.051651209285966476 0.05453422510814122
0 0.58008237645435 0.38914354240312266 0.061713133172843146 0.06794428046260222
0 0.4529411764705881 0.9686411149825784 0.05098039215686273 0.05226480836236933
