1 0.402625 0.8218330000000001 0.01575 0.027000000000000003
1 0.690125 0.625667 0.01775 0.024666699999999996
1 0.4623749999999999 0.5485 0.01675 0.029000000000000005
1 0.78825 0.716833 0.014500000000000002 0.027000000000000003
1 0.6845 0.504667 0.018 0.024
1 0.6298749999999999 0.283833 0.01575 0.0276667
1 0.8993749999999998 0.0986667 0.01475 0.0266667
1 0.075375 0.828167 0.01675 0.0223333
1 0.893125 0.400167 0.01875 0.021
1 0.22087500000000002 0.9193330000000001 0.01575 0.025333300000000003
1 0.50225 0.288667 0.017500000000000005 0.024666699999999996
1 0.792125 0.924167 0.01625 0.0243333
1 0.85 0.139 0.022 0.018666700000000005
1 0.84 0.9605 0.0155 0.0223333
1 0.65875 0.225167 0.017 0.023
1 0.417375 0.7 0.01875 0.019333300000000005
1 0.9339999999999999 0.321 0.016 0.024666699999999996
1 0.592875 0.6753329999999999 0.019250000000000003 0.019333300000000005
1 0.9365000000000001 0.3811669999999999 0.020500000000000004 0.018333300000000004
1 0.34225 0.923167 0.014500000000000002 0.0236667
1 0.89475 0.170833 0.018499999999999996 0.0176667
1 0.214125 0.47566699999999995 0.015250000000000001 0.024
1 0.40475 0.11200000000000003 0.017500000000000005 0.019333300000000005
1 0.154375 0.972 0.014250000000000002 0.0273333
1 0.46312500000000006 0.440333 0.014250000000000002 0.0326667
1 0.258 0.40183300000000005 0.013499999999999998 0.029666699999999997
1 0.692375 0.42316700000000007 0.01675 0.021666699999999997
1 0.338 0.8983330000000003 0.0155 0.0213333
1 0.33025 0.9164999999999999 0.0155 0.0276667
1 0.636875 0.119667 0.02025 0.019333300000000005
1 0.521875 0.493333 0.02075 0.0166667
1 0.78275 0.372333 0.018499999999999996 0.020666699999999996
1 0.724625 0.119833 0.01825 0.0236667
1 0.76475 0.9330000000000002 0.017500000000000005 0.02
1 0.333375 0.102833 0.01575 0.0263333
1 0.074375 0.107667 0.01975 0.020666699999999996
1 0.3188750000000001 0.5606670000000001 0.01275 0.02
1 0.22949999999999995 0.672833 0.012 0.028333299999999995
1 0.49125 0.32299999999999995 0.017500000000000005 0.021999999999999992
1 0.8561250000000001 0.365167 0.01875 0.0223333
1 0.193875 0.52 0.01875 0.024666699999999996
1 0.24920789187853157 0.038166699999999956 0.024915783757063527 0.01899999999999997
1 0.789 0.917333 0.0165 0.0233333
1 0.101875 0.890167 0.01475 0.0236667
1 0.5777499999999999 0.231333 0.0165 0.0286667
1 0.22775 0.524833 0.0155 0.028333299999999995
1 0.810125 0.5956670000000001 0.01725 0.026000000000000002
1 0.6515 0.594667 0.015 0.029333299999999996
1 0.549625 0.485333 0.015250000000000001 0.0213333
1 0.26925 0.616833 0.02 0.0243333
1 0.40287500000000004 0.7588329999999999 0.01775 0.0223333
1 0.5543449153295662 0.8323329999999993 0.02481016934086765 0.022666699999998877
1 0.848625 0.22566700000000003 0.02025 0.018000000000000002
1 0.7048749999999999 0.888 0.01725 0.020666699999999996
1 0.7823275423352167 0.08699999999999998 0.017655084670434175 0.02582351823343958
1 0.14400000000000002 0.912333 0.0215 0.016
1 0.303 0.42449999999999993 0.019499999999999997 0.017
1 0.24450000000000002 0.826833 0.019 0.0196667
1 0.9226250000000001 0.217167 0.02025 0.0176667
1 0.68125 0.630167 0.0155 0.023
1 0.634375 0.8615 0.015250000000000001 0.0276667
1 0.5842500000000002 0.11316699999999998 0.016 0.0256667
1 0.245 0.927833 0.0155 0.0203333
1 0.6836249999999999 0.8635 0.01825 0.021
1 0.61725 0.852 0.019 0.0166667
1 0.941 0.406833 0.018 0.0236667
1 0.720125 0.818667 0.01775 0.019333300000000005
1 0.304375 0.396167 0.01375 0.023
1 0.37825 0.19950000000000004 0.018499999999999996 0.023
1 0.886933156751411 0.7201585226971596 0.017000000000001955 0.03494431832807983
1 0.321 0.4535 0.019499999999999997 0.017
1 0.3445 0.5771669999999999 0.0155 0.0276667
1 0.803125 0.37833300000000003 0.01825 0.019333300000000005
1 0.19362500000000002 0.291333 0.01775 0.018666700000000005
1 0.89075 0.08933329999999998 0.0155 0.0233333
1 0.8575000000000002 0.856333 0.016 0.018666700000000005
1 0.693125 0.9138330000000002 0.01725 0.021
1 0.452125 0.9186669999999998 0.01675 0.025333300000000003
1 0.7319224576647833 0.47731363646687897 0.011 0.0306667
1 0.6409999999999999 0.6595 0.021 0.0203333
1 0.8575 0.29233299999999995 0.018499999999999996 0.018666700000000005
1 0.64475 0.27366699999999994 0.017 0.02
1 0.397 0.679167 0.014500000000000002 0.029000000000000005
1 0.82175 0.444667 0.018 0.026000000000000002
1 0.762125 0.194833 0.01775 0.0276667
1 0.6211250000000001 0.672333 0.015250000000000001 0.024
1 0.6623750000000002 0.6558329999999999 0.01375 0.025
1 0.7705 0.443833 0.020500000000000004 0.017
1 0.8305 0.564 0.02 0.016
1 0.096875 0.219833 0.01825 0.0196667
1 0.885125 0.154167 0.01375 0.027000000000000003
1 0.7864999999999999 0.258 0.019 0.019333300000000005
1 0.12349999999999998 0.681333 0.02 0.02
1 0.2545 0.901833 0.020500000000000004 0.019
1 0.121375 0.907667 0.01825 0.022666699999999998
1 0.221625 0.8333329999999998 0.01275 0.025333300000000003
1 0.34575 0.0951667 0.016 0.0276667
1 0.743 0.293667 0.0165 0.024666699999999996
1 0.768625 0.738667 0.01575 0.0233333
1 0.338125 0.853667 0.01875 0.0213333
1 0.07475 0.631 0.0225 0.0166667
1 0.7755 0.760167 0.0155 0.0223333
1 0.847375 0.933833 0.01875 0.0256667
1 0.277 0.789667 0.018 0.02
1 0.72025 0.249 0.021 0.0166667
1 0.5657359639595105 0.33576306818611973 0.023915783757063346 0.02152613637224027
1 0.409375 0.792667 0.01825 0.024
1 0.3484999999999999 0.8904999999999998 0.014500000000000002 0.023
1 0.75325 0.9079999999999999 0.018 0.026000000000000002
1 0.30725 0.19950000000000004 0.014000000000000002 0.0276667
1 0.4645 0.846333 0.021 0.024
1 0.29875 0.540667 0.015 0.0233333
1 0.627125 0.35316699999999995 0.02125 0.021666699999999997
1 0.904375 0.7864999999999999 0.02075 0.0143333
1 0.6205000000000002 0.652167 0.013499999999999998 0.025
1 0.024875000000000008 0.16966700000000004 0.014250000000000002 0.03
1 0.33425 0.552333 0.017 0.024666699999999996
1 0.841 0.914167 0.016 0.0243333
1 0.7446249999999999 0.209333 0.01825 0.019333300000000005
1 0.6292499999999999 0.902833 0.020500000000000004 0.0196667
1 0.1045 0.747833 0.017500000000000005 0.027000000000000003
1 0.2905 0.882333 0.017500000000000005 0.0213333
1 0.815875 0.945167 0.015250000000000001 0.029000000000000005
1 0.786875 0.6245 0.01875 0.023
1 0.80125 0.35883299999999996 0.019499999999999997 0.015666699999999995
1 0.574 0.18116700000000002 0.014500000000000002 0.0336667
1 0.694375 0.783167 0.01625 0.0223333
1 0.13775 0.5455 0.015 0.021666699999999997
1 0.796 0.930167 0.018 0.0243333
1 0.488375 0.48116699999999996 0.01625 0.0196667
1 0.68125 0.7215 0.018 0.017
1 0.74225 0.450167 0.017 0.0223333
1 0.363125 0.977667 0.014250000000000002 0.026000000000000002
1 0.791375 0.389833 0.01625 0.025
1 0.140125 0.8 0.01725 0.0273333
1 0.349 0.547833 0.019499999999999997 0.0243333
1 0.571 0.825 0.021 0.0213333
1 0.68475 0.6510000000000001 0.018499999999999996 0.0213333
1 0.4095 0.09700000000000002 0.017 0.0233333
1 0.606125 0.442167 0.01575 0.0256667
1 0.86525 0.16 0.019499999999999997 0.019333300000000005
1 0.508875 0.535 0.01625 0.0233333
1 0.5861249999999999 0.17933300000000002 0.01825 0.020666699999999996
1 0.8917500000000003 0.499333 0.0155 0.0306667
1 0.376875 0.9114999999999999 0.01475 0.0243333
1 0.747875 0.10833299999999997 0.01725 0.026000000000000002
1 0.392625 0.917333 0.01375 0.025333300000000003
1 0.594591578375706 0.38706245451104004 0.015683156751413244 0.02479090902208094
1 0.8326249999999998 0.9445000000000001 0.014250000000000002 0.0256667
1 0.5430000000000001 0.4716669999999999 0.015 0.024
1 0.368125 0.103 0.01375 0.0266667
1 0.6057500000000001 0.234333 0.018 0.02
1 0.4927500000000001 0.792 0.019 0.018666700000000005
1 0.27062499999999995 0.556667 0.01475 0.028000000000000008
1 0.12875000000000003 0.567833 0.020500000000000004 0.0176667
1 0.345375 0.12333299999999997 0.014250000000000002 0.029333299999999996
1 0.28012500000000007 0.5990000000000001 0.01275 0.025333300000000003
1 0.7074084216242926 0.22629090902208038 0.015816843248588966 0.015248518044161703
1 0.080875 0.8415 0.02125 0.0176667
1 0.2855 0.566 0.015 0.0266667
1 0.827625 0.14 0.01875 0.025333300000000003
1 0.14475 0.42083300000000007 0.015 0.031
1 0.538375 0.501 0.01725 0.024
1 0.8758749999999997 0.5825 0.01875 0.0263333
1 0.381375 0.597 0.01725 0.022666699999999998
1 0.03904417279661807 0.07392216029970868 0.02208559269303649 0.018414773028397172
1 0.1526272209322343 0.0660301147161099 0.02524067736347026 0.020519318517356857
1 0.32497372105467975 0.10470113807574397 0.018141736854994234 0.032620455078874996
1 0.23505380794731692 0.19809034414832966 0.012620338681735142 0.028937500473195595
1 0.2451106403343246 0.22308182182972586 0.023268749444449142 0.01999318214511694
2 0.5560836731639542 0.03735568242903428 0.020508050357819618 0.026306818611995974
1 0.6440316583522961 0.05261363722399194 0.018141736854994196 0.02735909135647581
1 0.4184431044162805 0.18572613940069155 0.01971927919021114 0.02735909135647581
1 0.7144294850613498 0.097861365236625 0.016169808935973144 0.025254545867516145
1 0.7104856292233077 0.12522045659310085 0.024846291779665998 0.014731818422717737
1 0.7150210634370563 0.14126761594641837 0.020508050357819524 0.014205682050477831
1 0.6905691572411945 0.1325863658044597 0.014197881016952097 0.02104545488959676
1 0.683075831148914 0.12574659296534071 0.014986652184560476 0.01999318214511694
1 0.6714414564266896 0.1428460250631381 0.020902435941623807 0.015257954794957644
1 0.7753620577591023 0.09786136523662499 0.012620338681735142 0.024202273123036286
1 0.8000111567468663 0.15257954794957662 0.020113664774015237 0.01683636391167743
1 0.7743760937995918 0.1678375027445343 0.024846291779665998 0.01367954567823789
1 0.7747704793833959 0.1791494347476925 0.022479978276840763 0.008944318328078623
1 0.8362946304568547 0.2012471623817692 0.012225953097930857 0.027885227728715715
1 0.8248574485265324 0.21729432173508673 0.013803495433147808 0.023150000378556454
1 0.8735994203907466 0.2180835262934466 0.023268749444449142 0.0215715912618367
1 0.8889804581591109 0.21597898080448694 0.02169120710923219 0.015257954794957675
1 0.9106716652683434 0.2580698905836804 0.013803495433147808 0.026832954984235897
1 0.9232920039500786 0.2770107999843176 0.024057520612057525 0.014205682050477862
1 0.8808955536911245 0.28911193654583567 0.014197881016951998 0.02578068223975609
1 0.8761629266854739 0.319890914321871 0.01656419451977752 0.029463636845435473
1 0.6842943401647195 0.32357386892755036 0.015381037768364756 0.029463636845435473
1 0.5596684956825849 0.2633312543060797 0.013014724265539335 0.03104204596215526
1 0.4585085934368018 0.3083159141325927 0.007887711676084475 0.028411364100955593
1 0.6040368738605602 0.39644375648277935 0.020508050357819618 0.01631022753943749
1 0.7087462463605813 0.23676136750796378 0.020902435941623807 0.01788863665615728
2 0.24869546285295527 0.31620795971619153 0.025240677363470285 0.015784091167197555
1 0.21300356751867308 0.2991085276183941 0.020902435941623807 0.033146591451114926
1 0.10356156801300122 0.29674091394331453 0.014986652184560476 0.028411364100955662
1 0.10967454456196668 0.3164710279023115 0.01459226660075626 0.028937500473195533
1 0.12209769045179972 0.33462273274458876 0.01735296568738581 0.025254545867516145
1 0.12130891928419127 0.35330057395910586 0.016564194519777375 0.02262386400631651
1 0.10553349593202235 0.3504068239117863 0.016564194519777375 0.029463636845435473
1 0.1201257625327786 0.3751352334070625 0.012620338681735142 0.02630681861199603
1 0.12643593187364616 0.3974960292272591 0.010254025178909785 0.03209431870663511
1 0.16035309208080936 0.42038296141969556 0.018930508022602714 0.023150000378556454
1 0.16071212540022084 0.45133238556780725 0.015381037768364662 0.03367272782335486
1 0.15164125697272376 0.46895795403784446 0.016958580103581575 0.00999659107255847
1 0.1461198587994646 0.45422613561512676 0.016169808935973144 0.022623864006316573
1 0.20586927474580435 0.46343352212932537 0.01340910984934357 0.02630681861199596
1 0.22598293951981974 0.4852681815772821 0.012620338681735142 0.033146591451114864
1 0.11772409676556056 0.5497198871766722 0.019324893606406927 0.01367954567823792
1 0.07907430955274669 0.5547181827129514 0.01616980893597313 0.026832954984235838
1 0.7094996652637972 0.4881619316246016 0.02208559269303657 0.01894090940063713
1 0.7351347282110716 0.4613289766403657 0.018930508022602665 0.018940909400637067
1 0.8254490269022386 0.48895113618296143 0.014986652184560476 0.028937500473195533
1 0.8433935709653307 0.4881619316246016 0.024057520612057525 0.01367954567823792
1 0.8532532105604365 0.5005261363722397 0.007493326092280193 0.022623864006316573
1 0.8648875852826611 0.5399863642902336 0.02366313502825352 0.017362500283917434
1 0.8842124788890682 0.5476153416877124 0.02208559269303657 0.024202273123036327
1 0.7814750343080678 0.5434062507097931 0.016169808935973144 0.025254545867516145
1 0.7700378523777454 0.5357772733123143 0.016169808935973144 0.028937500473195595
1 0.7576147064879123 0.5484045462460724 0.018930508022602665 0.01736250028391731
1 0.7396701624248202 0.5531397735962316 0.020113664774015338 0.015257954794957675
1 0.7213312327779238 0.5562965918296713 0.015775423352168853 0.015257954794957675
1 0.7296133300378125 0.570765342066269 0.01735296568738581 0.01788863665615731
1 0.7124575571423287 0.5744482966719483 0.013803495433147715 0.02630681861199596
1 0.8449711133005477 0.5836556831861469 0.020902435941623807 0.015257954794957675
1 0.8631482024199344 0.5941784106309455 0.02287436386064495 0.01315340930599792
1 0.7588332155037176 0.6294295475710201 0.021691207109232283 0.018414773028397186
1 0.7069715112334624 0.6160130700789022 0.014197881016952097 0.02630681861199584
1 0.7016473058521052 0.5983875016088648 0.02405752061205762 0.014205682050477796
1 0.6464333241195142 0.6994056850789289 0.024846291779665845 0.020519318517356853
1 0.6363764917325063 0.6823062529811318 0.021296821525428094 0.01683636391167743
1 0.47960822217032784 0.6323232976183397 0.023268749444449142 0.01999318214511694
1 0.7570584803765986 0.7454426176499221 0.023663135028253332 0.029463636845435473
1 0.7544949740818713 0.7641204588644392 0.024057520612057525 0.015257954794957552
1 0.3697718370808517 0.6120670472871026 0.01340910984934357 0.029989773217675472
1 0.35932061911003976 0.6233789792902609 0.016169808935973144 0.029463636845435473
1 0.27807718884636984 0.6265357975237005 0.017747351271190048 0.02735909135647572
1 0.21044006122394562 0.5673454556467095 0.015775423352168905 0.026832954984235897
1 0.25776633128045234 0.7301846628549644 0.01419788101695205 0.029463636845435473
1 0.1392534633472834 0.7362352311357238 0.0256350629472745 0.01736250028391731
1 0.1642615956544589 0.7920056865931551 0.01538103776836469 0.031042045962155228
1 0.24451906195861825 0.907399998485774 0.02602944853107876 0.017888636656157184
1 0.3383828309040233 0.9418619308674888 0.023663135028253332 0.022623864006316573
1 0.3600740380132556 0.920290339605652 0.014986652184560476 0.020519318517356812
1 0.3788073532439558 0.9255517033280506 0.01459226660075699 0.02051931851735584
1 0.37861016045205403 0.9429142036119686 0.016564194519777427 0.028937500473195595
1 0.4273167800518756 0.7535051096055976 0.013014724265539427 0.027885227728715715
1 0.41923187558388897 0.7632386324920362 0.013409109849343523 0.028411364100955724
1 0.5568724443315627 0.8458420429337035 0.02602944853107876 0.015784091167197555
1 0.663553744750605 0.8371607927917448 0.018536122438798475 0.014205682050477926
1 0.6479755141903384 0.8482096566087831 0.021296821525428 0.016310227539437554
1 0.6554688402826185 0.8689920433122599 0.01971927919021114 0.018940909400637067
1 0.6394962241385475 0.9473863627760079 0.022479978276840663 0.03367272782335486
1 0.7422336687195475 0.8266380653469463 0.018930508022602665 0.031042045962155228
1 0.7536708506498703 0.8466312474920633 0.012620338681735142 0.031042045962155228
1 0.7822638054756762 0.8974034074132154 0.02169120710923219 0.01788863665615731
1 0.8000111567468663 0.9621181811987256 0.020113664774015338 0.02630681861199596
1 0.7838413478108932 0.9105568167192136 0.020902435941623807 0.015784091167197555
1 0.762741719077367 0.9116090894636933 0.017352965687385716 0.017888636656157184
1 0.8252518341103366 0.9252886351419314 0.024057520612057525 0.01367954567823792
1 0.767868731666822 0.7695522689589152 0.011042796346518285 0.022097727634076567
1 0.8806630086348298 0.7464022685803587 0.021296821525428188 0.022097727634076567
