2 0.6032845541051779 0.6198923124219227 0.02756765245122442 0.039068675322718904
2 0.24891100986430964 0.6395118123802821 0.049177980271379956 0.030975675239437638
2 0.6439867835792863 0.15279931233864005 0.043973567158576046 0.03906867532271888
2 0.9272500000000001 0.739833 0.017 0.0276667
2 0.15404485900762802 0.5374710625676677 0.02454413112806221 0.05082837540600051
2 0.14532613765476016 0.8269999999999998 0.062152275309520305 0.0166667
2 0.6324999999999998 0.8775161250520516 0.013499999999999998 0.03636625010410302
2 0.033125 0.914833 0.01725 0.0236667
2 0.415375 0.48449999999999993 0.015250000000000001 0.0323333
2 0.6474661737743872 0.6991380625676669 0.022567652451224336 0.026276125135334234
2 0.47484117377438706 0.34663662501040987 0.0296808917896439 0.02242630008328198
2 0.7002272065564028 0.43403181254684625 0.014954413112806455 0.03672962509369316
2 0.5826249999999998 0.23216700000000004 0.01975 0.0223333
2 0.3072219279190211 0.09207023181387998 0.012556144161957772 0.020807163627760125
2 0.8723180163910069 0.5434534999583587 0.023636032782015953 0.02891275014574438
2 0.6591930163910071 0.4322600000832822 0.018386032782017073 0.035186000166565104
2 0.7446591901653938 0.45569781254684594 0.01768161966920681 0.04418887528107897
2 0.652625 0.403 0.023250000000000003 0.020666699999999996
2 0.8297158098346032 0.3197120624843842 0.01743161966921197 0.041369125218616964
2 0.3197025423352169 0.13916699999999996 0.02590508467043384 0.019666700000000023
2 0.9495352819847424 0.710578438223514 0.02811178357928725 0.02984982505205219
2 0.4956143311577671 0.06980188745315362 0.02518016391007819 0.03930907523943696
2 0.5525712918490517 0.10439087486466585 0.023272065564031812 0.0207867999583587
2 0.759375 0.6205000000000002 0.01575 0.025
2 0.4665569836089922 0.592623375072872 0.016886032782015267 0.04324605014574421
2 0.9631249999999993 0.581681687494795 0.015250000000000869 0.03554937515615441
2 0.7607521836386946 0.10672531242192256 0.050495632722603635 0.028609425135333946
2 0.474125 0.806833 0.01675 0.019
2 0.7560224295038138 0.37592312496876884 0.024544859007628525 0.020153050062461365
2 0.4643400819550388 0.816382375156154 0.028180163910077955 0.04943205031230995
2 0.9747731573833792 0.6576556251769751 0.02245368523323879 0.04531195035395014
2 0.11202060980489933 0.5018329999999999 0.051041219609799376 0.01766669999999997
2 0.4586249999999999 0.8953330000000003 0.01675 0.024
2 0.2106637711676078 0.06277294995268042 0.01574999999999996 0.0412253455835988
2 0.6333977934435964 0.744531812546846 0.011795586887194322 0.02160367490630698
2 0.6288749999999999 0.3365000000000001 0.01875 0.029000000000000005
2 0.7788863967217965 0.7763168749479473 0.017727206556406142 0.035125950187387484
2 0.33047192791902114 0.2090437954416401 0.0264438558380423 0.02191170911671966
2 0.39722684261662017 0.3289853125052049 0.028953685233240645 0.01803007498958944
2 0.9560790491730224 0.7841233750728712 0.026658098346048487 0.03357945014574641
2 0.621375 0.7418330000000001 0.01275 0.03300000000000001
2 0.816875 0.791167 0.01675 0.0196667
2 0.7896488852629446 0.11816699999999997 0.036702229474106736 0.015666700000000037
2 0.6047386032782017 0.23903181254684633 0.015977206556403202 0.03739632509369276
2 0.7612727934435959 0.7925754374739736 0.017499999999999995 0.034849825052051794
2 0.9173750000000002 0.5091670000000001 0.02375 0.017
2 0.42197684261662005 0.3998951875364357 0.03095368523324082 0.023789675072872628
2 0.679375 0.4620000000000001 0.014250000000000002 0.028000000000000008
2 0.6627147180152556 0.9127556874115118 0.03542943603051271 0.034489325176974096
2 0.7623408098346044 0.6756380625676671 0.015181619669209554 0.04060942513533392
2 0.795011032782015 0.08572962509369271 0.019522065564032187 0.03279255018738541
2 0.5753860327820153 0.3913021874531532 0.024272065564031445 0.02472962509369205
2 0.8612044131128057 0.12734868749479483 0.022317652451223885 0.02633617511451331
2 0.3163750000000001 0.7425 0.01775 0.0236667
2 0.371 0.8145 0.018499999999999996 0.018333300000000004
2 0.5895099409626666 0.6836831250520512 0.04301988192533402 0.024032950104103615
2 0.42338603278201525 0.12595493751561543 0.02558971801525643 0.038822625176975094
2 0.3521930163910069 0.3794853125052047 0.023249272120435715 0.028243175031231568
2 0.3298749999999999 0.6057120624843846 0.020022065564030987 0.035669575114513324
2 0.952942652451221 0.6119996880777723 0.02379413112806858 0.13049662667605794
2 0.316 0.1545 0.017500000000000005 0.027000000000000003
2 0.698 0.548833 0.0225 0.017
2 0.7673974295038134 0.4536978125468461 0.01929485900762884 0.02939632509369309
2 0.355 0.828833 0.0165 0.0276667
2 0.9582382393384182 0.30516699999999997 0.025476478676837847 0.018333300000000257
2 0.557625 0.6835 0.01475 0.0323333
2 0.536375 0.633 0.02375 0.018000000000000002
2 0.433102206556403 0.8316669999999996 0.019567652451224878 0.040306200124923766
2 0.9798180163910071 0.560409875031231 0.019227206556404076 0.037732500208205906
2 0.6746249999999995 0.388379500041641 0.016750000000000754 0.03542630008328269
2 0.47674999999999995 0.7855 0.019 0.025
2 0.17471281362527077 0.04971988717667238 0.03470593137477162 0.055244319085191534
2 0.19482647839928613 0.16047159353317542 0.06467923574389257 0.05892727369087099
2 0.29164813922322286 0.17783409381709275 0.03431154579096738 0.024202273123036296
2 0.06346847200161361 0.2703130839657034 0.021951501594543055 0.037560875614207824
2 0.14841123904136722 0.23943677096080374 0.020042675368930608 0.03819750062461813
2 0.2901415862930908 0.23848183344518825 0.02958680649699278 0.02610162542682242
2 0.36744904843039455 0.23084233332026463 0.03435887206102391 0.027374875447643013
2 0.3951270287017749 0.23752689592957282 0.02290591470734924 0.045837000749541786
2 0.27725700927020686 0.26872152143967765 0.03340445894821768 0.04074400066625932
2 0.25148785522443895 0.26267358384077977 0.03340445894821768 0.024828375406001798
2 0.26842868797674924 0.2359353334035471 0.010975750797271528 0.04392712571831088
2 0.4142152909578993 0.1044722687538196 0.020042675368930583 0.04838350079118299
2 0.5475945234725687 0.0599085180250984 0.030064013053395833 0.05347650087446542
2 0.5888728906014375 0.07773401831658687 0.02672356715857409 0.01527900024984727
2 0.5762269168567551 0.10797370631107625 0.025291947489364797 0.03756087561420785
2 0.6580678412798885 0.11529489393079473 0.061082439219598036 0.021645250353950304
2 0.5561842414878245 0.2521692711690098 0.020519881925333775 0.02037200033312967
2 0.5798059660297785 0.2645834588720107 0.023860327820155614 0.05538637590569634
2 0.7640213578586621 0.04265387569749027 0.02815518682778346 0.01909875031230908
2 0.7566246562344139 0.06302587603061995 0.05249272120434217 0.028011500458053312
2 0.7883588922352207 0.09358387653031448 0.03483607861742705 0.022918500374770893
2 0.8883336658016723 0.17602681537844866 0.03435887206102386 0.02100862534353999
2 0.8248651938000586 0.12987150212370172 0.01717943603051193 0.030558000499694513
2 0.824626590521857 0.18812269057624442 0.05296992776074517 0.10758962675934113
2 0.7389680136474989 0.26674587936191674 0.010498544240868433 0.01909875031230905
2 0.9591988394275336 0.34505075564238397 0.0396081441814583 0.02037200033312971
2 0.9229311411408974 0.3355013804862294 0.02910959994058983 0.03565100058297692
2 0.8554064134098576 0.3590565058714106 0.006680891789643685 0.017825500291488428
2 0.9429738165098283 0.4214457568916202 0.04151697040707064 0.026738250437232734
2 0.7802463807763678 0.32913513038212644 0.02242870815094624 0.0369242506037976
2 0.7504209710011736 0.40171038156890104 0.0448574163018923 0.03183125052051517
2 0.8713928330493617 0.4450008822768015 0.03388166550462077 0.05984275097856846
2 0.8957303674259205 0.4383163196674933 0.017656642586915024 0.01718887528107821
2 0.8873792526888661 0.49051957052113815 0.027677980271380364 0.03628762559338726
2 0.9317594624343554 0.49465763308880506 0.01717943603051193 0.019098750312309114
2 0.8255810036346631 0.517576133463576 0.02815518682778346 0.016552250270667864
2 0.7370591874218863 0.5016605082033184 0.026723567158574185 0.028011500458053357
2 0.6518778171039312 0.3240421302988441 0.029109599940589738 0.02928475047887392
2 0.6451969253142876 0.31099131758543286 0.02720077371497727 0.024828375406001767
2 0.6697730629690478 0.4997506331720875 0.045811829414698566 0.016552250270667864
2 0.5874549319895115 0.4300401945321593 0.03769931795584561 0.015915625260257586
2 0.599385095899589 0.45709675747459727 0.030064013053395833 0.030558000499694607
2 0.5406886894620067 0.3721073185848218 0.03006401305339602 0.038834125635028444
2 0.409695489729353 0.35109869324128185 0.020997088481736866 0.04647362575995213
2 0.4173307946318027 0.37178900607961674 0.030541219609799018 0.016552250270667864
2 0.5647876205603636 0.5045253207501648 0.01813384914331812 0.03756087561420788
2 0.5671736533423792 0.5277621336301409 0.00572647867683731 0.02037200033312967
2 0.4972628928293236 0.49815907064606163 0.03388166550462077 0.04774687578077269
2 0.42568190936885714 0.5057985707709853 0.025291947489364797 0.02864812546846364
2 0.32594573908060726 0.48383500791183 0.02338312126375238 0.03819750062461816
2 0.34384098494572385 0.3574649433453849 0.02958680649699278 0.02610162542682239
2 0.2870534047337538 0.44786569482364785 0.03435887206102391 0.046473625759952
2 0.20973228153916681 0.3055800049969452 0.02720077371497727 0.03565100058297692
2 0.241227914261772 0.370515756058796 0.02338312126375238 0.03947075064543872
2 0.22118523889284142 0.3889778813606948 0.010021337684465342 0.02928475047887392
2 0.219276412667229 0.3348647554758192 0.013838990135690182 0.05602300091610658
2 0.169408327523104 0.3307266929081522 0.040085350737861215 0.02992137548928426
2 0.07921628836291623 0.34345919311635825 0.017179436030511953 0.050293375822413874
2 0.019088262256124394 0.42017250687079966 0.019088262256124394 0.04711025077036242
2 0.009782734406263753 0.4742856327556754 0.017656642586915065 0.06748225110349215
2 0.15747816361302625 0.4720574452192393 0.0811251145885287 0.038834125635028444
2 0.13958291774790962 0.4975224456356515 0.031972839279008375 0.03119462551010483
2 0.11572258992775415 0.5121648208750884 0.03197283927900836 0.018462125301898766
2 0.02529194748936482 0.4978407581408566 0.014316196692093292 0.04838350079118304
2 0.015270609804899516 0.5112098833594729 0.019088262256124394 0.04711025077036242
2 0.22643451101327564 0.5681878217911951 0.025291947489364797 0.05411312588487575
2 0.34525894355764997 0.5659596342547591 0.028155186827783504 0.028011500458053357
2 0.1799068717639724 0.6598618232902786 0.025769154045767944 0.02228187536436058
2 0.16439765868087136 0.6639998858579456 0.01479340324849639 0.030558000499694482
2 0.2502948388334311 0.6754591360453314 0.01670222947410884 0.06366250104103034
2 0.23645584869774094 0.7359385120343098 0.013838990135690182 0.0381975006246181
2 0.352178438625495 0.7391216370863612 0.03531328517383009 0.026738250437232797
2 0.0963957243934282 0.755673887357029 0.0486750687531172 0.026738250437232797
2 0.5449698874123515 0.5417678838591675 0.018133849143318212 0.05856950095774784
2 0.48412605147095505 0.5519538840257323 0.029109599940589738 0.017825500291488428
2 0.5356643595624907 0.6047937598897875 0.017656642586915024 0.015279000249847241
2 0.6504325363774386 0.6000190723117103 0.03340445894821768 0.027374875447643075
2 0.5626265299992665 0.6585885732694581 0.02863239338418655 0.0082761251353339
2 0.4311561237102099 0.6974226989044865 0.011930163910077713 0.018462125301898766
2 0.7365683198081995 0.5271255086197303 0.04724344908390893 0.030558000499695006
2 0.7642463000795804 0.5748723844005033 0.029109599940589738 0.0381975006246181
2 0.7382385427556108 0.5331734462186285 0.034358872061023955 0.02482837540600183
2 0.7177186608302774 0.5831485095358372 0.020997088481736773 0.07639500124923632
2 0.7742676377640457 0.6589068857746632 0.01670222947410884 0.05856950095774784
2 0.70125503463437 0.6471293230820727 0.03292725239181457 0.0515666258432345
2 0.7117535788752383 0.6808704486338187 0.015747816361302645 0.013369125218616398
2 0.7272627919583395 0.6853268237066907 0.020997088481736773 0.02355512538518114
2 0.6878932510550828 0.7219327618052829 0.01670222947410884 0.040744000666259224
2 0.839658597048555 0.565641321749554 0.012407370466480806 0.03119462551010483
2 0.8520659675150359 0.5382664463019108 0.020997088481736773 0.02228187536436058
2 0.8969233838169282 0.5277621336301409 0.02290591470734924 0.02928475047887392
2 0.9241241575319044 0.5369931962810903 0.01431619669209522 0.03374112555174609
2 0.9453598492918438 0.6560420732278167 0.01861105569972121 0.03246787553092545
2 0.9327138755471615 0.6012923223325308 0.02290591470734924 0.05411312588487575
2 0.8976391936515329 0.6506307606393293 0.008112511458852965 0.04711025077036228
2 0.9277032067049287 0.5599116966558612 0.0128845770228839 0.012095875197795774
2 0.9603918558185417 0.5497256964892965 0.015270609804899552 0.04774687578077269
2 0.9718448131722164 0.7300709955860317 0.03340445894821768 0.020372000333129733
2 0.9078991346141996 0.7733614962939321 0.020997088481736866 0.026738250437232672
2 0.8773579150044007 0.803919496793627 0.049629481865923614 0.031831250520515046
2 0.870199816658354 0.8573959976680922 0.013361783579287185 0.03692425060379753
2 0.8577924461918731 0.8367056848297574 0.01813384914331812 0.035014375572566696
2 0.8265354167474693 0.8398888098818088 0.02815518682778346 0.026101625426822515
2 0.8341707216499192 0.7580824960440851 0.013838990135690088 0.03310450054133573
2 0.7707022496483056 0.743758433309853 0.026246360602171084 0.021008625343539894
2 0.7446944923243362 0.7399386832473912 0.018133849143318212 0.04902012580159325
2 0.7513753841139795 0.768586808715855 0.02576915404576799 0.010822625176975152
2 0.7998118495888953 0.827474622178808 0.019565468812527586 0.024191750395591547
2 0.7909835282954377 0.8335225597777057 0.03626769828663633 0.015915625260257523
2 0.7816780004455771 0.8634439352669899 0.07301260312967577 0.05411312588487575
2 0.7062793645338858 0.8726749979179393 0.010975750797271528 0.019098750312309176
2 0.727037849737421 0.7217948704506979 0.008589718015255965 0.015279000249847241
2 0.7294238825194366 0.7214765579454927 0.02863239338418655 0.05538637590569631
2 0.6327895548478069 0.7867306215125486 0.014793403248496467 0.04201725068707991
2 0.6972124399622267 0.8564410601524767 0.029109599940589644 0.037560875614207824
2 0.6690572531344432 0.8634439352669903 0.025291947489364898 0.009549375156154463
2 0.6213365974941322 0.8742665604439652 0.017656642586915024 0.023555125385181272
2 0.6163259286518997 0.8790412480220426 0.019088262256124398 0.05602300091610658
2 0.4884345715358661 0.7450316833306738 0.0448574163018923 0.02610162542682239
2 0.48437831580643975 0.8828609980845044 0.036744904843039425 0.026738250437232797
2 0.4593249715952765 0.8691735603606828 0.031495632722605214 0.021008625343539894
2 0.35290790951738304 0.7908686840802157 0.05440154742995454 0.04138062567666976
2 0.38655097174380226 0.8682186228450672 0.029109599940589644 0.015279000249847241
2 0.4125587290677718 0.8787229355168374 0.032450045835411404 0.027374875447643075
2 0.3853579553527945 0.8943202482718898 0.02290591470734933 0.03183125052051517
2 0.35171489312637527 0.8825426855792992 0.027200773714977228 0.033741125551746014
2 0.35958880130702653 0.907371060985301 0.02863239338418655 0.02610162542682239
2 0.4249660995342526 0.9532080617348427 0.02576915404576799 0.02228187536436058
2 0.4158991749625935 0.9000498733655824 0.01145295735367462 0.014005750229026679
2 0.2333540060811207 0.837978934850578 0.026723567158574185 0.04774687578077269
2 0.1884965897792284 0.8141054969601916 0.05440154742995452 0.02928475047887392
2 0.18825798650102685 0.8443451849546811 0.029109599940589717 0.04138062567666964
2 0.2049602159751357 0.8405254348922193 0.01670222947410884 0.033741125551746014
2 0.17537340947814287 0.8596241852045283 0.03674490484303945 0.023555125385181272
2 0.14769542920676249 0.949388311672381 0.03292725239181457 0.08467112638457025
2 0.18324731765879418 0.9493883116723809 0.021951501594543055 0.05029337582241381
2 0.2467157896604078 0.9312444988756873 0.030541219609799018 0.02291850037477086
2 0.23096797329910515 0.9487516866619707 0.027677980271380364 0.017188875281078084
2 0.3256934747451224 0.9894956873282301 0.030064013053395927 0.015915625260257648
2 0.536141566118894 0.968168749479485 0.013838990135690182 0.043290500707900484
2 0.5313868807935012 0.1739574793259445 0.019982194209972087 0.03998634687511999
2 0.404743857852494 0.20116409478333616 0.041516970407070544 0.017188875281078177
