1 0.095375 0.529833 0.01725 0.019
1 0.929375 0.1155 0.01825 0.0196667
1 0.788625 0.508333 0.02025 0.0213333
1 0.417 0.7064999999999999 0.018499999999999996 0.0223333
1 0.8499825079920942 0.365833 0.01975 0.0236667
1 0.071625 0.10816699999999999 0.01375 0.031
1 0.8998847264423907 0.870333 0.02126945288478102 0.016666700000000007
1 0.6608750000000001 0.7088330000000002 0.01325 0.0223333
1 0.7091249999999999 0.21600000000000005 0.01825 0.024
1 0.8113749999999998 0.407333 0.01875 0.018666700000000005
1 0.26925 0.542833 0.020500000000000004 0.021666699999999997
1 0.95225 0.8489999999999999 0.0155 0.025333300000000003
1 0.796 0.0826667 0.016 0.024
1 0.077125 0.891333 0.01975 0.018000000000000002
1 0.8892482927386364 0.10549288275933932 0.011762799512845257 0.031884581377585756
1 0.6517214157406133 0.26696288345021685 0.014664676510869 0.025840817240660643
1 0.56275 0.9185 0.013000000000000001 0.029666699999999997
1 0.4813750000000001 0.828333 0.01725 0.0266667
1 0.5446250000000018 0.3913040006908771 0.017250000000000064 0.015332360692959133
1 0.585026876998024 0.38873929379252914 0.02155375399604606 0.020145287585056786
1 0.79625 0.39050000000000007 0.024 0.0143333
1 0.845125 0.410167 0.01375 0.021666699999999997
1 0.842375 0.38616700000000004 0.01775 0.0236667
1 0.972875 0.17566699999999996 0.02075 0.020666699999999996
1 0.6593434305069178 0.30076070620747136 0.01725 0.021
1 0.495625 0.3245 0.01275 0.0276667
1 0.281375 0.5145 0.015250000000000001 0.021
1 0.6191249999999999 0.301667 0.02025 0.019333300000000005
1 0.6285 0.140167 0.016 0.019
1 0.6517500000000002 0.6153330000000001 0.018499999999999996 0.0213333
1 0.31799999999999995 0.988 0.012 0.024
1 0.34362500000000007 0.899167 0.01725 0.0203333
1 0.337375 0.241167 0.01475 0.031
1 0.701125 0.359167 0.023250000000000003 0.015666699999999995
1 0.95725 0.190167 0.017500000000000005 0.021666699999999997
1 0.526375 0.447833 0.01975 0.021666699999999997
1 0.306875 0.0791667 0.01775 0.0203333
1 0.877125 0.1925 0.02025 0.017
1 0.709 0.172 0.022 0.016
1 0.163 0.835 0.02 0.016
1 0.43662500000000004 0.221167 0.019250000000000003 0.0203333
1 0.685875 0.169167 0.02075 0.019
1 0.6305 0.9235 0.018 0.0243333
1 0.098375 0.503833 0.01625 0.027000000000000003
1 0.1215 0.236 0.0245 0.0146667
1 0.8606250000000002 0.748167 0.01375 0.027000000000000003
1 0.5975 0.556167 0.015 0.027000000000000003
1 0.08200000000000003 0.117167 0.018499999999999996 0.027000000000000003
1 0.73025 0.23683300000000002 0.017 0.0196667
1 0.1235 0.20300000000000004 0.018 0.018000000000000002
1 0.29687499999999994 0.12 0.01475 0.0306667
1 0.485 0.779 0.0125 0.024
1 0.3885 0.365 0.0165 0.019333300000000005
1 0.0535 0.24083299999999996 0.018499999999999996 0.0203333
1 0.7858750000000001 0.7496670000000001 0.01375 0.025333300000000003
1 0.16175 0.857333 0.019 0.024666699999999996
1 0.006749999999999999 0.30016699999999996 0.013499999999999998 0.0243333
1 0.41275 0.8225 0.019499999999999997 0.017
1 0.65075 0.9280000000000002 0.018499999999999996 0.018000000000000002
1 0.046375 0.22666700000000004 0.02025 0.016
1 0.817375 0.393333 0.02075 0.0153333
1 0.3833750000000001 0.8535 0.01625 0.029000000000000005
1 0.08475000000000002 0.907 0.0155 0.0213333
1 0.39525 0.8661670000000001 0.015 0.0256667
1 0.555 0.446667 0.022 0.018000000000000002
1 0.18512500000000004 0.100833 0.02375 0.0176667
1 0.9378796924950592 0.11050664758714096 0.01174061500988323 0.019013995174281793
1 0.874375 0.780167 0.02175 0.019
1 0.222125 0.6221669999999999 0.02125 0.0196667
1 0.810125 0.2035 0.01875 0.0203333
1 0.867375 0.5825 0.02025 0.017
1 0.338 0.6845 0.023 0.0143333
1 0.9542500000000002 0.17816700000000002 0.020500000000000004 0.0203333
1 0.45662499999999995 0.3660000000000001 0.02125 0.018000000000000002
1 0.1445 0.864167 0.0115 0.030333300000000004
1 0.41925000000000007 0.772833 0.018499999999999996 0.021
1 0.07775000000000001 0.694 0.0225 0.020666699999999996
1 0.44525 0.795667 0.015 0.025333300000000003
1 0.485 0.8665 0.017500000000000005 0.029000000000000005
1 0.4275 0.1845 0.022 0.0176667
1 0.445375 0.823167 0.023250000000000003 0.0176667
1 0.185375 0.633333 0.01975 0.0266667
1 0.502625 0.548 0.02025 0.021999999999999992
1 0.797 0.4933330000000001 0.0215 0.016
1 0.406875 0.6355000000000001 0.014250000000000002 0.031
1 0.879375 0.9179999999999999 0.02075 0.021999999999999992
1 0.414375 0.506833 0.019250000000000003 0.0196667
1 0.2951250000000001 0.815167 0.01975 0.0196667
1 0.8660000000000001 0.541 0.020500000000000004 0.0166667
1 0.11775000000000001 0.912 0.020500000000000004 0.019333300000000005
1 0.477625 0.316667 0.023250000000000003 0.0153333
1 0.799 0.6693330000000001 0.0215 0.019333300000000005
1 0.40175 0.38183299999999987 0.0155 0.025
1 0.8155 0.872833 0.014500000000000002 0.0263333
1 0.775375 0.510667 0.01825 0.018000000000000002
1 0.59875 0.7113329999999999 0.017500000000000005 0.022666699999999998
1 0.7241250000000001 0.22 0.01625 0.026000000000000002
1 0.351125 0.9545 0.02575 0.018333300000000004
1 0.17337499999999997 0.107167 0.01575 0.021
1 0.090375 0.207333 0.02075 0.018666700000000005
1 0.77825 0.889667 0.0215 0.019333300000000005
1 0.455 0.422333 0.023 0.019333300000000005
1 0.746 0.442833 0.012 0.0276667
1 0.6622499999999999 0.34183300000000005 0.0165 0.0263333
1 0.393125 0.392333 0.014250000000000002 0.025333300000000003
1 0.8277500000000001 0.24033300000000005 0.014000000000000002 0.028000000000000008
1 0.6786249999999999 0.142333 0.022250000000000002 0.019333300000000005
1 0.8697499999999999 0.0246667 0.018 0.022666699999999998
1 0.877625 0.0786667 0.01475 0.0326667
1 0.6466249999999999 0.298333 0.014250000000000002 0.0273333
1 0.825375 0.20466699999999996 0.02025 0.0166667
1 0.284875 0.338333 0.02075 0.0166667
1 0.7765 0.877167 0.018 0.0223333
1 0.25600000000000006 0.18666699999999994 0.021 0.020666699999999996
1 0.35675000000000007 0.473333 0.0165 0.024
1 0.07100000000000001 0.9036669999999998 0.0155 0.025333300000000003
1 0.5318749999999999 0.390833 0.01125 0.030333300000000004
1 0.767 0.39100000000000007 0.0215 0.016
1 0.317 0.352 0.0165 0.024
1 0.9636249999999998 0.156667 0.01625 0.0273333
1 0.92375 0.10349999999999998 0.017500000000000005 0.0243333
1 0.38411390774851784 0.20118888206846272 0.017227815497035198 0.027043764136924983
1 0.5771250000000001 0.948333 0.01975 0.018000000000000002
1 0.4561249999999999 0.649333 0.01875 0.026000000000000002
1 0.595375 0.6564999999999999 0.014250000000000002 0.029666699999999997
1 0.43662500000000004 0.6706670000000001 0.02025 0.024666699999999996
1 0.8072500000000001 0.328833 0.019 0.0196667
1 0.4929999999999999 0.08783329999999999 0.023 0.0203333
1 0.72125 0.4075 0.0215 0.019
1 0.514375 0.5053329999999999 0.01875 0.018666700000000005
1 0.462 0.6353330000000001 0.018499999999999996 0.019333300000000005
1 0.9152499999999999 0.663167 0.018499999999999996 0.0236667
1 0.36925 0.390333 0.018499999999999996 0.0213333
1 0.25712499999999994 0.925167 0.015250000000000001 0.0263333
1 0.5694719279190213 0.9038410702753094 0.014687885370654165 0.02405822896472649
1 0.461 0.383167 0.014500000000000002 0.0263333
1 0.5851250000000001 0.577833 0.01325 0.029666699999999997
1 0.6458749999999999 0.27983300000000005 0.01675 0.0256667
1 0.199875 0.508167 0.02175 0.018333300000000004
1 0.097375 0.8708329999999997 0.02075 0.019
1 0.267875 0.9225 0.014250000000000002 0.0276667
1 0.616 0.9515 0.014000000000000002 0.028333299999999995
1 0.12275 0.18333300000000002 0.014500000000000002 0.028000000000000008
1 0.4568749999999999 0.6125 0.014250000000000002 0.027000000000000003
1 0.9126249999999999 0.20233300000000004 0.01875 0.020666699999999996
1 0.49524999999999997 0.6836670000000001 0.022 0.019333300000000005
1 0.0165 0.7965000000000001 0.013499999999999998 0.0263333
1 0.53825 0.725833 0.0155 0.028333299999999995
1 0.274125 0.476167 0.02175 0.019
1 0.8425 0.821 0.023 0.018666700000000005
1 0.6622499999999999 0.9183329999999998 0.016 0.024
1 0.85875 0.950167 0.021 0.019
1 0.9498749999999998 0.425667 0.02125 0.018000000000000002
1 0.365375 0.091 0.02025 0.026000000000000002
1 0.06012500000000001 0.0683333 0.02175 0.021999999999999992
1 0.872625 0.117833 0.01375 0.0276667
1 0.05600000000000001 0.495 0.013000000000000001 0.028000000000000008
1 0.053875 0.5915 0.01575 0.0236667
1 0.8912500000000001 0.904 0.02 0.020666699999999996
1 0.433625 0.330167 0.01375 0.0323333
1 0.69675 0.119833 0.021 0.0176667
1 0.5115 0.664833 0.0155 0.0276667
1 0.619875 0.176333 0.01775 0.0233333
1 0.128375 0.16683300000000004 0.015250000000000001 0.0343333
1 0.7767500000000002 0.9405 0.013000000000000001 0.029000000000000005
1 0.47325 0.41566699999999995 0.0155 0.0286667
1 0.24487500000000004 0.562 0.01975 0.0213333
1 0.66475 0.284833 0.020500000000000004 0.0196667
1 0.423875 0.3073330000000001 0.01725 0.026000000000000002
1 0.36875 0.4109999999999999 0.021 0.021999999999999992
1 0.524375 0.407667 0.01825 0.0266667
1 0.188 0.565 0.018499999999999996 0.022666699999999998
1 0.30199999999999994 0.331667 0.015 0.034
1 0.140125 0.43316700000000014 0.01625 0.025
1 0.62825 0.2675 0.017 0.023
1 0.2925 0.0721667 0.017 0.0256667
1 0.8548750000000002 0.866667 0.01625 0.0273333
1 0.356875 0.403667 0.01875 0.0266667
1 0.90575 0.806667 0.015 0.034
1 0.381625 0.103333 0.01475 0.035333300000000005
1 0.528875 0.868 0.014250000000000002 0.0306667
1 0.7835 0.4045000000000001 0.018 0.023
1 0.28225000000000006 0.102833 0.016 0.0263333
1 0.022875 0.009166670000000002 0.02075 0.018333300000000004
1 0.086375 0.924 0.01975 0.019333300000000005
1 0.0225 0.29 0.0215 0.016
1 0.793125 0.412167 0.01775 0.027000000000000003
1 0.11012499999999999 0.22566699999999998 0.015250000000000001 0.025333300000000003
1 0.53475 0.609667 0.0165 0.028000000000000008
1 0.294125 0.231167 0.01825 0.028333299999999995
1 0.37225 0.843167 0.014000000000000002 0.031
1 0.6555 0.890667 0.017 0.0233333
1 0.381875 0.379333 0.02175 0.0173333
1 0.44599999999999995 0.18600000000000003 0.019499999999999997 0.025333300000000003
1 0.4821139077485178 0.5449852351721988 0.009468430506917593 0.026347295174280982
1 0.150125 0.113167 0.019250000000000003 0.0203333
1 0.345125 0.779333 0.024250000000000004 0.018000000000000002
1 0.089375 0.224833 0.02125 0.0203333
1 0.758 0.108333 0.0225 0.0166667
1 0.08175 0.542167 0.022 0.0176667
1 0.821875 0.5905000000000001 0.015250000000000001 0.027000000000000003
1 0.92775 0.18316700000000005 0.017 0.023
1 0.333875 0.267 0.01475 0.0266667
1 0.353375 0.238833 0.02375 0.017
1 0.41 0.441667 0.013000000000000001 0.028000000000000008
1 0.32000000000000006 0.9243330000000001 0.014000000000000002 0.0286667
1 0.436375 0.31 0.01375 0.034
1 0.24412499999999998 0.166167 0.02075 0.021666699999999997
1 0.22962499999999994 0.1405 0.022250000000000002 0.017
1 0.08987499999999998 0.273833 0.01475 0.03300000000000001
1 0.9649999999999999 0.20183300000000004 0.014500000000000002 0.028333299999999995
1 0.893625 0.8565 0.025250000000000005 0.0176667
1 0.8539999999999999 0.599 0.022 0.0166667
1 0.8271250000000001 0.767833 0.022250000000000002 0.019
1 0.944 0.283 0.019 0.022666699999999998
1 0.80425 0.442333 0.016 0.024666699999999996
1 0.9741250000000001 0.433167 0.023250000000000003 0.0163333
1 0.16050000000000003 0.501 0.019499999999999997 0.0213333
1 0.675375 0.828 0.01475 0.0266667
1 0.2505 0.5285 0.018499999999999996 0.029000000000000005
1 0.07487499999999998 0.774333 0.01825 0.024
1 0.643875 0.8058330000000001 0.02125 0.019
1 0.418625 0.409667 0.01625 0.0286667
1 0.797625 0.598 0.01475 0.03
1 0.378875 0.5165 0.01825 0.021666699999999997
1 0.9885000000000003 0.19166699999999998 0.014000000000000002 0.0266667
1 0.39525 0.1895 0.014500000000000002 0.030333300000000004
1 0.289625 0.279667 0.015250000000000001 0.029333299999999996
1 0.5184999999999998 0.524667 0.0165 0.026000000000000002
1 0.013125 0.389667 0.023250000000000003 0.0233333
1 0.71725 0.382 0.013499999999999998 0.0306667
1 0.601 0.0733333 0.0215 0.020666699999999996
1 0.518 0.816667 0.013499999999999998 0.0306667
1 0.971625 0.27 0.01375 0.0266667
1 0.290875 0.2 0.023250000000000003 0.018666700000000005
1 0.653875 0.109833 0.022250000000000002 0.019
1 0.7617499999999999 0.4925 0.02 0.018333300000000004
1 0.9519999999999998 0.578167 0.016 0.031
1 0.76925 0.640167 0.019499999999999997 0.0203333
1 0.5105 0.8740000000000001 0.015 0.03
1 0.70575 0.200667 0.021 0.019333300000000005
1 0.29825 0.622667 0.019499999999999997 0.0213333
1 0.8741249999999999 0.559 0.01375 0.0273333
1 0.521 0.0853333 0.0215 0.020666699999999996
1 0.28837499999999994 0.9031670000000002 0.01975 0.023
1 0.397 0.9243330000000002 0.019 0.021999999999999992
1 0.731875 0.387333 0.01975 0.0266667
1 0.8997499999999999 0.509167 0.0165 0.025
1 0.518375 0.753333 0.01725 0.026000000000000002
1 0.85925 0.39183299999999993 0.0225 0.017
1 0.129125 0.21883299999999997 0.022250000000000002 0.019
1 0.09775 0.8535 0.0225 0.0163333
1 0.526 0.364667 0.017 0.0333333
1 0.5827499999999999 0.179667 0.019 0.026000000000000002
1 0.81 0.497333 0.017500000000000005 0.024666699999999996
1 0.024624999999999994 0.518167 0.01225 0.0316667
1 0.42325 0.222167 0.019 0.0256667
1 0.57725 0.778333 0.0225 0.018000000000000002
1 0.3295 0.706167 0.0225 0.018333300000000004
1 0.17275 0.03149999999999999 0.0125 0.029666699999999997
1 0.7461249999999999 0.500667 0.01475 0.029333299999999996
1 0.835 0.621 0.02 0.020666699999999996
1 0.7509999999999999 0.8788329999999999 0.018499999999999996 0.021
1 0.21475000000000002 0.262 0.014500000000000002 0.034
1 0.407 0.8370000000000001 0.021 0.0213333
1 0.592375 0.18099999999999997 0.01375 0.0266667
1 0.5145000000000001 0.198167 0.0165 0.0276667
1 0.036125 0.699 0.01225 0.0333333
1 0.6438750000000002 0.7325000000000002 0.01675 0.0263333
1 0.109 0.5815 0.015 0.028333299999999995
1 0.850125 0.12166700000000001 0.022250000000000002 0.018000000000000002
1 0.409875 0.663167 0.01375 0.0343333
1 0.50625 0.8403329999999998 0.02 0.019333300000000005
1 0.7175 0.873167 0.0165 0.027000000000000003
1 0.6321250000000002 0.289167 0.01575 0.0263333
1 0.9092499999999998 0.0931667 0.0165 0.0323333
1 0.5600000000000002 0.9391669999999999 0.02 0.021666699999999997
1 0.0255 0.345 0.014500000000000002 0.029333299999999996
1 0.321625 0.860333 0.01675 0.0266667
1 0.333375 0.0541667 0.01625 0.0243333
1 0.52525 0.7013329999999999 0.016 0.0313333
1 0.622125 0.16299999999999998 0.02025 0.022666699999999998
1 0.28274999999999995 0.301333 0.018499999999999996 0.024
1 0.536125 0.769833 0.02175 0.0203333
1 0.6573750000000002 0.8575 0.01725 0.0243333
1 0.61675 0.433167 0.014500000000000002 0.0323333
1 0.61525 0.19 0.019 0.0233333
1 0.9845 0.262333 0.017 0.024
1 0.36575 0.931833 0.013499999999999998 0.031
1 0.170625 0.13216700000000003 0.01625 0.0256667
1 0.6126249999999999 0.0995 0.01975 0.0263333
1 0.7805 0.140167 0.0155 0.0276667
1 0.565125 0.0436667 0.02075 0.026000000000000002
1 0.69025 0.095 0.0165 0.0213333
1 0.38012499999999994 0.885667 0.02375 0.024666699999999996
1 0.393 0.9468330000000001 0.019 0.0256667
1 0.3091249999999999 0.654 0.02175 0.02
1 0.57775 0.7588329999999999 0.018 0.021
1 0.662625 0.153 0.01725 0.0286667
1 0.18875 0.074 0.018499999999999996 0.019333300000000005
1 0.09512499999999999 0.096 0.01975 0.020666699999999996
1 0.061375 0.0986667 0.01825 0.025333300000000003
1 0.289125 0.928167 0.02375 0.021
1 0.31625 0.881333 0.021 0.0213333
1 0.9377499999999998 0.202667 0.018499999999999996 0.0266667
1 0.92475 0.845167 0.0155 0.031
1 0.5938750000000002 0.9533329999999998 0.019250000000000003 0.025333300000000003
1 0.28637499999999994 0.952167 0.01825 0.0223333
1 0.358125 0.22 0.02175 0.02
1 0.836 0.8755 0.019499999999999997 0.028333299999999995
1 0.311875 0.9084999999999998 0.01375 0.030333300000000004
1 0.796875 0.8533329999999999 0.01275 0.028000000000000008
1 0.213375 0.954 0.022250000000000002 0.018000000000000002
1 0.504875 0.251833 0.015250000000000001 0.0316667
1 0.28262500000000007 0.240167 0.015250000000000001 0.025
1 0.49625 0.564 0.019 0.0213333
1 0.086125 0.756333 0.01475 0.0306667
1 0.37525 0.483333 0.02 0.0233333
1 0.70025 0.487167 0.0235 0.0196667
1 0.7559999999999999 0.40716700000000006 0.0225 0.0203333
1 0.22950000000000004 0.16016699999999998 0.0165 0.0276667
1 0.7068212460039536 0.13516700000000006 0.015142492007905052 0.026333299999999876
1 0.161 0.651333 0.0165 0.026000000000000002
1 0.26825 0.268167 0.019 0.0223333
1 0.806875 0.654 0.015250000000000001 0.024
1 0.405 0.539333 0.022 0.024
1 0.337375 0.937667 0.01875 0.021999999999999992
1 0.1675 0.882333 0.0165 0.0306667
1 0.06974999999999999 0.0433333 0.019499999999999997 0.025333300000000003
1 0.344875 0.0771667 0.02075 0.0223333
1 0.5802500000000002 0.220833 0.017 0.0276667
1 0.964 0.258 0.014500000000000002 0.032
1 0.79925 0.802667 0.020500000000000004 0.018666700000000005
1 0.02 0.458833 0.017500000000000005 0.029666699999999997
1 0.12475 0.5625 0.0165 0.0256667
1 0.23912500000000006 0.939833 0.02275 0.0176667
1 0.69825 0.807667 0.0165 0.022666699999999998
1 0.721625 0.49983299999999997 0.01875 0.0203333
1 0.07862499999999999 0.136 0.02475 0.0173333
1 0.4171250000000001 0.726 0.01475 0.032
1 0.271125 0.0775 0.02175 0.0203333
1 0.3345 0.09299999999999999 0.019 0.0286667
1 0.559125 0.0978333 0.019250000000000003 0.0203333
1 0.06462499999999999 0.928167 0.01775 0.0276667
1 0.283875 0.141333 0.015250000000000001 0.0333333
1 0.649625 0.5106669999999999 0.01475 0.032
1 0.033375 0.30949999999999994 0.01675 0.0323333
1 0.48875 0.513667 0.019 0.021999999999999992
1 0.426125 0.6343330000000001 0.01675 0.028000000000000008
1 0.9225000000000001 0.22116699999999997 0.014500000000000002 0.0276667
1 0.449 0.203833 0.0155 0.029000000000000005
1 0.124625 0.607667 0.01175 0.0313333
1 0.08512500000000003 0.37799999999999995 0.01475 0.0286667
1 0.734875 0.633833 0.022250000000000002 0.023
1 0.76875 0.786 0.018 0.021999999999999992
1 0.176125 0.061000000000000006 0.02125 0.018666700000000005
1 0.98075 0.22050000000000003 0.024 0.023
1 0.625125 0.121 0.015250000000000001 0.0213333
1 0.17299999999999996 0.570833 0.018499999999999996 0.0236667
1 0.786875 0.170333 0.019250000000000003 0.022666699999999998
1 0.9409509384990116 0.1403696468962644 0.019401876998023492 0.027405993792528574
1 0.639 0.445667 0.021 0.018666700000000005
1 0.29525000000000007 0.360167 0.022 0.019
1 0.1315 0.118333 0.011 0.032
1 0.523125 0.4709999999999999 0.024250000000000004 0.018666700000000005
1 0.398875 0.7544999999999998 0.019250000000000003 0.0243333
1 0.4109999999999999 0.594833 0.019499999999999997 0.027000000000000003
1 0.931 0.5088330000000001 0.0225 0.0203333
1 0.677 0.119667 0.020500000000000004 0.024
1 0.071125 0.351833 0.02375 0.0196667
1 0.799625 0.8788329999999999 0.02275 0.0223333
1 0.06650000000000002 0.525833 0.0225 0.0196667
1 0.587375 0.1505 0.015250000000000001 0.0336667
1 0.650625 0.131833 0.02375 0.018333300000000004
1 0.154125 0.127333 0.01725 0.021999999999999992
1 0.451 0.061 0.020500000000000004 0.0233333
1 0.4175 0.796167 0.02 0.0243333
1 0.3061249999999999 0.8475 0.02025 0.021666699999999997
1 0.2745184088138103 0.1917931222666176 0.01597098645157598 0.02478493654353338
1 0.4783929399456628 0.1663199689105531 0.013689416958493739 0.017827761373418773
1 0.6366360812158695 0.09131292410775461 0.02248975643181115 0.014783997236493603
1 0.6504884674238691 0.09653080548534064 0.01303753996047024 0.02782870068045856
1 0.6341915424732815 0.10696656824051255 0.02151194093477581 0.016523291029022263
1 0.6884603025587387 0.13218632823217813 0.018578494443670067 0.013914350340229288
1 0.7269210454421255 0.13696938616163193 0.012711601461458399 0.014783997236493603
1 0.7204022754618904 0.15392750063878638 0.012711601461458399 0.02521975999166554
1 0.711764905238079 0.14697032546867173 0.01173378596442315 0.021741172406608233
1 0.8802176016131803 0.108053626860843 0.012711601461458307 0.027393877232326388
1 0.8950478033182151 0.1906700820059543 0.019556309940705313 0.0134795268920971
1 0.8934181108231565 0.21001972544783562 0.010430031968376155 0.02695905378419423
1 0.9752286740751067 0.19284419924661517 0.013689416958493832 0.0282635241285907
1 0.8197560100465 0.3143773529995552 0.020860063936752216 0.01826258482155093
1 0.8329565192564758 0.3739481653936618 0.014667232455528985 0.026089406887929947
1 0.741041862535161 0.37068698953267043 0.015970986451575887 0.014349173788361445
1 0.7185521061033501 0.3582945212609039 0.02118600243576406 0.013914350340229288
1 0.6269633878810472 0.31024653024229976 0.016622863449599484 0.013479526892097068
2 0.5109292822328626 0.3180733523086785 0.01988224843971697 0.012609879995832816
1 0.5441750091320614 0.4039509833147812 0.01597098645157598 0.014783997236493603
1 0.06681739229740968 0.5028733177648487 0.018904432942681768 0.017827761373418773
1 0.3251236527642252 0.5293975481009108 0.014667232455528985 0.013479526892097131
1 0.25032076724102753 0.5820111853249026 0.018904432942681723 0.021306348958476096
1 0.4797814705453026 0.5272234308602498 0.010430031968376155 0.02739387723232642
1 0.6450322895442624 0.5978822411817266 0.01173378596442315 0.025219759991665633
1 0.817942663269998 0.4389542708894204 0.012711601461458399 0.029133171024855048
1 0.13249399984827825 0.6498436432335204 0.02118600243576406 0.015218820684625885
1 0.024445387425881596 0.6894125770135474 0.022815694930822823 0.01521882068462576
1 0.0568273773026994 0.05189617853457387 0.020436343888037015 0.01865392592486987
1 0.43005955252105954 0.20806301993124085 0.020436343888037046 0.014349173788361414
1 0.6819285276323929 0.15712345298255775 0.020077811539124003 0.01674070275308834
1 0.17586011714179217 0.8312954681390727 0.012548632211952546 0.030611570748504412
1 0.29274166288740733 0.7844215004304254 0.011831567514126713 0.023915289647269033
1 0.09465254011301352 0.8941926799113904 0.020794876236949936 0.017697314338979066
1 0.09985125917225102 0.9090201594926971 0.019719279190211166 0.02152376068254223
1 0.36570299589118854 0.8669292497135036 0.02151194093477576 0.011957644823634641
1 0.4372301994993182 0.8011622031835137 0.016133955701081806 0.02869834757672289
1 0.41589752473899877 0.7617019752655197 0.01792661744564652 0.01865392592486989
1 0.5157487839112498 0.7925526989104967 0.015416891003256 0.019132231717815303
1 0.4797162828455004 0.8528192288216148 0.012907164560865523 0.02582851281905055
1 0.5618201907465612 0.9078243950103336 0.01577542335216895 0.029654959162613584
1 0.7975552101568126 0.7655284216090829 0.021153408585862857 0.015784091167197555
3 0.81189650411333 0.7829865830515894 0.01254863221195257 0.01721900854603366
1 0.880196916581243 0.8097717074565307 0.012907164560865336 0.022002066475487515
1 0.8735640681263539 0.7925526989104967 0.019719279190211235 0.014349173788361445
1 0.8511557963192959 0.8449271832380161 0.014341293956517143 0.027263430197886792
1 0.8369937685372351 0.8521017701321968 0.01685102039890762 0.02343698385432375
1 0.8242658701508261 0.8530583817180875 0.01864368214347238 0.02343698385432375
1 0.9400718188497024 0.8585588983369594 0.014341293956517334 0.025828512819050676
