1 0.2586490939044481 0.15494505494505495 0.07907742998352553 0.09010989010989011
1 0.3747940691927512 0.34395604395604396 0.0741350906095552 0.16043956043956042
1 0.5584843492586491 0.2670329670329671 0.06919275123558484 0.08571428571428572
1 0.9126853377265239 0.31648351648351647 0.085667215815486 0.12307692307692308
1 0.7306425041186161 0.44395604395604393 0.08401976935749589 0.0923076923076923
1 0.5963756177924219 0.465934065934066 0.09225700164744646 0.1010989010989011
1 0.22158154859967052 0.4582417582417582 0.054365733113673806 0.08571428571428572
1 0.4686985172981877 0.9395604395604396 0.07084019769357495 0.11208791208791212
0 0.7586490939044481 0.9802197802197802 0.060955518945634266 0.035164835164835165
1 0.04942339373970346 0.8483516483516483 0.06919275123558484 0.1010989010989011
