0 0.04796183719411177 0.5456673245908622 0.061981451143159824 0.0413029704917398
0 0.14019613949048057 0.5943458255275555 0.06788444649012744 0.044253182669721204
0 0.15347787902115767 0.6322068818116502 0.06788444649012743 0.04326977861039394
0 0.14425444879152077 0.6784268726000259 0.04648608835736987 0.05507062732231974
3 0.1947988464499309 0.7039953781425315 0.029514976734838022 0.0708050922715539
1 0.2634211673584293 0.7334974999223455 0.047223962775740834 0.07277190039020814
2 0.36229633942013656 0.569760724044377 0.030990725571579933 0.04818679890702987
0 0.3792674510426684 0.6440077305235761 0.06493294881664366 0.04917020296635684
0 0.4128407370785468 0.7089123984391671 0.04205884184714421 0.08850636533944241
0 0.33499498594041144 0.7974187637786093 0.06493294881664363 0.0413029704917398
0 0.49142436263505296 0.6744932563627173 0.030990725571579933 0.08653955722078807
1 0.4430935882317557 0.6656426198287729 0.058292079051305075 0.04326977861039394
1 0.526473397507673 0.5186237129593659 0.04943758603085371 0.061954455737609694
0 0.27264459758806614 0.43995138821319485 0.039107344173660394 0.08555615316146095
0 0.23833343713381702 0.4507688328657934 0.038369469755289425 0.07178849633088107
0 0.14093401390885155 0.42815053950126924 0.059029953469676044 0.06195445573760965
0 0.35122822314457236 0.4655198937557005 0.06640869765338552 0.05998764761895537
0 0.32466474408321816 0.4940386114761875 0.05902995346967601 0.07572211256818955
0 0.6032123370182518 0.7797174907107209 0.04205884184714421 0.09440678969540511
1 0.6305136904979771 0.7620162176428326 0.04205884184714414 0.08653955722078807
1 0.6168630137581144 0.6740015543330538 0.059029953469676044 0.052120415144338336
0 0.4648608835736987 0.4409347922725221 0.056078455796192236 0.07572211256818955
0 0.4775849117933669 0.8480640728339572 0.07231169300035309 0.05998764761895547
1 0.6594709559218062 0.8593732195162193 0.037631595336918455 0.09440678969540521
1 0.7262485907843772 0.7379228181893177 0.038369469755289355 0.08358934504280667
1 0.8184828930807462 0.7398896263079721 0.0693601953268693 0.04818679890702977
1 0.8033564675041416 0.6218811391887157 0.05681633021456313 0.030485525839141266
1 0.6369657861614921 0.6346653919599682 0.057554204632934015 0.07178849633088107
1 0.6450824047635727 0.5830366788452936 0.04869971161248265 0.07867232474617106
2 0.5952758815235336 0.5176403089000389 0.12765227437817436 0.07178849633088098
0 0.730675837294603 0.5092813743957583 0.0383694697552895 0.09834040593271377
0 0.7664627465855941 0.558451577362115 0.05386483254107939 0.05113701108501116
0 0.8085215884327382 0.4591277673700742 0.04943758603085371 0.06883828415289965
0 0.7590840024018847 0.4817460607345984 0.037631595336918455 0.09440678969540524
0 0.8007739070398432 0.5092813743957582 0.04574821393899892 0.06687147603424534
0 0.7007919233505794 0.8165951429354886 0.05386483254107939 0.07768892068684377
0 0.7078017303251036 0.8746159824357898 0.061981451143159866 0.05015360702568401
0 0.8007739070398432 0.8047942942235631 0.04574821393899892 0.07768892068684387
0 0.9044452628209616 0.7811925967997116 0.058292079051305075 0.061954455737609694
1 0.8690272907391562 0.6115553965657806 0.04501033952062802 0.05113701108501127
1 0.8649689814381161 0.5505843448874981 0.05460270695945029 0.07277190039020823
1 0.8823090302698333 0.4960054195948419 0.059767827888046875 0.04818679890702977
1 0.9026005767750342 0.572219234192695 0.039845218592031446 0.08063913286482528
1 0.9280572442088322 0.5166569048407118 0.034680097663434564 0.10129061811069517
1 0.9225231860710501 0.40122885620547216 0.04722396277574072 0.08850636533944237
0 0.8952218325913249 0.2989548340354498 0.06198145114315972 0.0531038192036654
1 0.931746616300687 0.2615854797810186 0.06714657207175645 0.05900424355962826
0 0.7638801861212958 0.22913314582322308 0.06640869765338554 0.05310381920366545
0 0.7369477698507562 0.13669316424647213 0.07157381858198228 0.05900424355962826
1 0.6683254489422576 0.36287609789171377 0.07304956741872408 0.04917020296635689
1 0.654674772202395 0.3151810010143476 0.0649329488166436 0.03835275831375835
0 0.5532170396763894 0.33730759234920815 0.04205884184714414 0.07867232474617099
0 0.5978584419878318 0.3043635563617491 0.057554204632934106 0.034419142076449825
0 0.6358589745339358 0.24683441889111155 0.030252851153208957 0.08850636533944241
0 0.5967516303602755 0.24634271686144796 0.02730135347972522 0.08555615316146098
0 0.5532170396763894 0.210940170725671 0.058292079051305075 0.07768892068684387
0 0.5403042373548977 0.2635522878996729 0.057554204632934106 0.05507062732231974
1 0.4993522071353101 0.27289462646328067 0.04058309301040227 0.07375530444953535
0 0.4724197908647703 0.29944653606511346 0.04279671626551511 0.08752296128011522
0 0.4635652978443188 0.2158571910223067 0.04869971161248274 0.05802083950030111
0 0.46282742342594785 0.16619528602628622 0.0634571999799018 0.037369354254431233
0 0.41707920948694904 0.15341103325503347 0.05312695812270842 0.03540254613577695
0 0.43183669785436807 0.10669934043699446 0.06050570230641791 0.06392126385626395
0 0.38166123740514346 0.3058386624507399 0.030990725571579933 0.08653955722078807
0 0.33905329524145167 0.1480023109287342 0.047961837194111796 0.07572211256818959
0 0.3040042603688316 0.1386599723651264 0.047223962775740834 0.057037435440973984
0 0.29035358362896896 0.19323889765778254 0.06124357672478889 0.04621999078837546
0 0.29109145804733993 0.23552527220884947 0.0627193255615308 0.034419142076449784
1 0.23132363015929294 0.23650867626817662 0.05976782788804698 0.044253182669721204
1 0.31101406734335557 0.3112473847770391 0.05386483254107939 0.05015360702568401
2 0.3619274022109512 0.39483672981984586 0.04205884184714414 0.036385950195104114
0 0.34680097663434667 0.3486167390314702 0.04869971161248274 0.0580208395003011
1 0.23390619062359125 0.3240316375482919 0.05902995346967601 0.04818679890702977
0 0.25161517666449407 0.27535313661159855 0.0634571999799017 0.03540254613577695
0 0.14499232320989175 0.24880122700976584 0.05534058137782128 0.06097105167828253
0 0.11769096973016657 0.3476333349721431 0.06124357672478887 0.048186798907029725
0 0.4047241184764663 0.5944677538632547 0.04943758603085371 0.07178849633088098
1 0.018446860459273757 0.40565417447244434 0.03394222324506371 0.08555615316146101
