0 0.10194867341339163 0.04977250081389637 0.01995591054049368 0.01852000030284516
0 0.1112758924703615 0.07205437617825697 0.02038973468267834 0.02720125044480383
0 0.14966932905370262 0.0836293763675352 0.020823558824862965 0.021413750350164726
0 0.18155540350427404 0.12009062696376162 0.0229926795357862 0.01678375027445344
0 0.21539368659467636 0.1429512523375861 0.013448548407724003 0.032410000529979034
0 0.2028127864713217 0.15134312747481282 0.012580900123354711 0.02951625048265948
0 0.14099284621000974 0.176518752886493 0.023426503677970823 0.019677500321772998
1 0.13426857200614772 0.2121118784685235 0.021257382967047614 0.02025625033123688
0 0.22168413665635373 0.1666800027256065 0.019955910540493692 0.01967750032177297
0 0.2316620919266006 0.2045881283454927 0.013014724265539335 0.031831250520515136
0 0.24901505761398632 0.22513375368146155 0.012147075981170036 0.03125250051105119
0 0.21734589523450734 0.23989187892279126 0.016485317403016536 0.02951625048265948
0 0.27135700093649556 0.23902375390859545 0.017786789829570455 0.02662250043533991
0 0.3097504375198367 0.21963562859155433 0.015617669118647214 0.02951625048265948
1 0.41039763850667443 0.09780875159940104 0.019955910540493643 0.020835000340700807
0 0.35790491730233237 0.030673750501587303 0.019955910540493643 0.0254650004164121
0 0.3368644464063771 0.0639518760457622 0.013448548407723984 0.03183125052051512
1 0.332743117055623 0.011864375194010185 0.013882372549908675 0.022571250369092546
0 0.527747068967621 0.030095000492123394 0.02386032782015552 0.017362500283917344
0 0.4832800943936948 0.12009062696376162 0.019088262256124398 0.030673750501587292
0 0.573515515968101 0.12182687699215337 0.013882372549908721 0.030673750501587292
0 0.49651173073032645 0.16147125264043127 0.016919141545201254 0.018520000302845167
0 0.47308522705235556 0.14353000234705005 0.01431619669209336 0.023150000378556454
0 0.561368439986931 0.20082625328397732 0.021691207109232283 0.02083500034070082
2 0.5095264549958658 0.2193462535868224 0.03600740380132556 0.011575000189278227
0 0.439680768104138 0.2121118784685235 0.018654438113939756 0.02372875038802037
0 0.45486461308060055 0.2372875038802037 0.018654438113939756 0.027780000454267772
0 0.6353708084938057 0.11748625192117405 0.02038973468267825 0.02199250035962864
1 0.6663892346600079 0.1189331269448338 0.018220613971755104 0.01909875031230908
1 0.7112900333761186 0.051508750842288106 0.013448548407723984 0.018520000302845167
1 0.6922017711199941 0.04832562579023659 0.019522086398309046 0.015626250255525602
1 0.7362349215517358 0.08015687631075172 0.015617669118647214 0.026043750425876016
1 0.7837386651209544 0.062215626017370476 0.019522086398309046 0.030673750501587313
1 0.8093342895098484 0.11430312686912249 0.019522086398308953 0.010996250179814326
1 0.9117167870654248 0.08247187634860736 0.017786789829570552 0.017941250293381252
0 0.8694189332024219 0.10677937674609167 0.013882372549908721 0.0248862504069482
0 0.6891650021247018 0.06221562601737049 0.023860327820155427 0.017941250293381252
0 0.6891650021247017 0.09549375156154535 0.013448548407724074 0.028937500473195564
0 0.7162790110112419 0.10272812667984428 0.015617669118647214 0.030673750501587292
0 0.7212679886463655 0.1267462520725966 0.014316196692093365 0.02662250043533993
0 0.7928489721068318 0.1287718771057203 0.015183844976462664 0.027201250444803836
0 0.7761467426327231 0.18462125301898777 0.022558855393601484 0.01967750032177297
0 0.8470769898799125 0.17449312785336926 0.022992679535786133 0.020256250331236892
0 0.8763601194773761 0.17941250293381253 0.013014724265539427 0.02662250043533991
0 0.8921947006671157 0.17594000287702904 0.014316196692093365 0.024307500397484284
0 0.9431690373738116 0.17507187786283318 0.018220613971755197 0.02372875038802037
0 0.8969667662311467 0.19156625313255465 0.011713251838985483 0.025465000416412108
0 0.937529323525411 0.20632437837388437 0.013014724265539427 0.022571250369092535
0 0.9379631476675957 0.234972503842348 0.013882372549908721 0.02778000045426774
0 0.7932827962490165 0.22339750365306976 0.016919141545201254 0.03125250051105123
2 0.7577092165898756 0.2436537539843067 0.013448548407724074 0.035882500586762504
1 0.9353602028144878 0.254650004164121 0.023426503677970965 0.01620500026498954
1 0.8425218363869739 0.2789575045616053 0.01822061397175501 0.024307500397484284
1 0.7015289901769641 0.39615438147804716 0.015617669118647214 0.02951625048265951
1 0.6527237741811915 0.5052487582619946 0.022125031251416932 0.01620500026498948
0 0.789595291040447 0.3498543807209343 0.01908826225612449 0.02025625033123688
0 0.8689851090602372 0.29255812978400714 0.017352965687385903 0.0248862504069482
0 0.9264668078997029 0.31628688017202755 0.02212503125141684 0.01794125029338122
0 0.9004373593686239 0.33480688047487256 0.018654438113939843 0.02372875038802037
0 0.8702865814867912 0.3411731305789757 0.018220613971755197 0.014468750236597737
0 0.8811321850414073 0.36577000598119197 0.016485317403016415 0.02083500034070079
0 0.9071616335724859 0.44013938219730453 0.013014724265539427 0.0214137503501647
0 0.8843858661077921 0.4360881321310572 0.02038973468267825 0.01794125029338122
0 0.8644299555672983 0.4378243821594491 0.015183844976462664 0.0248862504069482
0 0.8546689123681438 0.4262493819701707 0.016485317403016606 0.02951625048265951
0 0.8509814071595744 0.4554762574480982 0.01518384497646257 0.024307500397484284
0 0.8689851090602373 0.48875438299227314 0.013882372549908721 0.027201250444803794
0 0.7559739200211371 0.45721250747648995 0.013448548407724074 0.028937500473195595
0 0.7271246145658581 0.450846257372387 0.02082355882486299 0.02083500034070086
0 0.7108562092339339 0.44042875720203656 0.017786789829570455 0.01620500026498954
0 0.6952385401152867 0.4520037573913148 0.021257382967047635 0.01620500026498954
0 0.664653938091269 0.44419063226355193 0.02169120710923219 0.020256250331236944
0 0.649687005185899 0.45865938250014976 0.024727976104524724 0.02025625033123688
0 0.6381906654180058 0.41409563177142866 0.011279427696800742 0.03183125052051517
0 0.6219222600860818 0.40309938159161435 0.014316196692093275 0.03183125052051511
0 0.4705176344636405 0.2587012542303684 0.012580900123354779 0.028937500473195564
0 0.5082603348337046 0.3151293801530997 0.01691914154520116 0.0214137503501647
0 0.4698668982503635 0.3165762551767595 0.018220613971755104 0.023150000378556454
3 0.4431867135060078 0.26940812940545067 0.013448548407723984 0.015626250255525626
0 0.4288705168139145 0.2604375042587601 0.022125031251416932 0.01736250028391734
0 0.3993704751453586 0.33249188043701705 0.01691914154520116 0.026043750425876023
0 0.46596248097070153 0.3403050055647799 0.01908826225612449 0.018520000302845136
0 0.48635221565337994 0.3495650057162024 0.016485317403016512 0.02199250035962868
0 0.6089075358205424 0.4149637567856244 0.017786789829570552 0.024307500397484284
0 0.5891685373511408 0.4149637567856244 0.015617669118647124 0.018520000302845136
2 0.5579331991138464 0.4054143816294699 0.009544131128062152 0.019098750312309114
0 0.5115140159000895 0.4349306321121294 0.01475002083427792 0.028358750463731642
0 0.4620580636910399 0.3758981311468105 0.020823558824863097 0.01794125029338128
1 0.4080469579890515 0.3634550059433363 0.017786789829570455 0.023150000378556454
1 0.3891756078040195 0.40686125665312967 0.019088262256124398 0.021992500359628617
0 0.42973816509828383 0.4271175069843667 0.01691914154520121 0.028937500473195533
0 0.35598806092689406 0.35014375572566636 0.02125738296704759 0.0185200003028452
0 0.38657266295091164 0.3495650057162024 0.019088262256124398 0.023150000378556454
0 0.3939476733680505 0.3408837555742438 0.018220613971755024 0.024307500397484288
0 0.34644392979883193 0.3909456313928722 0.02299267953578618 0.01909875031230905
0 0.30870122942876776 0.4329050070790057 0.02299267953578618 0.02083500034070079
1 0.2724415612919572 0.3171550051862234 0.016485317403016512 0.025465000416412108
0 0.2416400471968474 0.31078875508212045 0.018220613971755104 0.018520000302845136
0 0.22992679535786198 0.33046625540389335 0.019088262256124398 0.019677500321773032
0 0.049889776351234205 0.25956937924456425 0.014750020834277934 0.027201250444803825
0 0.036875052085694845 0.27606375451428566 0.023426503677970844 0.023150000378556454
0 0.017786789829570458 0.287349379698832 0.022558855393601557 0.015626250255525626
0 0.049889776351234205 0.3949968814591194 0.020823558824862975 0.020256250331236944
0 0.06962877482063556 0.4326156320742738 0.013448548407724003 0.03183125052051517
0 0.06225376440349659 0.44071813220676853 0.01691914154520116 0.026043750425876023
0 0.15704433947084162 0.4603956325285415 0.01995591054049367 0.02025625033123688
0 0.14576491177404086 0.4739962577509433 0.015617669118647202 0.017362500283917504
0 0.13079797886867056 0.4855712579402216 0.014316196692093297 0.03241000052997902
0 0.0989119044180991 0.509589383332974 0.01561766911864723 0.02951625048265951
1 0.08589718015255976 0.5061168832761905 0.01388237254990865 0.02951625048265951
0 0.0689780386073586 0.5043806332477987 0.01735296568738581 0.027201250444803857
0 0.04641918321375704 0.5330287587162625 0.01388237254990865 0.030095000492123426
0 0.012797812194447035 0.5399737588298293 0.02386032782015549 0.01736250028391731
0 0.05596331434181923 0.5984275097856844 0.015617669118647225 0.03472500056783474
0 0.021908119180324582 0.6427018855096733 0.014316196692093292 0.026043750425876023
0 0.16919141545201166 0.5660175092557054 0.015617669118647214 0.02662250043533988
0 0.23795254198827795 0.5072743832951183 0.023860327820155475 0.01794125029338122
0 0.2739599457896035 0.5466293839386642 0.016051493260831867 0.03183125052051511
0 0.21864736766106127 0.573830634383468 0.022558855393601553 0.020256250331236875
0 0.24185695926793976 0.5828012595301587 0.019522086398309046 0.028937500473195595
0 0.2659341991591876 0.5836693845443546 0.019088262256124398 0.022571250369092535
0 0.24576137654760152 0.6085556349513027 0.018654438113939756 0.019098750312309176
2 0.22081648837198442 0.6146325100506738 0.028632393384186595 0.025465000416412108
2 0.25205182660927894 0.6267862602494161 0.03383828309040232 0.008102500132494677
1 0.3370813584774694 0.6380718854339624 0.02602944853107867 0.07813125127762795
0 0.3171254479369757 0.6699031359544775 0.01735296568738581 0.02372875038802037
0 0.3848020141177803 0.6042150098803236 0.021691207109232283 0.01736250028391731
0 0.4780742046874791 0.5069850082903864 0.01822061397175501 0.021992500359628617
0 0.49239040137957235 0.5046700082525306 0.014750020834278017 0.023150000378556454
0 0.5231919154746822 0.5417100088582211 0.014750020834277924 0.024307500397484284
0 0.5290485413941749 0.5689112593030248 0.012580900123354779 0.02662250043533988
0 0.4372947353221224 0.6317056353298592 0.012147075981170036 0.03067375050158722
0 0.35052990688519337 0.6892912612715185 0.02169120710923224 0.01736250028391731
0 0.2754783302872497 0.7173606367305182 0.013882372549908628 0.026043750425876023
1 0.4136513195730591 0.5839587595490866 0.019522086398309046 0.025465000416412108
0 0.5581147589205461 0.5529956340427673 0.012580900123354687 0.028358750463731687
0 0.6227545561060582 0.5095893833329739 0.018654438113939756 0.01794125029338122
0 0.6084383594139651 0.5260837586026954 0.019522086398309046 0.015047500246061713
0 0.6190670508974888 0.5318712586973345 0.019955910540493605 0.0185200003028452
0 0.6943355395665247 0.5330287587162623 0.016051493260831867 0.027780000454267772
0 0.7531187108325441 0.5859843845822101 0.023426503677970875 0.01678375027445352
0 0.6841406722251857 0.5984275097856844 0.021691207109232283 0.018520000302845136
0 0.5878317126601942 0.6406762604765498 0.013014724265539335 0.024307500397484284
0 0.6854421446517395 0.6207093851500449 0.018220613971755104 0.022571250369092535
0 0.7270892623014654 0.6832143861721472 0.017352965687385716 0.0214137503501647
0 0.7941150922689931 0.6354675103913745 0.019522086398308953 0.01620500026498948
0 0.7830525766432846 0.6493575106185083 0.016485317403016606 0.013890000227133947
0 0.7991040699041165 0.6600643857935908 0.02169120710923219 0.022571250369092535
0 0.8346776495632575 0.6259181352352201 0.013882372549908534 0.028358750463731555
1 0.8207952770133489 0.6322843853393232 0.012147075981170131 0.0260437504258759
1 0.8381482427007346 0.6536981356894879 0.017352965687385716 0.024886250406948317
1 0.851162966966274 0.6745331360301887 0.018220613971755197 0.0214137503501647
1 0.850512230752997 0.6516725106563642 0.020389734682678434 0.016205000264989604
0 0.819493804586795 0.6814781361437555 0.018220613971755197 0.01909875031230905
0 0.8136371786673021 0.6415443854907456 0.015183844976462664 0.02372875038802037
0 0.8459570772600583 0.5142193834086852 0.014750020834277924 0.027201250444803857
0 0.863562307282929 0.5107468833519018 0.01865443811393966 0.01678375027445346
0 0.987202187805553 0.5689112593030248 0.023860327820155427 0.017362500283917434
0 0.8934961730936696 0.678584386096436 0.020389734682678434 0.01794125029338122
0 0.8696358452735141 0.6985512614229411 0.014316196692093365 0.023150000378556454
0 0.15856272396848783 0.7085993702349205 0.019522086398309026 0.01909875031230905
0 0.07526848866903596 0.7219106204525906 0.019522086398309036 0.02372875038802037
0 0.027330920957632655 0.7271193705377657 0.01995591054049368 0.022571250369092535
0 0.14251123070765598 0.7702362462428272 0.02299267953578618 0.01967750032177297
0 0.29174673561917397 0.7329068706324048 0.011713251838985438 0.027201250444803857
0 0.2657172870880953 0.7303024955898172 0.01518384497646257 0.028937500473195595
0 0.06507362132769678 0.927945623821743 0.01561766911864723 0.022571250369092667
1 0.248147409329617 0.8541549976150944 0.014750020834277924 0.025465000416412108
0 0.24662902483197083 0.9024806234053309 0.019522086398309046 0.02488625040694807
0 0.06811039032298931 0.9609343743611859 0.01995591054049368 0.01794125029338122
1 0.23643415749063165 0.9502274991861037 0.023426503677970823 0.01852000030284526
2 0.34836078617427013 0.7441924958169511 0.011279427696800742 0.01620500026498948
0 0.3385997429751156 0.7456393708406109 0.009977955270246846 0.027201250444803857
0 0.3446732809657007 0.8061187468295897 0.016051493260831867 0.03125250051105113
0 0.3459747533922546 0.8576274976718778 0.017786789829570455 0.028937500473195595
0 0.40258880394735086 0.7352218706702606 0.014750020834277924 0.027201250444803725
0 0.44119915260178416 0.7233574954762504 0.015617669118647124 0.024307500397484284
0 0.42449692312767545 0.7193062454100029 0.012580900123354732 0.023150000378556454
0 0.4182064730659981 0.7433243708027554 0.013882372549908628 0.027201250444803857
0 0.60518467834758 0.7294343705756213 0.015617669118647214 0.028358750463731687
2 0.6531222460589835 0.7502693709163224 0.007375010417138917 0.012153750198742076
0 0.5468353312237452 0.7528737459589098 0.01691914154520116 0.026622500435339938
1 0.5375081121667755 0.836792497331177 0.018220613971755104 0.02083500034070079
3 0.5973758437882565 0.8547337476245583 0.014750020834278017 0.01967750032177309
0 0.7084348241875256 0.7783387463753221 0.019955910540493785 0.023150000378556454
1 0.6895634740024937 0.7899137465646001 0.02125738296704754 0.018520000302845136
1 0.6780671342346005 0.8202981220614555 0.014750020834277924 0.027201250444803857
0 0.4949933462326801 0.9400993740204853 0.013014724265539335 0.026043750425876023
0 0.5164676412708203 0.9314181238785265 0.016051493260831867 0.0248862504069482
0 0.5305669258918211 0.90826812349997 0.02082355882486299 0.01562625025552569
0 0.5392434087355141 0.8877224981640012 0.018220613971755104 0.027780000454267772
0 0.6537729822722603 0.8631256227617848 0.019955910540493692 0.02025625033123688
0 0.7266554381592806 0.8590743726955375 0.015617669118647214 0.030673750501587348
0 0.7509495901216209 0.8272431221750225 0.018220613971755104 0.031831250520515046
0 0.7331628002920505 0.9036381234242584 0.013014724265539427 0.03183125052051517
0 0.5255779482566977 0.954278749252351 0.011713251838985483 0.028937500473195595
0 0.6915510349067172 0.8263749971608266 0.018220613971755104 0.01620500026498948
0 0.6926355952621788 0.8061187468295897 0.019522086398309046 0.030095000492123297
0 0.8167092999269875 0.8480781225157231 0.018654438113939756 0.012153750198742203
0 0.8553196485814207 0.8121956219289608 0.017786789829570552 0.01678375027445352
0 0.9104153146388707 0.7514268709352501 0.01865443811393966 0.022571250369092535
0 0.8960991179467773 0.8943781232728361 0.01865443811393966 0.016783750274453394
0 0.8639961314251139 0.8784624980125786 0.020389734682678434 0.02083500034070066
0 0.8073820808700174 0.8799093730362384 0.016485317403016512 0.01794125029338122
0 0.8147570912871563 0.9560149992807427 0.019955910540493692 0.016205000264989604
0 0.35952083965410186 0.9627166928903311 0.01778453394403107 0.0271151324433956
2 0.48877629171161374 0.8991656012261227 0.015879048164313576 0.0135575662216978
2 0.3045793330055773 0.7246119361217638 0.008257105045443034 0.01355756622169727
