1 0.20117200000000005 0.8291669999999999 0.0648438 0.0479167
1 0.17929699999999993 0.7937223567881421 0.041406299999999986 0.07297128642371517
2 0.791406 0.623958 0.0484375 0.0875
2 0.792990443403407 0.7668004554014821 0.0859818868068139 0.033600610802964406
2 0.746094 0.584375 0.065625 0.04375
0 0.241016 0.379167 0.0539063 0.0333333
0 0.900391 0.559375 0.0367187 0.0791667
0 0.7785160000000002 0.232812 0.0320312 0.0802083
1 0.445703 0.625521 0.0320312 0.05937499999999999
1 0.4675779999999999 0.346875 0.0414063 0.0479167
0 0.6175779999999998 0.603646 0.0648438 0.06354169999999999
0 0.8265629999999998 0.9247330891970357 0.07656249999999999 0.05571547839407117
2 0.7535160000000001 0.6988521878103753 0.07734369999999996 0.04978737562075136
0 0.455469 0.73125 0.0421875 0.0791667
1 0.8558590000000001 0.885938 0.0648438 0.040625
0 0.7945309999999999 0.3875 0.0296875 0.0645833
0 0.42578099999999997 0.769792 0.040625 0.0875
2 0.2942186120220189 0.14817008919703556 0.06343772404403787 0.0942571783940712
0 0.225 0.34010400000000013 0.0734375 0.0447917
0 0.385547 0.186458 0.0585938 0.0395833
2 0.22343799999999997 0.48125 0.040625 0.0666667
0 0.16835900000000004 0.20677099999999998 0.0632813 0.07187499999999998
1 0.682813 0.301562 0.0609375 0.0614583
0 0.977734 0.766146 0.0429688 0.053125
1 0.603516 0.427604 0.0679687 0.0489583
0 0.5476560000000001 0.495313 0.028125 0.078125
0 0.8304690000000001 0.7333330000000001 0.071875 0.05
1 0.0527344 0.858854 0.0429688 0.0760417
1 0.7070309999999997 0.8603101878103753 0.0484375000000002 0.07687067562075069
0 0.155469 0.894792 0.0484375 0.0604167
0 0.8574220000000001 0.399479 0.0664062 0.0385417
0 0.5704242771271295 0.6152512770074111 0.05642866744744504 0.0699769811673919
0 0.5019529999999999 0.6994789999999999 0.0632813 0.0677083
0 0.0289063 0.636979 0.0328125 0.0802083
0 0.1375 0.3286459999999999 0.0421875 0.07187499999999998
0 0.241016 0.28385400000000005 0.0539063 0.0677083
0 0.39726599999999995 0.639063 0.0617188 0.046875
0 0.483594 0.805208 0.034375 0.0791667
0 0.292188 0.3567710000000001 0.0421875 0.084375
0 0.25078100000000003 0.203125 0.053125 0.0541667
0 0.42851599999999995 0.676042 0.0445312 0.0666667
0 0.375391 0.475521 0.0601562 0.0489583
0 0.16992200000000002 0.734375 0.0679687 0.0416667
0 0.341016 0.648958 0.0492188 0.075
0 0.7125 0.349479 0.0484375 0.0489583
0 0.48320300000000005 0.598437 0.0554687 0.0802083
0 0.481641 0.8828119999999999 0.0554687 0.065625
0 0.0585938 0.7125 0.0390625 0.0854167
0 0.885547 0.15625 0.0726563 0.0479167
0 0.708594 0.625 0.0609375 0.0625
0 0.210938 0.884375 0.05625 0.06875
0 0.7628910000000001 0.875521 0.0585938 0.051041699999999995
0 0.180859 0.27447900000000003 0.0648438 0.040625
0 0.734766 0.398438 0.0382813 0.0864583
0 0.873438 0.821875 0.0328125 0.0854167
0 0.41289099999999995 0.8557289999999999 0.0742188 0.0489583
0 0.9183590000000003 0.42343800000000004 0.0679687 0.046875
0 0.810547 0.549479 0.0429688 0.0614583
0 0.19804700000000003 0.180208 0.0398437 0.06875
0 0.9558589999999999 0.646875 0.0507812 0.08125
0 0.666406 0.7958330000000001 0.075 0.0541667
0 0.191406 0.434896 0.040625 0.0885417
0 0.533594 0.8401039999999999 0.0390625 0.0822917
0 0.364844 0.711979 0.040625 0.084375
0 0.3785160000000001 0.785417 0.0585938 0.05625
0 0.177344 0.520312 0.053125 0.0677083
0 0.0933594 0.685417 0.0445312 0.0770833
2 0.5896249809716022 0.7388762215410069 0.03633810148151421 0.04057623489189711
2 0.4349425219624539 0.5608643523378456 0.031427547227255506 0.037958413285968044
2 0.724306752503155 0.9384811922606723 0.09133630912921137 0.031413859271146094
2 0.541634134244732 0.779448529700495 0.05794454020025237 0.07460791576897205
2 0.9326797385620915 0.18815331010452957 0.05620915032679738 0.055749128919860634
2 0.8516339869281047 0.9817073170731707 0.0875816993464052 0.033101045296167246
0 0.6359477124183006 0.5827526132404182 0.0457516339869281 0.06794425087108014
