0 0.8363279999999998 0.47708300000000003 0.0632813 0.0375
1 0.3140618981618006 0.3232151216323208 0.03281229632360259 0.08481975673535683
2 0.396875 0.471354 0.065625 0.0552083
1 0.455469 0.718229 0.0453125 0.0802083
1 0.034375 0.426042 0.034375 0.05
0 0.8941409999999997 0.2953120000000001 0.0335938 0.042708300000000005
1 0.414844 0.303646 0.0296875 0.0697917
1 0.5929689999999999 0.8338540000000001 0.0546875 0.0489583
0 0.5609379999999999 0.7375 0.05625 0.035416699999999995
1 0.5304689999999999 0.966667 0.0375 0.0645833
1 0.41796900000000003 0.715625 0.04375 0.0770833
0 0.832031 0.792708 0.04375 0.06875
0 0.870313 0.37656300000000004 0.071875 0.0489583
0 0.141797 0.864062 0.0335938 0.0864583
0 0.823438 0.441146 0.0421875 0.101042
0 0.807031 0.289583 0.0671875 0.04375
1 0.748438 0.319271 0.059375 0.0489583
1 0.450781 0.939583 0.0671875 0.0458333
1 0.566016 0.7979169999999999 0.0460938 0.0708333
0 0.226562 0.826042 0.0484375 0.0625
0 0.725781 0.4895830000000001 0.071875 0.04375
0 0.660156 0.382812 0.05 0.065625
0 0.802344 0.126563 0.03125 0.078125
0 0.7613279999999999 0.79375 0.0460938 0.075
0 0.376953 0.626042 0.0429688 0.0770833
0 0.265625 0.156771 0.0515625 0.078125
0 0.23281200000000002 0.27291699999999997 0.05 0.07291669999999999
1 0.627344 0.46041699999999997 0.040625 0.1
0 0.184766 0.380729 0.0710938 0.051041699999999995
0 0.511328 0.659375 0.0320312 0.08125
0 0.636719 0.251042 0.0703125 0.0625
0 0.841797 0.236458 0.0382813 0.0666667
0 0.388281 0.255208 0.040625 0.09375
0 0.860156 0.326042 0.075 0.0416667
0 0.583984 0.216667 0.0539063 0.0520833
0 0.253906 0.932292 0.053125 0.0625
0 0.458984 0.513021 0.0398437 0.084375
0 0.742969 0.725521 0.053125 0.09479169999999999
0 0.6589839999999999 0.821354 0.0351562 0.0885417
0 0.8050779999999998 0.717188 0.0429688 0.07187499999999998
0 0.22304700000000005 0.6994789999999999 0.0601562 0.042708300000000005
0 0.351172 0.932813 0.0445312 0.0614583
0 0.463281 0.6291670000000001 0.0421875 0.0979167
0 0.49101599999999995 0.571875 0.0351562 0.0854167
0 0.4671870000000001 0.7890619999999999 0.0703125 0.0677083
0 0.153516 0.785937 0.0367187 0.090625
0 0.891016 0.6281250000000002 0.0554687 0.08125
0 0.823438 0.908333 0.0515625 0.06875
0 0.7722660000000002 0.371875 0.0476562 0.06875
0 0.24140599999999998 0.558333 0.06875 0.05
0 0.283203 0.7692710000000001 0.0601562 0.0614583
0 0.571094 0.6031249999999999 0.0421875 0.0791667
0 0.26679699999999995 0.6619790000000001 0.0523437 0.07187499999999998
2 0.18302974947691428 0.7352430421276511 0.04107009012652711 0.036887486265360946
2 0.7759001603965586 0.46453648969637334 0.023213529201950158 0.0832943238250086
