0 0.909 0.6383330000000002 0.020500000000000004 0.0173333
0 0.137875 0.459167 0.02675 0.021
0 0.573375 0.23566699999999996 0.01675 0.022666699999999998
0 0.008625 0.965167 0.01725 0.023
0 0.988625 0.506667 0.01475 0.0266667
0 0.90875 0.265833 0.0245 0.019
0 0.7019999999999998 0.7503329999999999 0.021 0.022666699999999998
0 0.046023157383379816 0.024468487453153654 0.028453685233240503 0.024396325093692762
0 0.5325 0.05933329999999999 0.0235 0.0166667
0 0.9152500000000002 0.347167 0.017 0.019
0 0.8305 0.15900000000000003 0.017500000000000005 0.0213333
0 0.516875 0.0593333 0.01975 0.020666699999999996
1 0.347 0.569833 0.021 0.0203333
0 0.5465 0.818667 0.018499999999999996 0.026000000000000002
0 0.284875 0.0458333 0.024250000000000004 0.013000000000000001
0 0.752625 0.162 0.02175 0.019333300000000005
0 0.390625 0.3095 0.014250000000000002 0.029000000000000005
0 0.005625 0.847667 0.01125 0.0313333
0 0.5552613967217983 0.12340843747397429 0.016749272120434318 0.026456375072872
0 0.170875 0.3670000000000001 0.02075 0.02
0 0.13575 0.214333 0.025 0.0213333
0 0.46025 0.383167 0.0165 0.0263333
0 0.586875 0.207333 0.02275 0.02
0 0.368125 0.941167 0.01875 0.0236667
0 0.8811249999999999 0.234167 0.01275 0.023
0 0.282375 0.059833299999999985 0.02075 0.017
0 0.7490000000000001 0.17566699999999996 0.020500000000000004 0.0213333
0 0.071875 0.603167 0.01575 0.031
0 0.244 0.829333 0.019 0.025333300000000003
0 0.054875 0.598167 0.015250000000000001 0.0263333
0 0.74625 0.18875856252602588 0.018499999999999996 0.01915017494794864
0 0.29437500000000005 0.661833 0.025250000000000005 0.018333300000000004
0 0.6572499999999999 0.433 0.021 0.0173333
0 0.185 0.0691667 0.0265 0.019
0 0.720375 0.0125 0.01975 0.025
0 0.522125 0.29566700000000007 0.02025 0.028000000000000008
0 0.24725000000000005 0.797333 0.021 0.0233333
0 0.5438750000000001 0.0415 0.01625 0.027000000000000003
0 0.133 0.256167 0.025 0.023
0 0.9257500000000001 0.5159999999999999 0.0155 0.024666699999999996
0 0.7170000000000001 0.8241669999999999 0.024 0.017
0 0.39825000000000005 0.635667 0.014000000000000002 0.03
0 0.8385000000000001 0.0136667 0.022 0.02
0 0.6468750000000001 0.192333 0.024250000000000004 0.022666699999999998
0 0.74725 0.3093330000000001 0.014000000000000002 0.0306667
0 0.993375 0.48633299999999996 0.01325 0.0266667
0 0.4439999999999999 0.251833 0.014500000000000002 0.031
0 0.084625 0.465167 0.01625 0.0316667
0 0.5846249999999998 0.7436669999999999 0.01325 0.025333300000000003
0 0.5145 0.311 0.014000000000000002 0.0306667
0 0.9743749999999999 0.497167 0.02175 0.015666699999999995
0 0.9935 0.6858329999999999 0.013000000000000001 0.021666699999999997
0 0.9935 0.376333 0.013000000000000001 0.022666699999999998
0 0.21762500000000004 0.356333 0.02075 0.0266667
0 0.067625 0.5766670000000002 0.015250000000000001 0.0266667
0 0.43675 0.007000000000000002 0.0225 0.014000000000000004
0 0.977375 0.537667 0.024250000000000004 0.016
0 0.18600000000000003 0.027000000000000003 0.0245 0.0213333
0 0.862875 0.029500000000000002 0.02025 0.019
0 0.18175 0.044166699999999996 0.023 0.0236667
0 0.27812499999999996 0.628833 0.01675 0.031
0 0.044125 0.474 0.01475 0.029333299999999996
0 0.420875 0.6725 0.01275 0.029000000000000005
0 0.79675 0.308167 0.014000000000000002 0.031
0 0.561375 0.263833 0.023250000000000003 0.0176667
0 0.297875 0.450167 0.02675 0.0203333
0 0.349875 0.962167 0.02175 0.0223333
0 0.9205 0.08783329999999999 0.021 0.021
0 0.372875 0.16433300000000003 0.01625 0.03
0 0.258875 0.0675 0.02275 0.019
0 0.39649999999999996 0.823167 0.0225 0.0236667
0 0.018 0.30550000000000005 0.0155 0.027000000000000003
0 0.78375 0.885167 0.014500000000000002 0.030333300000000004
0 0.325375 0.829833 0.02175 0.018333300000000004
0 0.302875 0.19083300000000006 0.024250000000000004 0.019
0 0.02275 0.331 0.0255 0.018666700000000005
0 0.548625 0.0116667 0.01325 0.0233333
0 0.8406139672179846 0.4681669999999994 0.011727934435968751 0.026333299999999987
0 0.405875 0.801667 0.02075 0.0213333
0 0.008 0.40433300000000005 0.016 0.029333299999999996
0 0.26825000000000004 0.0433333 0.014000000000000002 0.0306667
0 0.762375 0.601833 0.02275 0.019
0 0.35325 0.729833 0.021 0.021666699999999997
0 0.4695 0.5345 0.02 0.0236667
0 0.739125 0.7505 0.01725 0.025
0 0.525375 0.07999999999999999 0.01725 0.022666699999999998
0 0.6945 0.42633299999999996 0.023 0.020666699999999996
0 0.3125 0.6023330000000001 0.020500000000000004 0.0273333
0 0.22737499999999997 0.8184999999999999 0.02275 0.0176667
0 0.028875 0.432333 0.01375 0.0333333
0 0.0105 0.46433300000000005 0.021 0.019333300000000005
0 0.525375 0.853167 0.01625 0.0276667
0 0.225625 0.603833 0.01725 0.029666699999999997
0 0.326375 0.963 0.02475 0.022666699999999998
0 0.198875 0.36666699999999997 0.02275 0.018666700000000005
0 0.09049999999999998 0.789667 0.0225 0.018666700000000005
0 0.045625 0.252 0.02175 0.024
0 0.48825 0.126 0.025 0.018000000000000002
0 0.257625 0.8196670000000001 0.01475 0.032
0 0.38725000000000004 0.33466699999999994 0.022 0.020666699999999996
0 0.289875 0.17466700000000002 0.01825 0.0233333
0 0.455 0.405 0.019 0.018000000000000002
0 0.23325000000000007 0.9675 0.025 0.0236667
0 0.775375 0.393167 0.01975 0.021666699999999997
0 0.5528750000000001 0.05283329999999999 0.01475 0.029666699999999997
0 0.26975 0.511667 0.019 0.021999999999999992
0 0.052375 0.336667 0.02375 0.018000000000000002
0 0.117125 0.886333 0.023250000000000003 0.0213333
0 0.81525 0.098 0.0225 0.02
0 0.525625 0.583167 0.01725 0.025
0 0.016 0.588333 0.019 0.026000000000000002
0 0.153875 0.6786669999999999 0.01675 0.029333299999999996
0 0.41212499999999996 0.922333 0.019250000000000003 0.022666699999999998
0 0.40325000000000005 0.463667 0.020500000000000004 0.0213333
0 0.3335 0.4155 0.0245 0.019
0 0.3112500000000001 0.266167 0.0155 0.027000000000000003
0 0.9661249999999998 0.11883300000000001 0.02125 0.0176667
0 0.4445 0.866667 0.014500000000000002 0.029333299999999996
0 0.0375 0.355 0.017 0.032
0 0.6193749999999999 0.16400000000000003 0.023250000000000003 0.022666699999999998
0 0.55775 0.497167 0.0125 0.0323333
0 0.842875 0.142333 0.02275 0.0213333
0 0.456375 0.820167 0.024250000000000004 0.019
0 0.16775 0.834667 0.018 0.0273333
0 0.964375 0.8931669999999998 0.02025 0.021666699999999997
0 0.32925 0.9463329999999999 0.019 0.021999999999999992
0 0.43175 0.600333 0.0235 0.02
0 0.074125 0.18866700000000003 0.022250000000000002 0.019333300000000005
0 0.778 0.956833 0.020500000000000004 0.023
0 0.9464999999999999 0.6793329999999999 0.0165 0.024
0 0.8063749999999998 0.930667 0.024250000000000004 0.02
0 0.50225 0.181667 0.0165 0.0326667
0 0.8568749999999998 0.248167 0.02275 0.021
0 0.35850000000000004 0.703667 0.013000000000000001 0.034666699999999995
0 0.2505 0.0986667 0.0225 0.020666699999999996
0 0.273 0.284167 0.014000000000000002 0.027000000000000003
0 0.3155 0.711833 0.018499999999999996 0.0263333
0 0.348375 0.9895 0.02575 0.0176667
0 0.075 0.7845 0.014000000000000002 0.0343333
0 0.537875 0.0943333 0.02125 0.019333300000000005
0 0.478 0.344833 0.025 0.0196667
0 0.91125 0.227667 0.02 0.0233333
0 0.22699999999999998 0.0501667 0.019499999999999997 0.0256667
0 0.15225 0.214167 0.014500000000000002 0.03300000000000001
0 0.9064999999999998 0.103667 0.019499999999999997 0.024666699999999996
0 0.48925 0.35783300000000007 0.02 0.0203333
0 0.551 0.6175 0.018499999999999996 0.023
0 0.491 0.629667 0.0215 0.0213333
0 0.677 0.31366700000000003 0.018 0.0286667
0 0.3091249999999999 0.059166699999999996 0.01825 0.023
0 0.45675 0.25633300000000003 0.0165 0.0273333
0 0.81825 0.314 0.018499999999999996 0.0213333
0 0.9772499999999998 0.2611669999999999 0.021 0.025
0 0.12387499999999997 0.667 0.01575 0.0333333
0 0.6835 0.850167 0.014500000000000002 0.029666699999999997
0 0.5433750000000002 0.559667 0.024250000000000004 0.0213333
0 0.2881250000000001 0.0791667 0.01825 0.0203333
0 0.4040000000000001 0.48383299999999996 0.019 0.025
0 0.4855 0.850333 0.019499999999999997 0.022666699999999998
0 0.366 0.7731670000000002 0.0155 0.028333299999999995
0 0.78075 0.3095 0.017500000000000005 0.0256667
0 0.422125 0.16933300000000004 0.01725 0.0266667
0 0.4695 0.363333 0.015 0.0306667
0 0.5925 0.596167 0.019 0.0223333
0 0.6730000000000002 0.4806670000000001 0.016 0.03
0 0.5533749999999998 0.09 0.02175 0.0213333
0 0.61975 0.6185 0.018 0.0256667
0 0.97 0.6431669999999999 0.021 0.019
0 0.395 0.669167 0.0215 0.0223333
0 0.017 0.175833 0.0215 0.0276667
0 0.050375 0.4545 0.01575 0.027000000000000003
0 0.4844999999999999 0.874333 0.013000000000000001 0.03
0 0.2875 0.9575 0.018499999999999996 0.027000000000000003
0 0.8858750000000001 0.121333 0.023250000000000003 0.022666699999999998
0 0.7488749999999998 0.207667 0.014250000000000002 0.028000000000000008
0 0.815 0.130167 0.0225 0.0176667
0 0.7397500000000001 0.031166700000000002 0.018 0.028333299999999995
0 0.15662499999999996 0.0225 0.014250000000000002 0.035
0 0.21725000000000003 0.9118330000000001 0.024 0.018333300000000004
0 0.6505 0.033 0.015 0.0333333
0 0.972875 0.14966699999999997 0.025250000000000005 0.018666700000000005
0 0.468 0.877 0.012 0.029333299999999996
0 0.5978749999999999 0.446 0.02275 0.019333300000000005
0 0.57 0.6353330000000001 0.023 0.018000000000000002
0 0.377 0.6878329999999999 0.0125 0.028333299999999995
0 0.9570000000000002 0.250833 0.022 0.023
0 0.404625 0.170333 0.01675 0.0273333
0 0.515 0.566 0.0165 0.0313333
0 0.710875 0.977333 0.01575 0.0333333
0 0.9835000000000003 0.8633330000000002 0.02 0.0213333
0 0.618625 0.39966700000000005 0.02025 0.026000000000000002
0 0.836875 0.530333 0.015250000000000001 0.0273333
0 0.679625 0.0418333 0.01975 0.027000000000000003
0 0.949625 0.300833 0.01875 0.023
0 0.962375 0.676167 0.01625 0.0196667
0 0.342625 0.973 0.01675 0.026000000000000002
0 0.59075 0.0978333 0.017500000000000005 0.0256667
0 0.7055 0.3985 0.018 0.0276667
0 0.2755 0.2 0.0225 0.018666700000000005
0 0.2915 0.7775 0.020500000000000004 0.021
0 0.5911250000000001 0.6603329999999998 0.02025 0.021999999999999992
0 0.6470000000000001 0.455 0.0155 0.0286667
0 0.806125 0.7204999999999999 0.01975 0.023
0 0.13925 0.170667 0.023 0.0233333
0 0.66375 0.790667 0.022 0.0233333
0 0.585375 0.883 0.01475 0.0313333
0 0.346125 0.940167 0.02025 0.018333300000000004
0 0.9557500000000002 0.7625 0.018499999999999996 0.021
0 0.25725 0.503167 0.014000000000000002 0.03300000000000001
0 0.686125 0.7185000000000001 0.01975 0.021
0 0.222875 0.705333 0.02275 0.02
0 0.4425 0.391333 0.0215 0.021999999999999992
0 0.764125 0.4235 0.02175 0.0203333
0 0.7248750000000002 0.38583300000000004 0.01775 0.030333300000000004
0 0.428625 0.6415 0.01825 0.027000000000000003
0 0.09475 0.132833 0.026000000000000002 0.0203333
0 0.341875 0.864333 0.01375 0.029333299999999996
0 0.06525 0.5415 0.022 0.018333300000000004
0 0.4857500000000001 0.229 0.024 0.020666699999999996
1 0.7866250000000001 0.3296219375156154 0.020749999999999998 0.021909875031230826
0 0.14712500000000003 0.818333 0.015250000000000001 0.0286667
0 0.6407500000000002 0.029333299999999996 0.018 0.028000000000000008
0 0.6664999999999999 0.870333 0.0235 0.02
0 0.8868750000000002 0.847333 0.01675 0.0306667
0 0.5655 0.550333 0.0225 0.018666700000000005
0 0.58025 0.816167 0.017500000000000005 0.028333299999999995
0 0.0975 0.1605 0.018499999999999996 0.029000000000000005
0 0.79775 0.41316699999999995 0.02 0.0243333
0 0.745 0.39050000000000007 0.023 0.018333300000000004
0 0.77275 0.338 0.019499999999999997 0.020666699999999996
0 0.43362500000000004 0.222833 0.01575 0.0323333
0 0.5879999999999999 0.2675 0.023 0.0223333
0 0.098875 0.331333 0.02025 0.022666699999999998
0 0.767125 0.5253329999999999 0.02125 0.018666700000000005
0 0.31449999999999995 0.12033299999999998 0.019499999999999997 0.024666699999999996
0 0.8078749999999999 0.0371667 0.01725 0.029000000000000005
0 0.5113750000000001 0.513667 0.01325 0.0313333
0 0.6012499999999998 0.7553329999999999 0.014000000000000002 0.0313333
0 0.6451249999999997 0.3835 0.023250000000000003 0.021666699999999997
0 0.48662499999999986 0.6045 0.015250000000000001 0.030333300000000004
0 0.562375 0.523833 0.015250000000000001 0.03300000000000001
0 0.80825 0.39683300000000005 0.021 0.0203333
0 0.963 0.8766669999999998 0.022 0.018666700000000005
0 0.72525 0.8459999999999998 0.019499999999999997 0.024
0 0.946875 0.390833 0.01975 0.0223333
0 0.9313749999999998 0.684667 0.01475 0.0286667
0 0.8327500000000001 0.84 0.015 0.0266667
0 0.35137500000000005 0.679833 0.022250000000000002 0.0196667
0 0.284 0.159833 0.017500000000000005 0.031
0 0.9063749999999999 0.31433299999999986 0.022250000000000002 0.019333300000000005
0 0.6408749999999999 0.823667 0.02025 0.024
0 0.754875 0.6106669999999998 0.01275 0.025333300000000003
0 0.8848750000000001 0.9025 0.01375 0.031
0 0.842875 0.308 0.01725 0.0286667
0 0.9577500000000001 0.6345 0.0155 0.029000000000000005
0 0.603125 0.261333 0.02675 0.019333300000000005
0 0.6455 0.42666699999999996 0.015 0.0333333
0 0.67525 0.829333 0.02 0.02
0 0.460875 0.582333 0.01575 0.032
0 0.632 0.427833 0.02 0.023
0 0.883125 0.26383299999999993 0.02275 0.021
0 0.567 0.0676667 0.022 0.020666699999999996
0 0.271 0.958333 0.018499999999999996 0.0233333
0 0.8325 0.972833 0.018 0.0236667
0 0.93675 0.41083300000000006 0.022 0.021
0 0.9785 0.279833 0.021 0.0243333
0 0.378875 0.952167 0.02075 0.0176667
0 0.077875 0.633 0.019250000000000003 0.0233333
0 0.775375 0.20816699999999996 0.02175 0.0196667
0 0.05975 0.865333 0.0215 0.02
0 0.805625 0.431167 0.025250000000000005 0.018333300000000004
0 0.184625 0.790167 0.01775 0.0316667
0 0.29549999999999993 0.220833 0.014000000000000002 0.035
0 0.71225 0.471667 0.021 0.022666699999999998
0 0.662625 0.415167 0.02075 0.0223333
0 0.9533750000000001 0.6955 0.01625 0.028333299999999995
0 0.4966250000000001 0.32900000000000007 0.01875 0.02
0 0.64275 0.7226670000000002 0.016 0.0286667
0 0.711 0.546167 0.019 0.0256667
0 0.909125 0.54 0.01325 0.0333333
0 0.46225 0.793833 0.0225 0.021666699999999997
0 0.0735 0.4535 0.014000000000000002 0.03300000000000001
0 0.5102500000000001 0.025999999999999995 0.017500000000000005 0.0273333
0 0.621875 0.8213329999999999 0.014250000000000002 0.034
0 0.5269999999999999 0.1045 0.022 0.0176667
0 0.415 0.20183300000000004 0.021 0.021666699999999997
0 0.007625000000000001 0.289333 0.015250000000000001 0.0306667
0 0.09475 0.808167 0.0225 0.018333300000000004
0 0.32550000000000007 0.0718333 0.0155 0.035
0 0.9447499999999998 0.505 0.018499999999999996 0.0233333
0 0.0105 0.259333 0.021 0.02
0 0.5135000000000001 0.0798333 0.014000000000000002 0.028333299999999995
0 0.5291250000000001 0.499333 0.01225 0.0313333
0 0.15912500000000002 0.41199999999999987 0.015250000000000001 0.03
0 0.52175 0.009166670000000002 0.0215 0.018333300000000004
0 0.611625 0.20383300000000001 0.02025 0.0236667
0 0.46325000000000005 0.763667 0.024 0.020666699999999996
0 0.33275 0.04933329999999999 0.019499999999999997 0.0273333
0 0.94875 0.613833 0.014000000000000002 0.027000000000000003
0 0.698125 0.7929999999999999 0.02275 0.021999999999999992
0 0.64475 0.6525 0.014000000000000002 0.0316667
0 0.695875 0.3093330000000001 0.01725 0.0306667
0 0.79 0.9164999999999999 0.017 0.029666699999999997
0 0.24762500000000004 0.902333 0.01675 0.0326667
0 0.24975000000000003 0.7505 0.025 0.019
0 0.6015000000000001 0.7333330000000002 0.020500000000000004 0.02
0 0.20287500000000003 0.11733299999999999 0.01975 0.026000000000000002
0 0.5875 0.575333 0.011 0.03
0 0.47525 0.0221667 0.017500000000000005 0.0316667
0 0.635375 0.4084999999999999 0.01825 0.021666699999999997
0 0.588875 0.2235 0.022250000000000002 0.025
0 0.0375 0.515167 0.0215 0.0276667
0 0.645 0.0645 0.016 0.03300000000000001
0 0.9132499999999999 0.693 0.0125 0.0306667
0 0.6116249999999999 0.138333 0.01075 0.0333333
0 0.7958750000000001 0.694833 0.01275 0.031
0 0.0275 0.504167 0.022 0.018333300000000004
0 0.903875 0.35416700000000007 0.019250000000000003 0.0276667
0 0.511875 0.586167 0.01625 0.029666699999999997
0 0.477 0.3808329999999999 0.02 0.021
0 0.615625 0.0968333 0.02125 0.0263333
0 0.2871250000000001 0.264333 0.02125 0.022666699999999998
0 0.015875 0.480167 0.01875 0.0336667
0 0.5607499999999999 0.103667 0.0215 0.02
0 0.683375 0.770667 0.022250000000000002 0.018666700000000005
0 0.32575 0.206 0.024 0.0173333
0 0.7822499999999999 0.147667 0.02 0.026000000000000002
0 0.9207499999999998 0.625833 0.017500000000000005 0.0276667
0 0.22882054379529118 0.1569280650661396 0.02720077371497727 0.027374875447643013
0 0.3011173370903623 0.051248313338029365 0.017179436030511978 0.018462125301898766
0 0.8141280462809888 0.08053306381690328 0.023383121263752336 0.02228187536436059
0 0.8458622822817956 0.02514668791120695 0.025769154045767895 0.02355512538518119
0 0.7573404660690188 0.3062166300073555 0.010975750797271528 0.030558000499694482
0 0.2049602159751357 0.5965176347544535 0.021474295038139933 0.026738250437232797
0 0.7463510542144637 0.4278120069957233 0.01717943603051193 0.024191750395591485
0 0.8484732572847292 0.47142082020882903 0.009544131128062246 0.03119462551010489
0 0.9727992262850229 0.5118465083698832 0.024814740932961613 0.021645250353950304
0 0.9680271607209922 0.5229874460520635 0.020042675368930684 0.010822625176975152
0 0.8938215412003083 0.6410813854831748 0.020519881925333765 0.024191750395591592
0 0.9229311411408979 0.9064161234696856 0.015747816361302645 0.01909875031230905
