1 0.40781300000000004 0.776563 0.05625 0.0447917
0 0.509375 0.633854 0.025 0.065625
0 0.410547 0.6125000000000002 0.0476562 0.0708333
0 0.22929700000000003 0.470833 0.0523437 0.0520833
0 0.18125 0.545313 0.0328125 0.078125
1 0.354297 0.31875 0.0320312 0.0791667
0 0.129688 0.786458 0.034375 0.0520833
0 0.0992187 0.723958 0.0390625 0.07291669999999999
0 0.281641 0.32500000000000007 0.0289063 0.0770833
0 0.749219 0.691667 0.065625 0.0541667
0 0.697656 0.690625 0.0375 0.0708333
1 0.145703 0.43593699999999996 0.0507812 0.0552083
0 0.190234 0.2895829999999999 0.0648438 0.0479167
0 0.42851599999999995 0.570833 0.0289063 0.0770833
0 0.466016 0.663542 0.0664062 0.0458333
1 0.734375 0.731771 0.0671875 0.0489583
0 0.75625 0.622396 0.065625 0.0385417
0 0.385156 0.628646 0.04375 0.0802083
0 0.320312 0.397396 0.0625 0.042708300000000005
0 0.38671900000000003 0.728125 0.0328125 0.08125
0 0.375781 0.461979 0.0328125 0.084375
0 0.8253910000000002 0.629687 0.0351562 0.084375
1 0.30703100000000005 0.45364599999999994 0.0640625 0.0385417
0 0.7058589999999999 0.476562 0.0742188 0.0697917
0 0.455469 0.331771 0.0625 0.06354169999999999
0 0.581641 0.5052080000000001 0.0382813 0.075
0 0.687891 0.549479 0.0539063 0.07187499999999998
0 0.566797 0.385938 0.0273438 0.0760417
0 0.42578099999999997 0.24635400000000005 0.0390625 0.0864583
0 0.334375 0.7223960000000001 0.0484375 0.0614583
0 0.2125 0.248437 0.0640625 0.042708300000000005
0 0.19453099999999998 0.8401039999999999 0.0515625 0.0447917
0 0.19882799999999995 0.488542 0.0507812 0.075
0 0.516797 0.876562 0.0398437 0.090625
0 0.7734380000000001 0.20260399999999998 0.0640625 0.06354169999999999
0 0.45781200000000005 0.436458 0.0453125 0.05625
0 0.437109 0.738542 0.0492188 0.08125
0 0.412109 0.120833 0.0445312 0.0708333
0 0.12890600000000002 0.5875 0.0609375 0.0625
0 0.528125 0.723437 0.0515625 0.06354169999999999
0 0.460156 0.617188 0.0609375 0.0489583
0 0.22343799999999997 0.781771 0.0484375 0.05937499999999999
0 0.605469 0.429688 0.0484375 0.0697917
0 0.461328 0.161458 0.0351562 0.0770833
0 0.24804700000000002 0.684375 0.0539063 0.05833330000000001
0 0.7464840000000001 0.822917 0.0570313 0.05833330000000001
2 0.41656364891669106 0.38824953871282525 0.03488133614117216 0.02145608856713753
1 0.15595982024658722 0.508940036902974 0.03421054121538043 0.08403634688795542
2 0.5322757736157718 0.5581102398693308 0.018111462996377857 0.02145608856713753
2 0.5339527609302512 0.6466166052087732 0.0389061056959228 0.08224833950736063
3 0.37128499142574634 0.8491084410611339 0.03152736151221339 0.034866143921598376
2 0.7657124077913089 0.450829797033643 0.020794642699544875 0.10012841331330852
