2 0.4151565074135091 0.25164835164835164 0.08896210873146623 0.08131868131868131
2 0.5197693574958814 0.167032967032967 0.08731466227347612 0.0923076923076923
2 0.49093904448105435 0.40879120879120884 0.08237232289950576 0.06153846153846154
2 0.5667215815485998 0.5065934065934066 0.07907742998352553 0.10329670329670329
2 0.7355848434925865 0.5362637362637362 0.09060955518945635 0.0791208791208791
2 0.7487644151565074 0.6318681318681317 0.057660626029654036 0.1076923076923077
2 0.12932454695222406 0.08571428571428572 0.06754530477759473 0.13186813186813187
2 0.05683690280065898 0.4274725274725275 0.09060955518945635 0.06813186813186813
2 0.2504118616144975 0.5274725274725275 0.09225700164744646 0.06593406593406594
2 0.1186161449752883 0.7593406593406593 0.06260296540362437 0.14285714285714282
2 0.19851729818780892 0.6813186813186813 0.060955518945634266 0.10989010989010989
2 0.27924217462932455 0.7439560439560438 0.09060955518945635 0.09010989010989011
2 0.3805601317957166 0.7054945054945054 0.04612850082372323 0.11428571428571428
2 0.40527182866556843 0.8032967032967033 0.08896210873146623 0.06813186813186813
2 0.8245469522240526 0.39780219780219767 0.054365733113673806 0.13186813186813187
2 0.8920922570016474 0.39780219780219767 0.06754530477759473 0.09670329670329672
2 0.9135090609555188 0.27472527472527475 0.09390444810543658 0.07032967032967033
2 0.9159802306425041 0.1857142857142857 0.07907742998352553 0.09890109890109891
0 0.702635914332784 0.020879120879120874 0.054365733113673806 0.04175824175824175
0 0.016474464579901153 0.05164835164835165 0.029654036243822075 0.09010989010989011
