2 0.20866941239081438 0.02401812539275232 0.022558855393601532 0.03530375057729859
2 0.20833674853434037 0.13495397947953933 0.03628347370998852 0.035251136940074604
2 0.2552686330070429 0.23202614015780443 0.018930508022602714 0.02104545488959679
2 0.39645867200895474 0.26306818611995975 0.03943855838042228 0.06418863741327012
2 0.7021074994572274 0.20571932154580846 0.06389046457628418 0.01894090940063713
2 0.6202724908178513 0.22571250369092544 0.024846291779666088 0.03262045507887502
2 0.6058774170089971 0.20808693522088814 0.041804871883247614 0.0215715912618367
2 0.545142037103147 0.30068693673511393 0.02445190619586181 0.029989773217675472
2 0.5041259363875076 0.2877965956152359 0.018141736854994282 0.01683636391167743
2 0.4814487653187648 0.3522483012146261 0.022479978276840763 0.026832954984235838
2 0.5579595685767841 0.3540897785174657 0.014592266600756288 0.01683636391167743
2 0.6403861555918666 0.31936477794963103 0.025635062947274478 0.014731818422717799
2 0.7125587174280394 0.3538267103313458 0.03588908812618419 0.014205682050477796
2 0.7732940973338899 0.29963466399063415 0.054030824981178574 0.020519318517356812
2 0.7659979640335116 0.34146250558370767 0.014197881016951998 0.06734545564670966
2 0.7740828685014983 0.33751648279190843 0.012225953097930857 0.03314659145111499
2 0.7912386413969819 0.37381989247646275 0.011042796346518191 0.02578068223975609
2 0.8521054060734164 0.6368880785964224 0.07966588792845293 0.0605056828075907
2 0.7732282893125718 0.6034784189591874 0.07493326092280238 0.04840454624607253
2 0.7572556731685008 0.5198227357730404 0.013803495433147808 0.025254545867516145
2 0.7428605993596464 0.5740147821137506 0.013409109849343374 0.017888636656157298
2 0.7834823144914814 0.672402283722617 0.030762075536729418 0.0957568197476653
2 0.7310290318455198 0.6097920554260666 0.008676482843692952 0.012627272933758043
2 0.7032248481873221 0.5521801226657954 0.027212605282491427 0.024728409495276205
2 0.6884353887946638 0.5174551220979607 0.02681821969868714 0.01736250028391737
2 0.6493912159980456 0.5253471676815595 0.015775423352168853 0.015257954794957613
2 0.643081046657178 0.5855897823030303 0.010254025178909715 0.023150000378556454
2 0.5573021821797597 0.6387295558992621 0.02405752061205762 0.028411364100955724
2 0.5935856558897482 0.6566181925554193 0.009859639595105617 0.021045454889596818
2 0.619615104420827 0.7313295574134879 0.010648410762714094 0.025254545867516087
2 0.5074124058285255 0.6987091023346129 0.01735296568738581 0.02630681861199596
2 0.5178636237993374 0.639781828643742 0.013803495433147808 0.014731818422717676
2 0.5052432851176024 0.5169289857257209 0.015381037768364662 0.025780682239756027
2 0.4805941861298384 0.534817622381878 0.018141736854994282 0.0215715912618367
2 0.5705140992372012 0.38565796085186094 0.011831567514126666 0.01367954567823792
2 0.42005599901589025 0.3669801196373438 0.010648410762714 0.07628977397478832
2 0.4029002261204065 0.39486534736605955 0.016564194519777375 0.03946022791799401
2 0.4068440819584487 0.36645398326510387 0.02366313502825338 0.028937500473195595
2 0.3818005973868805 0.36198182410106455 0.03904417279661809 0.017888636656157246
2 0.3472918588040111 0.34725000567834674 0.014986652184560476 0.021045454889596818
2 0.143788897561032 0.2943733002682344 0.04495995655368151 0.08681250141958655
2 0.18519938386047535 0.3096312550631926 0.0970188536158388 0.06471477378551012
2 0.1897348180742239 0.4098602339748972 0.019324893606406927 0.04103863703471369
2 0.2571747529047461 0.43458864347017334 0.020902435941623807 0.03472500056783468
2 0.14004223451489184 0.45510796198753034 0.029578918785316714 0.04103863703471369
2 0.08226474648757322 0.48220398515788615 0.010254025178909797 0.018414773028397186
2 0.07437703481148872 0.529030122287239 0.030762075536729393 0.057348864574151254
2 0.16764922538118743 0.5595460318771543 0.011437181930322428 0.046826137129352775
2 0.1993972648774274 0.5679642138329929 0.02050805035781957 0.031042045962155228
2 0.2824154302682163 0.5308715995900787 0.014592266600756241 0.03998636429023388
2 0.2701894771702854 0.562439781924474 0.0461431133050941 0.03998636429023388
2 0.24830107726915107 0.561650577366114 0.04259364305085609 0.028937500473195595
2 0.21872215848383433 0.6524091015775 0.03233961787194629 0.058927273690870946
2 0.24554037818252147 0.6605642153472187 0.011831567514126666 0.01946704577287706
2 0.2096512900563372 0.6994983068929729 0.05679152406780807 0.02262386400631645
2 0.09465254011301351 0.7931505811516786 0.10727287879474864 0.06261022829655045
2 0.26916816094638224 0.8389244455365515 0.023268749444449142 0.019467045772876935
2 0.40345645223172005 0.8191943315775545 0.05205889706215747 0.02735909135647584
2 0.43776799802268745 0.8018318312936371 0.010254025178909809 0.03051590958991535
2 0.375257882989718 0.7450091030917259 0.013014724265539335 0.03156818233439523
2 0.3474536993315204 0.8699664914987066 0.03155084670433781 0.026832954984235838
2 0.49041847346055123 0.8415551273977511 0.015381037768364662 0.03840795517351413
2 0.4929819797552787 0.7899937629182392 0.015775423352168853 0.0215715912618367
2 0.5101377526507624 0.7873630810570394 0.013014724265539335 0.020519318517356937
2 0.5213777417891828 0.8081454677605163 0.023663135028253332 0.028411364100955724
2 0.6398906097223518 0.8186681952053146 0.022479978276840763 0.024202273123036327
2 0.4121329350754129 0.9447556809148083 0.04180487188324767 0.021045454889596697
2 0.47326270056506753 0.9473863627760077 0.017352965687385716 0.02735909135647584
2 0.5972969666714958 0.9255517033280514 0.01301472426553924 0.03840795517351425
2 0.7653052253720944 0.9139767031387731 0.02642383411488295 0.037355682429034254
2 0.6700611068833747 0.80296192859615 0.03943855838042228 0.0573488645741512
