1 0.3682352965687386 0.257 0.012970593137477011 0.03333330000000003
1 0.20725 0.2155 0.02 0.0176667
1 0.85375 0.1825 0.0125 0.0236667
1 0.396625 0.9125 0.01775 0.023
1 0.6177500000000001 0.21899999999999997 0.014500000000000002 0.0306667
1 0.6119999999999999 0.35116700000000006 0.026000000000000002 0.018333300000000004
1 0.8925 0.09333330000000001 0.019499999999999997 0.024666699999999996
1 0.9891250000000003 0.6495000000000001 0.01725 0.0236667
1 0.69 0.8753329999999998 0.017 0.019333300000000005
1 0.666375 0.6485000000000001 0.01825 0.021
1 0.8787499999999998 0.723 0.018 0.018666700000000005
1 0.729375 0.6600000000000001 0.01625 0.022666699999999998
1 0.25887499999999997 0.075 0.023250000000000003 0.0166667
1 0.04675 0.551667 0.019 0.016
1 0.5071249999999999 0.31316700000000003 0.01875 0.025
1 0.625625 0.35566700000000007 0.02275 0.024
1 0.6657499999999998 0.130167 0.0215 0.023
1 0.70075 0.5045 0.0215 0.017
1 0.786125 0.26083300000000004 0.01825 0.018333300000000004
1 0.777 0.519167 0.0155 0.0236667
1 0.707375 0.8546669999999998 0.01775 0.0213333
1 0.22400000000000003 0.24583300000000002 0.025 0.025
1 0.8825000000000002 0.138667 0.018499999999999996 0.0266667
1 0.7601323517156301 0.6640161250520505 0.012764703431262396 0.024633749895895115
1 0.885 0.4991670000000001 0.02 0.0176667
1 0.608 0.210167 0.013499999999999998 0.0256667
1 0.8554999999999999 0.612667 0.015 0.0286667
1 0.18099999999999997 0.22433299999999995 0.019 0.021999999999999992
1 0.87925 0.8661670000000001 0.0165 0.0256667
1 0.6151250000000001 0.390167 0.02075 0.015666699999999995
1 0.78375 0.534333 0.016 0.021999999999999992
1 0.65775 0.3489999999999999 0.0155 0.029333299999999996
1 0.492125 0.982667 0.01775 0.019333300000000005
1 0.7875 0.723 0.0225 0.018666700000000005
1 0.6023749999999999 0.3171669999999999 0.01825 0.023
1 0.214 0.7735 0.0235 0.0176667
1 0.543 0.173333 0.0125 0.034
1 0.096 0.10216700000000001 0.018 0.0263333
1 0.215375 0.308333 0.01825 0.02
1 0.776875 0.3251670000000001 0.02025 0.019
1 0.405 0.9241669999999997 0.019 0.015
1 0.781375 0.3489999999999999 0.02025 0.018000000000000002
1 0.4621249999999999 0.427833 0.01625 0.0263333
1 0.711875 0.567667 0.01625 0.029333299999999996
1 0.07225 0.341 0.0155 0.034
1 0.39225 0.10116700000000003 0.0155 0.03300000000000001
1 0.7585 0.6845 0.02 0.018333300000000004
1 0.5089999999999999 0.136 0.019499999999999997 0.020666699999999996
1 0.732125 0.412167 0.01475 0.0256667
1 0.8788750000000002 0.7006669999999999 0.01325 0.0273333
1 0.201 0.250167 0.0235 0.0196667
1 0.32275 0.5784999999999999 0.02 0.0176667
1 0.74775 0.77 0.014500000000000002 0.028000000000000008
1 0.654 0.674 0.0155 0.028000000000000008
1 0.9139999999999999 0.333 0.0225 0.0173333
1 0.8896250000000002 0.750833 0.01675 0.0236667
1 0.87025 0.568167 0.018499999999999996 0.023
1 0.5089999999999999 0.11733299999999999 0.021 0.018666700000000005
1 0.6725 0.7465 0.0165 0.0276667
1 0.726875 0.866 0.02075 0.024666699999999996
1 0.5972499999999998 0.138667 0.0245 0.020666699999999996
1 0.74525 0.8121670000000001 0.023 0.0163333
1 0.427625 0.9436670000000003 0.02275 0.018666700000000005
1 0.3975 0.787333 0.018 0.0273333
1 0.063125 0.562667 0.01625 0.0286667
1 0.7673749999999999 0.280667 0.019250000000000003 0.019333300000000005
1 0.2976249999999999 0.8461669999999998 0.01725 0.0176667
1 0.7509999999999999 0.623667 0.0165 0.0266667
1 0.869125 0.822667 0.015250000000000001 0.026000000000000002
1 0.28775000000000006 0.759833 0.014500000000000002 0.0263333
1 0.74525 0.0525 0.0225 0.017
1 0.783125 0.296 0.02275 0.018000000000000002
1 0.006749999999999999 0.842167 0.013499999999999998 0.030333300000000004
1 0.784125 0.5993330000000001 0.01875 0.018000000000000002
1 0.68025 0.881333 0.0165 0.028000000000000008
1 0.79925 0.281333 0.0235 0.02
1 0.329125 0.261 0.01225 0.0273333
1 0.447375 0.29250000000000004 0.02075 0.0176667
1 0.417875 0.514833 0.02075 0.018333300000000004
1 0.5747500000000001 0.338333 0.015 0.029333299999999996
1 0.697375 0.379833 0.02075 0.0176667
1 0.43837499999999996 0.104833 0.02075 0.0163333
1 0.626875 0.6885000000000001 0.01575 0.029666699999999997
1 0.6018750000000002 0.4436669999999999 0.01375 0.03
1 0.644 0.1365 0.0165 0.0263333
1 0.7382500000000001 0.345833 0.022 0.0176667
1 0.372875 0.7725 0.014250000000000002 0.0276667
1 0.769 0.34016700000000005 0.023 0.017
1 0.791375 0.03933330000000001 0.01725 0.028000000000000008
1 0.678875 0.192 0.02025 0.018666700000000005
1 0.9625 0.45 0.0155 0.03
1 0.05462500000000001 0.539333 0.02275 0.018666700000000005
1 0.828625 0.199167 0.02075 0.0176667
1 0.210375 0.663833 0.01775 0.029666699999999997
1 0.625125 0.8720000000000002 0.01625 0.021999999999999992
1 0.8976250000000001 0.7065000000000002 0.01875 0.0243333
1 0.207 0.477667 0.0155 0.024666699999999996
1 0.890125 0.833833 0.02025 0.017
1 0.41887500000000005 0.7934999999999998 0.019250000000000003 0.0203333
1 0.21675 0.228667 0.016 0.0266667
1 0.33625 0.7538329999999999 0.020500000000000004 0.019
1 0.9237500000000002 0.503833 0.015 0.0263333
1 0.4766250000000001 0.8904999999999998 0.01375 0.0243333
1 0.6272499999999999 0.615833 0.020500000000000004 0.0163333
1 0.24125 0.86 0.013499999999999998 0.0286667
1 0.655625 0.18583300000000003 0.01725 0.0236667
1 0.725 0.785333 0.018499999999999996 0.024
1 0.609125 0.879 0.014250000000000002 0.03
1 0.60375 0.300833 0.016 0.0276667
1 0.6047499999999999 0.24050000000000002 0.014000000000000002 0.027000000000000003
1 0.9901250000000001 0.325167 0.01825 0.0276667
1 0.67425 0.838667 0.020500000000000004 0.018000000000000002
1 0.28525 0.732833 0.018 0.0196667
1 0.412375 0.536667 0.01625 0.024666699999999996
1 0.3545 0.5869999999999999 0.017500000000000005 0.024
1 0.62325 0.2690000000000001 0.019499999999999997 0.02
1 0.615125 0.35283300000000006 0.015250000000000001 0.0276667
1 0.3031249999999999 0.749333 0.02175 0.018000000000000002
1 0.744375 0.7325 0.01575 0.029000000000000005
1 0.6345 0.3235 0.014500000000000002 0.027000000000000003
1 0.6607499999999998 0.1175 0.012 0.0263333
1 0.0705 0.829 0.018 0.0273333
1 0.31825 0.8766669999999999 0.02 0.018000000000000002
1 0.042625 0.508333 0.01375 0.0286667
1 0.02475 0.685167 0.0155 0.0276667
1 0.876375 0.656333 0.01475 0.03
1 0.401625 0.9405 0.01775 0.029000000000000005
1 0.8831249999999998 0.781167 0.019250000000000003 0.021
1 0.253 0.803333 0.021 0.018000000000000002
1 0.12237499999999998 0.737833 0.02075 0.0196667
1 0.803375 0.381667 0.02025 0.018666700000000005
1 0.333875 0.548 0.01625 0.029333299999999996
1 0.29575 0.685333 0.017500000000000005 0.0273333
1 0.4927500000000001 0.131833 0.016 0.028333299999999995
1 0.552625 0.607833 0.02025 0.021
1 0.23725 0.43199999999999994 0.013000000000000001 0.0266667
1 0.07575 0.8015000000000001 0.013499999999999998 0.029000000000000005
1 0.492125 0.209833 0.01825 0.0243333
1 0.22524999999999998 0.251 0.014500000000000002 0.0286667
1 0.78525 0.392667 0.018499999999999996 0.03
1 0.5657499999999999 0.6625 0.013499999999999998 0.030333300000000004
1 0.599625 0.333833 0.02025 0.0203333
1 0.552375 0.486 0.02275 0.020666699999999996
1 0.825125 0.2645 0.02075 0.0163333
1 0.713 0.523833 0.014000000000000002 0.025
1 0.8575000000000002 0.0165 0.016 0.0243333
1 0.096875 0.728 0.01725 0.024666699999999996
1 0.08425 0.566333 0.018 0.022666699999999998
1 0.793375 0.145833 0.01575 0.029666699999999997
1 0.7695000000000001 0.36700000000000005 0.016 0.024
1 0.278125 0.428 0.01725 0.0273333
1 0.098 0.3925 0.019499999999999997 0.0203333
1 0.35350000000000004 0.742167 0.014500000000000002 0.029000000000000005
1 0.829625 0.585667 0.01725 0.025333300000000003
1 0.56125 0.319167 0.015 0.029000000000000005
1 0.49437500000000006 0.315 0.01475 0.03
1 0.44725000000000004 0.809667 0.021 0.024666699999999996
1 0.3677500000000001 0.9079999999999999 0.02 0.021999999999999992
1 0.19525000000000003 0.549833 0.019 0.025
1 0.844375 0.508 0.01575 0.0306667
1 0.5751250000000001 0.3005 0.014250000000000002 0.0276667
1 0.17375 0.6445000000000001 0.016 0.025
1 0.014249999999999999 0.439833 0.018499999999999996 0.0256667
1 0.09875 0.6715000000000001 0.020500000000000004 0.021
1 0.8695 0.4988330000000001 0.018 0.0263333
1 0.269 0.8036670000000001 0.017500000000000005 0.0273333
1 0.55825 0.234333 0.0225 0.020666699999999996
1 0.341375 0.881333 0.01625 0.025333300000000003
1 0.3815 0.179333 0.022 0.019333300000000005
1 0.5716250000000002 0.22000000000000003 0.01675 0.0306667
1 0.6502500000000001 0.151167 0.013000000000000001 0.035
1 0.6285 0.197833 0.013499999999999998 0.0323333
1 0.43875 0.444833 0.0215 0.021
1 0.6857500000000001 0.6595 0.0215 0.017
1 0.475125 0.5719999999999998 0.01475 0.03
1 0.584 0.2455 0.02 0.025
1 0.805375 0.8866669999999998 0.01575 0.0313333
1 0.852375 0.5165 0.01275 0.0276667
1 0.5356249999999999 0.5936670000000001 0.01825 0.029333299999999996
1 0.29500000000000004 0.615833 0.0215 0.021
1 0.218375 0.27299999999999996 0.01575 0.035333300000000005
1 0.7115 0.661667 0.014500000000000002 0.028000000000000008
1 0.3218750000000001 0.743 0.015250000000000001 0.024
1 0.31262500000000004 0.535167 0.019250000000000003 0.0203333
1 0.6118749999999998 0.25550000000000006 0.01225 0.0316667
1 0.496875 0.634667 0.02375 0.019333300000000005
1 0.447375 0.248167 0.022250000000000002 0.019
1 0.6212500000000001 0.32933300000000004 0.013000000000000001 0.03
1 0.5208749999999999 0.562333 0.01725 0.0266667
1 0.5936249999999998 0.28 0.02075 0.024
1 0.37925 0.6878329999999999 0.0235 0.0223333
1 0.05125 0.647833 0.0225 0.0176667
1 0.3086249999999999 0.666667 0.01275 0.032
1 0.81525 0.807667 0.018499999999999996 0.024
1 0.7923750000000002 0.362667 0.01875 0.0213333
1 0.6460000000000001 0.867 0.021 0.02
1 0.098125 0.4188329999999999 0.02125 0.019
1 0.233625 0.3845000000000001 0.01575 0.03300000000000001
1 0.921375 0.6271670000000001 0.02025 0.018333300000000004
1 0.2785 0.6861670000000001 0.0215 0.021
1 0.533 0.103667 0.021 0.0233333
1 0.19847454504947518 0.23381500382342016 0.019522086398309012 0.025465000416412177
1 0.33165855670016137 0.567753759284097 0.028198569242001995 0.01736250028391737
1 0.4140851437152439 0.9641174994132373 0.021257382967047635 0.01967750032177297
1 0.5132139602044353 0.8098806218911051 0.018220613971755104 0.013311250217670031
1 0.4722175787679863 0.4293524906685833 0.014316196692093275 0.026622500435339938
1 0.5526919571432379 0.16804686139562736 0.016485317403016512 0.027201250444803825
1 0.5103941032802353 0.10554186037352492 0.026463272673263313 0.020256250331236892
1 0.6600634323339378 0.15676123621108112 0.01518384497646257 0.02778000045426774
1 0.6693906513909076 0.14779061106439045 0.014750020834278017 0.02835875046373166
1 0.6765487497369541 0.1417137359650194 0.013448548407724074 0.025465000416412108
1 0.900835831246416 0.12385250202527702 0.019522086398308953 0.012732500208206054
1 0.8936777329003692 0.13803187725714286 0.011279427696800837 0.02951625048265948
1 0.8943284691136462 0.11459250187385446 0.016919141545201067 0.02199250035962864
1 0.8698174050802137 0.14613437738963764 0.02602944853107867 0.017941250293381252
1 0.8674313722981981 0.1684162527539982 0.01865443811393966 0.015047500246061683
1 0.8526813514639201 0.1542368775221324 0.02038973468267825 0.02025625033123688
1 0.8374975064874577 0.18057000295274037 0.022125031251416932 0.019677500321772998
1 0.8643946033029057 0.18028062794800842 0.010845603554616001 0.02835875046373166
1 0.8681174607758677 0.6803206361248278 0.015617669118647124 0.027201250444803857
1 0.7672533477179377 0.6519618856610961 0.019522086398309046 0.03067375050158722
