1 0.526953 0.9776039999999999 0.0664062 0.0385417
0 0.499219 0.463542 0.0265625 0.0791667
0 0.375 0.19843700000000003 0.0484375 0.028125
0 0.8761720000000001 0.29375 0.0679687 0.0458333
1 0.233984 0.8088539999999999 0.0539063 0.0739583
0 0.586719 0.864062 0.0625 0.042708300000000005
0 0.5957029999999999 0.485417 0.0335938 0.0833333
0 0.544141 0.9244789999999999 0.0429688 0.05729170000000001
0 0.497656 0.715625 0.0671875 0.0479167
0 0.450391 0.6489580000000003 0.0617188 0.0666667
0 0.396094 0.41875 0.0625 0.0520833
0 0.507031 0.303646 0.0609375 0.046875
0 0.765625 0.45364599999999994 0.071875 0.053125
0 0.551172 0.252083 0.0289063 0.0875
0 0.326172 0.551562 0.0429688 0.0697917
0 0.20625 0.653125 0.034375 0.0854167
0 0.7558589999999998 0.213542 0.0382813 0.0875
0 0.207031 0.73125 0.0515625 0.0666667
0 0.257422 0.6442710000000001 0.0617188 0.065625
0 0.296875 0.569792 0.0296875 0.0875
0 0.42304700000000006 0.329167 0.0320312 0.07291669999999999
0 0.316406 0.6932290000000001 0.05 0.0760417
0 0.701563 0.604167 0.0625 0.05
0 0.549609 0.792188 0.0570313 0.084375
0 0.209375 0.292708 0.05 0.0479167
0 0.640625 0.559896 0.03125 0.096875
0 0.6800780000000001 0.685938 0.0523437 0.0697917
0 0.544531 0.32760400000000006 0.0734375 0.0489583
0 0.43906300000000004 0.405208 0.0578125 0.07291669999999999
0 0.352344 0.509896 0.0546875 0.0739583
0 0.19257799999999997 0.456771 0.0429688 0.084375
2 0.5591291634612636 0.3560956891783617 0.036034438162368 0.03324807112676274
