1 0.04116241590085879 0.7763284133646502 0.028661237738375745 0.08127306275430896
0 0.18263916388603274 0.8905170665344541 0.06037154332125953 0.043074723259783815
0 0.10580265420442965 0.8027421587598006 0.060371543321259574 0.04144926200469759
0 0.16190550254337793 0.5959022140500845 0.06403042473466923 0.04876383765258532
0 0.46101905808961846 0.8673542436494762 0.07195800113039015 0.05364022141784393
0 0.40003770119945736 0.8657287823943899 0.05854210261455477 0.05201476016275769
1 0.27441610600572525 0.8462232473333559 0.06707949257917728 0.04876383765258532
1 0.5390751949090248 0.801523062818486 0.042686949823112885 0.06989483396870573
1 0.526269109962091 0.7625119926964176 0.06098135689016115 0.045512915142412964
2 0.4844968804923307 0.7226881919468063 0.09086222176634014 0.045512915142412964
1 0.468031914131987 0.7970530443669988 0.04573601766762088 0.08208579338185196
1 0.4161977607753501 0.792583025915512 0.035979000565195145 0.08452398526448121
0 0.3689372091854752 0.7832366236987665 0.057322475476751504 0.052827490790300705
0 0.2872221909526591 0.7832366236987665 0.06829911971698054 0.03982380074961136
0 0.24209598685393988 0.8173713100555762 0.054883221201145055 0.038198339494525224
1 0.3311287679135752 0.8194031366244339 0.05610284833894824 0.05364022141784383
0 0.3424103189382551 0.7080590406510306 0.03963788197860475 0.09265129153991207
0 0.41589285399089915 0.7255327491432071 0.06585986544137405 0.05445295204538703
0 0.4229057100332678 0.6475106088990706 0.06768930614807894 0.04470018451486995
3 0.038418254840801545 0.4500170664061 0.0512243397877354 0.04144926200469749
1 0.11708420522910946 0.4138505534804326 0.053663594063341834 0.07639667898905039
0 0.1085468152644869 0.35086392984584314 0.04146732268530961 0.05282749079030081
3 0.19361580812626175 0.45164252766118623 0.04817527194322733 0.06745664208607638
0 0.29057616558161803 0.5406365313771545 0.057932289045653146 0.03576014761189598
1 0.3512526156873284 0.527632841336465 0.03902806840970312 0.08452398526448121
1 0.26770815674780757 0.49390452029342685 0.06342061116576764 0.036572878239439
1 0.43235782035124276 0.5727393911651064 0.06464023830357085 0.05120202953521467
0 0.4912048297502484 0.6019976937566577 0.049394899081030515 0.07558394836150722
0 0.4436393713759227 0.5178800738059479 0.06403042473466923 0.05201476016275769
0 0.2744161060057253 0.4357942804240959 0.036588814134096696 0.08777490777465367
1 0.25063337681856246 0.3293265682159513 0.07195800113039018 0.04063653137715448
0 0.5064501689727886 0.403691420636144 0.06281079759686606 0.049576568280128394
0 0.41802720148205486 0.4321369926001521 0.059151916183456325 0.06420571957590407
0 0.3210668440266986 0.4687098708395911 0.03963788197860479 0.0837112546369381
0 0.31832268296664135 0.3943450184193985 0.04268694982311284 0.07802214024413659
0 0.37076664989217994 0.4105996309702602 0.0792757639572095 0.0471383763974991
1 0.5030961943438297 0.30941466784114563 0.05000471264993215 0.08208579338185196
1 0.46620247342528226 0.33135839478480905 0.02988086487617898 0.09671494467762759
0 0.44120011710031615 0.35736577486618787 0.03475937342739188 0.08046033212676579
0 0.39698863335494927 0.34273662357041224 0.05854210261455477 0.06420571957590403
0 0.3567409378074429 0.3565530442386448 0.04878508551212892 0.060954797065731654
0 0.29972336911514214 0.3309520294710375 0.027441610600572527 0.07639667898905035
1 0.33844653074039455 0.29153459403519766 0.03780844127189989 0.08046033212676579
0 0.331433674698026 0.22326522132157817 0.05915191618345637 0.05282749079030078
1 0.2902712587971672 0.2764990774256505 0.03536918699629347 0.06664391145853327
0 0.16129568897447633 0.17148616241159179 0.05305378049444023 0.06339298894836093
0 0.10610756098888047 0.17676891149062185 0.062200984027964396 0.05932933581064548
2 0.546697864520295 0.5201476016275769 0.04451639052981769 0.19180442810016896
0 0.5963976703857763 0.5603777676909598 0.035369186996293586 0.07558394836150722
0 0.6787225021874939 0.35516328423632987 0.06342061116576768 0.06501845020344714
0 0.7894036649431365 0.3129012916040892 0.07012856042368533 0.04388745388732674
2 0.7628767746959164 0.3519123617261575 0.02439254275606452 0.022756457571206482
1 0.8540439032467071 0.4031143912613721 0.051834153356636964 0.07964760149922272
1 0.7878791310208826 0.38482795214165255 0.04146732268530961 0.08533671589202432
2 0.8080029787946356 0.41489898536074693 0.029271051307277425 0.026820110708921964
0 0.8092226059324389 0.45675461267921597 0.04390657696091615 0.060142066438188646
1 0.8397132843775194 0.5152712178623183 0.04390657696091599 0.08127306275430896
0 0.7381793251554011 0.4953593174875126 0.03232011915178551 0.08533671589202432
0 0.7500706897489825 0.5851660518310241 0.06707949257917724 0.055265682672930055
0 0.692748214272231 0.5047057197042583 0.0634206111657676 0.07152029522379176
0 0.6473171033890608 0.44944003703132807 0.03963788197860471 0.09915313656025679
