2 0.2504118616144975 0.1846153846153846 0.08237232289950576 0.11428571428571428
2 0.4843492586490939 0.05274725274725275 0.07907742998352553 0.0923076923076923
2 0.7586490939044481 0.2934065934065935 0.06425041186161448 0.13846153846153847
2 0.8443163097199341 0.34175824175824177 0.08731466227347612 0.07252747252747255
2 0.7100494233937398 0.4692307692307692 0.06260296540362437 0.12527472527472527
0 0.7578253706754531 0.434065934065934 0.052718286655683705 0.12967032967032968
2 0.6762767710049422 0.6010989010989011 0.060955518945634266 0.12967032967032968
2 0.4357495881383855 0.7835164835164835 0.06425041186161448 0.11208791208791212
0 0.6227347611202636 0.9461538461538462 0.09884678747940692 0.08571428571428572
2 0.10378912685337728 0.2307692307692308 0.09225700164744646 0.08791208791208793
2 0.23146622734761121 0.48791208791208796 0.09390444810543658 0.06593406593406594
2 0.2257001647446458 0.4274725274725275 0.09555189456342669 0.06373626373626373
2 0.23311367380560133 0.3648351648351648 0.09060955518945635 0.05714285714285714
2 0.0741350906095552 0.497802197802198 0.08896210873146623 0.09890109890109891
0 0.23476112026359142 0.6087912087912088 0.06754530477759473 0.1054945054945055
0 0.42339373970345967 0.9582417582417583 0.08896210873146623 0.07032967032967033
0 0.30724876441515653 0.9703296703296701 0.057660626029654036 0.054945054945054944
0 0.03789126853377265 0.9736263736263736 0.07248764415156508 0.04835164835164836
0 0.06177924217462932 0.048351648351648346 0.06754530477759473 0.0923076923076923
0 0.2273476112026359 0.00989010989010989 0.05601317957166392 0.015384615384615385
0 0.5873146622734761 0.01208791208791209 0.08072487644151564 0.02417582417582418
