1 0.54625 0.264 0.018499999999999996 0.0146667
0 0.7699835323489133 0.2544712355176364 0.015769452884780363 0.028421110065962485
0 0.44723839557010786 0.053761363722399196 0.014674402953261372 0.029203134757672285
0 0.5328749999999997 0.20006508262116385 0.014769452884781493 0.024826446343563083
0 0.9290204772416005 0.5657602365539519 0.019192831481222333 0.021086588966809827
0 0.8548750000000002 0.377333 0.01875 0.0326667
0 0.210625 0.10266699999999998 0.01625 0.0146667
0 0.5553255970467387 0.20759384710352735 0.011585323489129702 0.01602854786349152
0 0.241375 0.487833 0.01675 0.0276667
2 0.17933233825543538 0.09233329999999997 0.03137422925869135 0.019333300000000005
2 0.848875 0.214167 0.015250000000000001 0.025
0 0.4582286691277172 0.7193844586894177 0.01884504993152062 0.025464498480071707
2 0.37947192791902123 0.23296368186119965 0.019443855838042222 0.02595764482363442
0 0.414125 0.491167 0.01275 0.025
0 0.5208306309940715 0.7890371165497843 0.01575000000000003 0.0283919986182469
0 0.2540310573146729 0.2858980826211639 0.024647438118474897 0.023796865242327506
0 0.14667875399604718 0.6308625296556043 0.015553753996046759 0.03010246275517119
0 0.5255601537524714 0.6052607062074731 0.020613478459480472 0.0171601520663761
0 0.34303779852336896 0.05981907606825421 0.01918037342064992 0.03062434482363454
0 0.24212500000000003 0.513 0.02575 0.018666700000000005
2 0.6723796924950588 0.4523330000000001 0.017500000000000005 0.019333300000000005
0 0.26848421525345917 0.9888333500000017 0.014639077485175718 0.02233329999999702
0 0.3080610073831531 0.36883299999999997 0.01862201476630601 0.019666699999999995
0 0.9742005970467386 0.21547830579294536 0.014598805906522879 0.02739049572698316
0 0.485375 0.662 0.014250000000000002 0.03
0 0.07715793530217409 0.2999566115858908 0.02124999999999999 0.019072969515344634
0 0.5575 0.6154999999999999 0.02 0.025
0 0.7414786691277176 0.31994954131058184 0.020457338255435335 0.01644872469170986
0 0.5663971845029654 0.5125218820684633 0.014161261988139717 0.030464592410774375
2 0.10487986322119527 0.3713193760682544 0.018391467651087047 0.017797868480071484
0 0.42524999999999996 0.502167 0.017 0.021
0 0.4489457338255432 0.6991084710352732 0.01684504993152047 0.030479339030689376
0 0.8205 0.398333 0.015 0.029333299999999996
0 0.8352406150098836 0.5268625296556039 0.014715015984186291 0.028305409651435597
0 0.20447312300197687 0.956145117931539 0.018376277972328527 0.023449757929451653
1 0.7837500000000012 0.853347295174283 0.015999999999997926 0.02069459034856183
0 0.251313992616847 0.2627679173788362 0.01612798523369391 0.025536534757672227
0 0.21423353234891296 0.2799788224118174 0.018749999999999996 0.015868801519928578
0 0.9024999999999999 0.451333 0.019 0.0213333
0 0.428924061500989 0.7756018234481321 0.021000000000000036 0.018623875170114636
0 0.4258749999999998 0.06550051661887189 0.01703293530217439 0.022738636277600786
0 0.5914462460039531 0.7776374703443978 0.018563138986164268 0.03145069723649155
0 0.12262499999999997 0.7335 0.01975 0.018333300000000004
0 0.3354509384990119 0.5717825882759342 0.017553753996047222 0.023391998618246333
2 0.22173890774851793 0.8926670000000027 0.021889077485175896 0.020000000000000035
0 0.76575 0.129167 0.019 0.0163333
0 0.41902218450296475 0.783717881377586 0.017500000000000005 0.021
0 0.6585 0.1465 0.021 0.013666700000000002
0 0.24237499999999998 0.829333 0.01775 0.019333300000000005
1 0.2559127985233693 0.38726084710352654 0.012193855838042144 0.0328412868941806
0 0.22779266174456464 0.29354338841410915 0.019499999999999997 0.0236667
0 0.12650469249505883 0.7878762944834058 0.020009384990117507 0.019086588966809523
0 0.8540000000000001 0.3761669999999999 0.018 0.015666699999999995
0 0.478375 0.679833 0.01275 0.03300000000000001
0 0.7899244029532612 0.1676523760682542 0.017453582280432575 0.024667733237743832
1 0.8663207338255431 0.2936886942070547 0.01887798523369329 0.02471008841410925
1 0.41787499999999916 0.22973915289647262 0.012249999999999997 0.030290944823634657
0 0.35025 0.4055 0.017500000000000005 0.0256667
0 0.01620059704673879 0.2695 0.019854776373910317 0.01766669999999999
0 0.65825 0.817167 0.0165 0.018333300000000004
0 0.14987500000000004 0.12250000000000001 0.02075 0.0203333
0 0.1468798632211953 0.2228980826211638 0.01825972644239047 0.024203134757672263
0 0.883740273557609 0.1046957644823635 0.022868258791303275 0.01869524786349166
1 0.89895247503424 0.0925216942070546 0.012404950068480351 0.025043388414109243
0 0.006749999999999999 0.2455 0.013499999999999998 0.027000000000000003
0 0.34887500000000005 0.2087896115858908 0.010250000000000002 0.02957992317178152
0 0.28801578474654166 0.6228258827593394 0.015468430506917983 0.02634823448132201
0 0.5565591293956517 0.29045661158589087 0.019250000000000014 0.01917355365643706
1 0.4711250000000006 0.46807229379252896 0.013250000000000019 0.03414528758505693
0 0.7407231230019772 0.8606451179315381 0.018724400974304726 0.026652704825717053
0 0.670625 0.416833 0.01775 0.021
0 0.42225 0.2525 0.017 0.0276667
0 0.6093750000000001 0.603167 0.01675 0.025
0 0.21517926617445648 0.04471745868941808 0.021292661744564557 0.01836194786349156
0 0.680875 0.4269999999999999 0.01775 0.02
0 0.8206092152534601 0.563123705516595 0.020692831481221526 0.019608001381752713
1 0.6802342152534595 0.48410894068879345 0.0205315694930832 0.022884581377585093
0 0.667 0.160833 0.018499999999999996 0.0236667
0 0.366 0.912833 0.018 0.021666699999999997
0 0.914 0.910167 0.018499999999999996 0.015
0 0.5085332767544473 0.7803330000000002 0.01856655350889383 0.01666670000000003
0 0.133625 0.168333 0.01625 0.03
0 0.06325000000000001 0.536 0.016 0.0333333
0 0.37450000000000006 0.929833 0.017500000000000005 0.0223333
0 0.26925 0.32683299999999993 0.017 0.029666699999999997
0 0.6203749999999999 0.978667 0.01275 0.0233333
0 0.30083703075049417 0.5920651765518682 0.016022184502964564 0.028448818622413635
0 0.304375 0.6984999999999999 0.01325 0.03300000000000001
0 0.413125 0.9129999999999999 0.01725 0.0313333
0 0.225625 0.955167 0.01375 0.030333300000000004
0 0.21087500000000003 0.107333 0.019250000000000003 0.034
0 0.639125 0.7980000000000002 0.02025 0.0286667
0 0.6461744029532615 0.320927847103527 0.024736517582606473 0.018492113105819566
0 0.33193412939565187 0.32979768186119957 0.02186825879130335 0.023594663722399017
0 0.40161860024357693 0.5700799413796707 0.016674061500987353 0.02407353309956677
1 0.09520563099407062 0.6944852351721988 0.015911261988140944 0.018971170344395414
0 0.35795093849901216 0.6784348234481326 0.020009384990116858 0.017275640688792903
0 0.8488592152534595 0.8194062937925293 0.016218430506916688 0.036145287585056626
0 0.721875 0.31050000000000005 0.02125 0.023
0 0.5738750000000001 0.16716699999999998 0.02075 0.015666699999999995
0 0.5542500000000001 0.588 0.0165 0.0266667
0 0.325625 0.865833 0.019250000000000003 0.0196667
0 0.210125 0.4966670000000001 0.01675 0.018000000000000002
2 0.6970823382554354 0.31974622317178153 0.02075 0.0203333
0 0.8098749999999997 0.17230423551763657 0.02324999999999999 0.015391528964726904
0 0.31712499999999993 0.358333 0.01775 0.0306667
0 0.61875 0.34783299999999995 0.0155 0.0316667
0 0.6195823382554365 0.47334776482780244 0.01679095448319816 0.0253342393070386
0 0.802375 0.3735 0.01475 0.023
0 0.619125 0.412667 0.01575 0.025333300000000003
0 0.3049011940934771 0.10143491737883618 0.016151194093478434 0.031189427444798256
0 0.8703798632211945 0.3405867768282185 0.015240273557608692 0.025840253656437242
0 0.08074360024357649 0.7593330000000005 0.02048720048715264 0.029333299999999216
0 0.7986249999999999 0.535667 0.01825 0.02
0 0.094875 0.6735 0.02125 0.019
0 0.5581250000000009 0.4737754710352735 0.01325000000000003 0.02821694207054551
0 0.13703293530217414 0.14616699999999994 0.02043412939565172 0.017666699999999987
0 0.7352402735576097 0.3018910123458549 0.021019452884781277 0.020448724691710208
0 0.398 0.8915 0.017 0.023
0 0.15955375399604707 0.482108940688793 0.0235 0.021
0 0.16098250799209424 0.8663330000000022 0.022465015984187743 0.01800000000000003
0 0.29337499999999994 0.26962361158589077 0.021249999999999995 0.016579923171781526
2 0.8583750000000018 0.4801155882759349 0.018768769980232417 0.02860987999583131
0 0.7617499999999999 0.7858329999999999 0.019 0.0223333
0 0.8611249999999999 0.272833 0.01625 0.027000000000000003
0 0.8359573382554373 0.7523115875850584 0.015414676510866683 0.02462387517011205
0 0.44259206469782547 0.18658729344709027 0.019901194093478226 0.024914256409525447
0 0.08175 0.689333 0.017500000000000005 0.0313333
0 0.37825 0.0288333 0.017500000000000005 0.0263333
0 0.07317440295326123 0.09633329999999994 0.02238771167608446 0.03156611585890765
0 0.29849999999999993 0.348833 0.018 0.015666699999999995
0 0.6081787539960476 0.49283300000000096 0.01635750799209328 0.024333300000000023
0 0.50325 0.3549999999999999 0.013499999999999998 0.03
0 0.0935 0.226167 0.0155 0.028333299999999995
1 0.811 0.887167 0.013000000000000001 0.0343333
0 0.9265000000000001 0.861 0.018 0.02
0 0.8879304612574132 0.9483111179315385 0.025987200487150447 0.022419888966808757
0 0.5628749999999999 0.914833 0.02025 0.0196667
0 0.9583749999999999 0.179 0.01825 0.0166667
1 0.814625 0.9240000000000002 0.01625 0.024666699999999996
0 0.8945000000000002 0.24850000000000005 0.019 0.019
0 0.6918796924950604 0.8893762944834073 0.022259384990116683 0.020086588966809746
0 0.5494999999999999 0.330667 0.0165 0.026000000000000002
0 0.8931908706043481 0.12708022317178155 0.02261825879130295 0.02482644634356304
0 0.16175000000000003 0.10833299999999997 0.019499999999999997 0.016
0 0.021624999999999995 0.501667 0.015250000000000001 0.022666699999999998
0 0.7142500000000002 0.7385 0.021 0.0203333
0 0.725125 0.45933300000000005 0.01575 0.0213333
0 0.117625 0.9243330000000001 0.01625 0.02
0 0.6484244029532613 0.352333 0.015 0.03
0 0.482 0.53 0.018499999999999996 0.014000000000000004
0 0.762625 0.850167 0.01725 0.018333300000000004
0 0.08224999999999999 0.6571669999999998 0.017 0.03633329999999999
0 0.102625 0.844833 0.01575 0.0276667
0 0.7810601537524713 0.5616670000000004 0.022290954483198927 0.02266670000000003
0 0.8985 0.556667 0.018 0.0173333
1 0.44575 0.769 0.016 0.028000000000000008
0 0.07337500000000001 0.625 0.01675 0.036000000000000004
0 0.03590119409347759 0.37174622317178146 0.02330238818695512 0.023493146343563084
2 0.8301579353021742 0.2469999999999998 0.020118258791303436 0.020666699999999986
0 0.5868749999999999 0.497333 0.01825 0.0213333
0 0.1985 0.891833 0.0215 0.021
0 0.016221927919021117 0.3474999999999999 0.022943855838042232 0.01766669999999989
0 0.849375 0.4125 0.02375 0.0196667
0 0.8498971845029655 0.9085000000000015 0.019205630994071587 0.019666700000000027
0 0.07543412939565172 0.26134814055061767 0.0165 0.032
0 0.12710281549703528 0.4490000000000003 0.021205630994070496 0.020000000000000028
0 0.7814999999999999 0.0803333 0.013499999999999998 0.034
0 0.361125 0.8855 0.014250000000000002 0.0356667
0 0.453375 0.599167 0.01675 0.029666699999999997
0 0.6738042661744562 0.09716669999999997 0.02184504993151989 0.022333300000000004
0 0.50575 0.9625 0.017 0.03699999999999999
1 0.6909835323489131 0.21776791737883613 0.01775 0.0286667
0 0.7725116044298919 0.1643410702753088 0.019023208859783636 0.02334814055061766
0 0.0545 0.636667 0.019 0.018666700000000005
0 0.83325 0.667833 0.014500000000000002 0.029666699999999997
0 0.790625 0.48666700000000007 0.01875 0.025333300000000003
0 0.17892926617445648 0.40635469420705417 0.02259504993151979 0.021666699999999997
0 0.3465 0.253 0.018 0.029333299999999996
0 0.4082453075049414 0.819 0.016838738011858714 0.027333300000000036
0 0.27862499999999996 0.8284999999999999 0.01775 0.0223333
0 0.210375 0.42849999999999994 0.01725 0.0196667
0 0.7499999999999999 0.2679999999999998 0.020868258791303444 0.024666699999999982
0 0.710625 0.594167 0.01625 0.0276667
0 0.64925 0.187667 0.018499999999999996 0.0213333
0 0.8535 0.231 0.017 0.02
0 0.28324999999999995 0.43433299999999997 0.017500000000000005 0.0266667
0 0.7346249999999999 0.071 0.01875 0.0173333
0 0.897625 0.7808329999999999 0.01825 0.018333300000000004
0 0.23399999999999999 0.8646670000000001 0.014500000000000002 0.0266667
0 0.5749127985233693 0.2016236115858908 0.01660853234891309 0.029796865242327764
0 0.263 0.845167 0.0165 0.029000000000000005
0 0.663375 0.5716670000000001 0.01625 0.032
0 0.501125 0.747833 0.01625 0.029000000000000005
1 0.20257559704673878 0.36383299999999985 0.025887711676084522 0.021666699999999997
0 0.6455 0.987833 0.0165 0.0236667
0 0.6255 0.613667 0.019499999999999997 0.024666699999999996
0 0.33425 0.7914999999999999 0.019499999999999997 0.023
0 0.910375 0.5835 0.01875 0.0243333
0 0.43 0.231167 0.018499999999999996 0.028333299999999995
0 0.073625 0.8295 0.01975 0.019
0 0.8113749999999998 0.812 0.01875 0.02
0 0.23337499999999994 0.423 0.02025 0.028000000000000008
0 0.03887499999999997 0.33489152896472696 0.020249999999999994 0.02578305792945386
1 0.7488914676510869 0.16970283475767237 0.018499999999999996 0.029666699999999997
0 0.8636463308722827 0.17052169420705468 0.01792440295326105 0.02626033048465534
0 0.35087499999999955 0.11858729344709033 0.018249999999999995 0.033841286894180714
0 0.38174999999999976 0.17393491737883607 0.02200000000000023 0.018536534757672255
0 0.6773750000000011 0.8150432944834054 0.01475000000000001 0.02608658896681003
0 0.669125 0.7265 0.01625 0.029666699999999997
0 0.4145 0.535667 0.022 0.020666699999999996
0 0.8560537539960474 0.6637540586203309 0.019607507992093594 0.02228953586307435
0 0.141875 0.738167 0.01825 0.038333299999999994
0 0.10298353234891308 0.31904338841410923 0.013750000000000002 0.032146039030689154
0 0.374625 0.33266700000000005 0.02075 0.02
0 0.845875 0.311333 0.01725 0.018666700000000005
0 0.2931250000000001 0.6563330000000002 0.01625 0.0393333
0 0.7775 0.47533299999999995 0.014500000000000002 0.024666699999999996
0 0.08625 0.497333 0.02 0.019333300000000005
0 0.31749999999999995 0.657333 0.016 0.035333300000000005
1 0.558 0.151333 0.022 0.018000000000000002
0 0.053174402953261216 0.07683329999999997 0.020651194093477567 0.01766669999999999
0 0.8732499999999999 0.909 0.018499999999999996 0.028000000000000008
1 0.65425 0.764 0.019 0.019333300000000005
0 0.6617768769980238 0.8784928827593396 0.016553753996046357 0.032348234481322694
0 0.64625 0.720167 0.0215 0.029000000000000005
0 0.770375 0.727 0.01375 0.036000000000000004
0 0.7145 0.647333 0.020500000000000004 0.0213333
0 0.245625 0.465833 0.01575 0.035
0 0.48702687699802377 0.8372973531037359 0.018813138986164046 0.03160894068879291
0 0.5407829353021741 0.08324652317178151 0.02 0.0233333
0 0.5987499999999999 0.33733300000000005 0.022 0.024666699999999996
0 0.5265 0.2615 0.017 0.023
0 0.633625 0.774 0.015250000000000001 0.028000000000000008
0 0.9451250000000002 0.2785 0.01675 0.0276667
0 0.293125 0.545167 0.02025 0.030333300000000004
0 0.12174999999999997 0.36383299999999996 0.0165 0.0316667
0 0.414125 0.3043330000000001 0.01675 0.026000000000000002
1 0.41959206469782584 0.18464530579294539 0.01625 0.027000000000000003
1 0.16284172324555304 0.4603330000000003 0.0241834464911056 0.01800000000000002
0 0.42137500000000006 0.886833 0.01975 0.0263333
0 0.7575 0.299833 0.016 0.0236667
0 0.3865 0.6191670000000001 0.018 0.030333300000000004
0 0.899 0.8435000000000001 0.019 0.027000000000000003
0 0.69025 0.46 0.014500000000000002 0.0333333
0 0.521875 0.5205 0.01875 0.030333300000000004
0 0.829625 0.37549999999999994 0.01475 0.03699999999999999
0 0.57825 0.680333 0.018499999999999996 0.0286667
0 0.309875 0.444167 0.01975 0.021
0 0.6310116044298918 0.177717458689418 0.026562114629345674 0.019928063722399324
0 0.573625 0.299333 0.01675 0.029333299999999996
0 0.686125 0.945333 0.019250000000000003 0.024666699999999996
0 0.490125 0.389833 0.01475 0.027000000000000003
0 0.27349999999999997 0.929167 0.018 0.03300000000000001
0 0.668875 0.23 0.01675 0.0366667
0 0.761875 0.05850000000000002 0.015250000000000001 0.027000000000000003
0 0.8536249999999999 0.528167 0.01625 0.028333299999999995
0 0.398 0.15633299999999997 0.019499999999999997 0.0233333
0 0.8477657847465423 0.7204928827593398 0.016531569493080513 0.029912471726148922
0 0.413 0.6085 0.019499999999999997 0.0176667
0 0.6955917232455537 0.4916303531037358 0.014620307504940058 0.02763683103735662
0 0.413625 0.6736669999999999 0.01875 0.0313333
0 0.6063259384990123 0.518167000000001 0.02195563099407099 0.019666700000000027
0 0.69725 0.2885 0.014500000000000002 0.027000000000000003
0 0.15425000000000003 0.7271669999999999 0.0155 0.040333299999999996
0 0.43430426617445606 0.267833 0.024845049931520053 0.01700000000000002
0 0.7145759384990129 0.8868330000000008 0.016999999999998235 0.027694590348562434
0 0.606375 0.46 0.01375 0.0313333
0 0.637625 0.427667 0.01975 0.025333300000000003
0 0.48175000000000007 0.620333 0.019 0.022666699999999998
0 0.57725 0.613333 0.017 0.021999999999999992
2 0.24451906195861828 0.16955940359913768 0.022229005632601665 0.039699380814466646
0 0.43256927896345 0.05524431908519154 0.018285149794559422 0.01769731433897911
0 0.4395606597672521 0.039221075021521265 0.01864368214347238 0.014349173788361438
0 0.5637921186655824 0.18127789552629953 0.02187047328368867 0.017219008546033723
0 0.7470021489600894 0.1336864691282341 0.01398276160760419 0.032046488127340546
1 0.9073193878060075 0.09900929913969395 0.01756808509673371 0.024871901233159827
0 0.9134144377375274 0.10977117948096503 0.01326569690977847 0.019610537510760636
0 0.9664772253766413 0.22384711109843847 0.016133955701081903 0.02774173599083213
2 0.8847318498244928 0.29128822790373726 0.013982761607604375 0.016262396960142964
1 0.8513883413755905 0.2599591984658147 0.016133955701081806 0.0253502070261052
1 0.8630406427152608 0.34844577016071027 0.014341293956517143 0.021523760682542168
0 0.7744831525337671 0.2613941158446509 0.0028682587913034284 0.0004783057929454107
0 0.7266190839538911 0.32716116237464077 0.023304602679340473 0.017219008546033723
1 0.6593942685327169 0.3592076505019813 0.013624229258691329 0.029654959162613646
1 0.6298153497473999 0.36064256788081756 0.014699826305430095 0.020088843303706
1 0.26429162003066775 0.345575935403038 0.01792661744564648 0.02917665336966824
0 0.20728497655351188 0.26498140929174124 0.02151194093477581 0.020088843303706
0 0.07851858441193166 0.28435279390602924 0.01792661744564651 0.014827479581306858
0 0.2247345950686048 0.5076094103423128 0.014667232455528985 0.020001878614079618
0 0.5700664347715588 0.46064847794403896 0.02086006393675231 0.017392937925286612
2 0.6601884297483089 0.5334814055061766 0.016622863449599484 0.016088467580890137
0 0.7820894283787051 0.5360903461949695 0.018578494443669973 0.014349173788361445
0 0.7711704886618114 0.5452216386057451 0.020208186938728813 0.013479526892097131
0 0.843039927693903 0.5532658723961901 0.010104093469364313 0.01826258482155093
0 0.83130614172948 0.5495698730870666 0.012059724463434996 0.026524230336062042
0 0.8213650175096215 0.5530484606721241 0.02086006393675231 0.016958114477154392
0 0.8802176016131803 0.5041308227572555 0.017274740447622977 0.025219759991665574
0 0.8741877393814629 0.5200018786140795 0.016296924950587828 0.02304564275100472
2 0.8751655548784981 0.5365251696431018 0.018252555944658317 0.01521882068462576
2 0.8751655548784981 0.5708762220455428 0.04237200487152793 0.009131292410775434
1 0.964635672857225 0.5443519917094808 0.02248975643181115 0.018697408269683087
0 0.9766953973206598 0.5517439903277276 0.02183787943378765 0.01521882068462576
0 0.9726211660830129 0.5652235172198248 0.02151194093477581 0.0117402330995685
0 0.9309010382095082 0.5789204558359878 0.020208186938728813 0.014783997236493603
0 0.9089001895262148 0.687408906144963 0.021186002435763965 0.017827761373418828
0 0.8424087357278168 0.7465448950909372 0.012711601461458492 0.02478493654353335
2 0.8370307504941229 0.7819830061137089 0.018252555944658317 0.015653644132757917
1 0.785206529151254 0.8661213433272827 0.018252555944658223 0.023045642751004843
0 0.6740615009882457 0.8415538185078154 0.01303753996047024 0.02174117240660824
0 0.6605350532792578 0.8317702909248417 0.018578494443669973 0.019567055165947336
0 0.4002731618183717 0.9184706034752191 0.012385662962446649 0.02739387723232642
0 0.39228766859258407 0.9073826055478498 0.021186002435764073 0.02000187861407927
0 0.3130846133327274 0.8619435552180377 0.019882248439717014 0.01869740826968315
2 0.2858687486652459 0.8386805007429669 0.013689416958493692 0.019132231717815303
0 0.23567421981743572 0.9602136544959069 0.011733785964423198 0.03174211171364799
0 0.11230649794148662 0.8541167331516587 0.014015355457505464 0.02565458343979779
0 0.11521925940065525 0.8019379193757992 0.023793510427858086 0.01521882068462576
1 0.07317319302813889 0.648445242185145 0.021186002435764052 0.022175995854740397
0 0.2869888483798499 0.6895360580336343 0.01010409346936436 0.023480466199136876
0 0.29301871061156737 0.7010588794091366 0.01434129395651719 0.032611758609912306
2 0.32626443751076634 0.7528028697368643 0.010430031968376108 0.021306348958476096
