2 0.6375617792421746 0.04725274725274725 0.06589785831960461 0.08131868131868131
2 0.8813838550247116 0.03956043956043956 0.09555189456342669 0.06593406593406594
2 0.8838550247116969 0.17252747252747253 0.09719934102141681 0.07692307692307693
2 0.8953871499176275 0.2758241758241758 0.044481054365733116 0.12527472527472527
2 0.8640856672158155 0.42637362637362636 0.09719934102141681 0.07472527472527472
2 0.9481054365733114 0.5340659340659341 0.09060955518945635 0.09670329670329672
2 0.8039538714991763 0.6296703296703295 0.08237232289950576 0.1076923076923077
2 0.5996705107084019 0.7274725274725274 0.08896210873146623 0.07472527472527472
2 0.3920922570016475 0.6186813186813186 0.09884678747940692 0.08571428571428572
2 0.5461285008237231 0.3747252747252747 0.09060955518945635 0.10329670329670329
2 0.5115321252059308 0.24615384615384617 0.06754530477759473 0.13186813186813187
2 0.1655683690280066 0.2835164835164835 0.09060955518945635 0.10989010989010989
2 0.2578253706754531 0.2549450549450549 0.08401976935749589 0.1010989010989011
0 0.2487644151565074 0.060439560439560454 0.09884678747940692 0.07252747252747255
0 0.32784184514003295 0.027472527472527472 0.085667215815486 0.04615384615384615
0 0.23393739703459637 0.12417582417582416 0.08237232289950576 0.09010989010989011
0 0.018945634266886325 0.06813186813186813 0.03130148270181218 0.12747252747252746
0 0.023887973640856673 0.5131868131868131 0.044481054365733116 0.09010989010989011
2 0.44398682042833615 0.842857142857143 0.05107084019769357 0.1076923076923077
0 0.8822075782537065 0.9428571428571427 0.07084019769357495 0.1054945054945055
0 0.6433278418451401 0.9835164835164835 0.07084019769357495 0.02417582417582418
0 0.40939044481054365 0.9527472527472528 0.054365733113673806 0.09010989010989011
0 0.24629324546952225 0.9395604395604396 0.057660626029654036 0.11648351648351647
2 0.11449752883031301 0.8538461538461539 0.08072487644151564 0.12967032967032968
0 0.014827018121911041 0.8912087912087912 0.026359143327841852 0.06813186813186813
