0 0.5012353365325974 0.14947343861605167 0.05947425312451953 0.060084668482524375
1 0.46947724020397064 0.265791194268118 0.029448416595635917 0.08011289131003249
0 0.5295289132617379 0.270798249974995 0.06409361259050174 0.05315182211915615
0 0.6308661115467202 0.15871723376720923 0.07160007172272262 0.04467834323059506
0 0.6253806221808665 0.34089702987127346 0.04215165512708671 0.08396447262301482
0 0.6767709962399175 0.3031515330040466 0.04215165512708671 0.07163941242147134
0 0.3531271236545463 0.3439782949216595 0.06467103252374945 0.04544865949319157
0 0.4833353186019169 0.3316532347201159 0.03868713552760013 0.08088320757262894
1 0.6868758450717535 0.24614812957190815 0.06351619265725393 0.03620486434203393
0 0.7192113613336281 0.2750349894192756 0.05543231359178514 0.05392213838175265
1 0.7091065125017922 0.2191870603810318 0.06178393285751059 0.04390802696799858
0 0.8448001968150166 0.37787221047590386 0.029448416595635917 0.09166763524897949
0 0.7547226872283654 0.5045892356730226 0.03984197539409566 0.08627542141080422
0 0.6037273746840754 0.5458011557219336 0.030025836528883718 0.08396447262301475
0 0.6614693680088518 0.5766138062257922 0.060051673057767346 0.05777371969473486
0 0.7091065125017922 0.5785395968822834 0.05139037405905093 0.07395036120926074
0 0.5907354261860008 0.4260169768881831 0.07564201125545701 0.05084087333136672
0 0.5416547318599411 0.4360310883019371 0.04446133486007767 0.08473478888561128
0 0.4645691707713647 0.5346315699142847 0.06467103252374955 0.050840873331366776
0 0.46312562093824516 0.47300626890656744 0.03868713552760013 0.08781605393599716
0 0.4342546242758571 0.4783984827447426 0.02829357672914038 0.08319415636041834
0 0.502967596332341 0.42370602810039365 0.0375322956611046 0.07240972868406786
0 0.4668788505043557 0.38788632188965794 0.032335516261874774 0.08550510514820775
1 0.30433513929511036 0.38942695441485087 0.06524845245699722 0.05315182211915617
0 0.3932578090152659 0.3971301170408157 0.07448717138896144 0.04390802696799858
0 0.29827222999600883 0.5504230532975123 0.06120651292426287 0.05777371969473499
0 0.3256996768252776 0.6501790093037547 0.031758096328626965 0.08627542141080422
0 0.3828642502168062 0.6675111252121753 0.06986781192297935 0.05007055706877032
0 0.507298245831699 0.782673406470347 0.06813555212323603 0.046218975755787914
0 0.5685047587559618 0.7295215843511907 0.060051673057767437 0.04467834323059498
0 0.6146983534157829 0.6875393480396835 0.02771615679589257 0.08396447262301475
0 0.6785032560396609 0.7726592950565929 0.06178393285751068 0.04621897575578804
0 0.662912917841971 0.6663556508182806 0.05947425312451953 0.05238150585655978
0 0.3346496857906179 0.9164206855082834 0.04388391492682995 0.0762613099970502
0 0.7746436749254135 0.7519581634439376 0.027716156795892663 0.08319415636041824
0 0.8666159954197667 0.5751705811780489 0.05312263385879418 0.06701751484589247
0 0.9330192877432596 0.40685647780072104 0.030025836528883718 0.08165352383522541
0 0.2525298964107708 0.2915647053927624 0.03984197539409566 0.08088320757262894
