1 0.8370000000000001 0.5571669999999999 0.017 0.025
1 0.34637499999999993 0.6553330000000002 0.02275 0.018000000000000002
1 0.808375 0.185167 0.01675 0.0236667
1 0.8550924611466953 0.8459294106563489 0.01642584591537976 0.024790588087510855
1 0.609375 0.143167 0.01775 0.017
1 0.88575 0.73 0.014000000000000002 0.024666699999999996
1 0.7754999999999994 0.948464705328175 0.018499999999999975 0.01907058934365371
1 0.33475 0.0288333 0.02 0.0236667
1 0.3102500000000001 0.525167 0.015 0.0236667
1 0.8785 0.375333 0.0215 0.016
1 0.42524999999999996 0.867833 0.0235 0.015
1 0.9175000000000001 0.674833 0.019499999999999997 0.0176667
1 0.645375 0.414167 0.025250000000000005 0.013666700000000002
1 0.009749999999999998 0.474667 0.019499999999999997 0.0173333
1 0.024 0.375667 0.0165 0.022666699999999998
1 0.02375 0.403333 0.014000000000000002 0.025333300000000003
1 0.358 0.5089999999999999 0.018499999999999996 0.024
1 0.69875 0.868833 0.0155 0.0256667
1 0.292625 0.526167 0.019250000000000003 0.0176667
1 0.18262499999999998 0.079 0.01825 0.0213333
1 0.8498750000000002 0.804167 0.025250000000000005 0.017
1 0.627875 0.3325 0.01875 0.023
1 0.563 0.6765000000000002 0.0165 0.025
1 0.6828749999999999 0.08150000000000002 0.019250000000000003 0.018333300000000004
1 0.34525 0.816667 0.0215 0.02
1 0.5084999999999998 0.8461669999999999 0.017 0.0263333
1 0.527375 0.780667 0.01325 0.025333300000000003
1 0.88825 0.4795 0.022 0.018333300000000004
1 0.79875 0.656333 0.0155 0.025333300000000003
1 0.44462499999999994 0.891167 0.015250000000000001 0.0256667
1 0.779 0.3375000000000001 0.0165 0.0223333
1 0.736625 0.4116669999999999 0.01775 0.024
1 0.40612500000000007 0.343167 0.01975 0.021
1 0.9744999999999999 0.589333 0.018499999999999996 0.02
1 0.2593750000000001 0.757167 0.015250000000000001 0.029666699999999997
1 0.34725 0.137167 0.020500000000000004 0.019
1 0.011375 0.532333 0.02275 0.025333300000000003
1 0.1970396765108709 0.16633300000000023 0.010579353021741034 0.028666700000000107
1 0.0525 0.713333 0.022 0.018000000000000002
1 0.663375 0.6325 0.02375 0.019
1 0.759375 0.349667 0.02175 0.016
1 0.5972499999999998 0.0656667 0.017 0.024
1 0.44925000000000004 0.4304999999999999 0.013000000000000001 0.027000000000000003
1 0.81825 0.422333 0.0235 0.018666700000000005
1 0.96875 0.6093329999999999 0.015 0.0266667
1 0.9147499999999998 0.6925 0.018 0.0203333
1 0.8113749999999998 0.57 0.01475 0.024
1 0.007625000000000001 0.372667 0.015250000000000001 0.024
1 0.80325 0.523833 0.016 0.027000000000000003
1 0.018625 0.588333 0.02025 0.020666699999999996
1 0.5186481538631879 0.8454340583062955 0.013925845915379442 0.03032470470010421
1 0.689625 0.497167 0.019250000000000003 0.018333300000000004
1 0.9927499999999999 0.288667 0.014000000000000002 0.0266667
1 0.424375 0.00933333 0.02275 0.0173333
1 0.63375 0.673833 0.0155 0.0276667
1 0.7951250000000001 0.539 0.014250000000000002 0.026000000000000002
1 0.7497500000000001 0.929833 0.0165 0.025
1 0.5971249999999999 0.15200000000000002 0.02125 0.018000000000000002
1 0.458125 0.271167 0.02075 0.0203333
1 0.047625 0.732167 0.01175 0.0236667
1 0.821125 0.5535 0.01375 0.023
1 0.9622499999999999 0.21083299999999996 0.017500000000000005 0.0256667
1 0.350625 0.32199999999999995 0.01725 0.0233333
1 0.813125 0.7753330000000002 0.02275 0.0213333
1 0.8504999999999999 0.542167 0.0215 0.017
1 0.33862500000000006 0.48033300000000007 0.01825 0.025333300000000003
1 0.714375 0.6555 0.01325 0.0263333
1 0.472625 0.885167 0.01575 0.0243333
1 0.767 0.4115 0.0165 0.0256667
1 0.18725000000000003 0.663333 0.017 0.025333300000000003
1 0.972375 0.420833 0.01275 0.0323333
1 0.724375 0.3085 0.02375 0.018333300000000004
1 0.542875 0.773667 0.019250000000000003 0.0213333
1 0.23299999999999998 0.535167 0.013000000000000001 0.0236667
1 0.439875 0.288333 0.01975 0.0213333
1 0.6955 0.551833 0.022 0.017
1 0.03475000000000001 0.728 0.0165 0.021999999999999992
1 0.8856249999999999 0.4915 0.01975 0.0176667
1 0.38825 0.745667 0.0125 0.0286667
1 0.732375 0.629167 0.024250000000000004 0.0196667
1 0.5785 0.554333 0.017 0.0233333
1 0.091875 0.220667 0.01375 0.03
1 0.463375 0.8975 0.015250000000000001 0.025
1 0.18825 0.6345000000000001 0.017 0.025
1 0.458875 0.2855 0.02025 0.015
1 0.43700000000000006 0.4465 0.0125 0.0243333
1 0.45275 0.35566700000000007 0.0225 0.018666700000000005
1 0.6605 0.656333 0.0265 0.019333300000000005
1 0.5657499999999999 0.935167 0.015 0.0243333
1 0.304625 0.0356667 0.01825 0.02
1 0.501875 0.507667 0.01675 0.026000000000000002
1 0.02625 0.2165 0.018499999999999996 0.0223333
1 0.7685 0.917333 0.022 0.018666700000000005
1 0.34637499999999993 0.694333 0.02275 0.0153333
1 0.7775 0.6488330000000002 0.021 0.0243333
1 0.7635 0.6366670000000001 0.015 0.025333300000000003
1 0.9252500000000002 0.32049999999999995 0.019 0.0196667
1 0.9749999999999999 0.37 0.0155 0.0286667
1 0.29475 0.3146669999999999 0.015 0.032
1 0.4045 0.253167 0.018 0.0236667
1 0.530375 0.237 0.02075 0.018000000000000002
1 0.42974999999999997 0.4288330000000001 0.014000000000000002 0.028333299999999995
1 0.335125 0.559167 0.01725 0.0263333
1 0.830125 0.2625 0.014250000000000002 0.0256667
1 0.816625 0.641333 0.015250000000000001 0.0266667
1 0.6041250000000001 0.42383299999999996 0.01475 0.023
1 0.77725 0.7993330000000001 0.018499999999999996 0.022666699999999998
1 0.948875 0.6095 0.022250000000000002 0.018333300000000004
1 0.100875 0.19 0.023250000000000003 0.0173333
1 0.6877499999999999 0.6543330000000002 0.017500000000000005 0.022666699999999998
1 0.42125 0.445167 0.015 0.0276667
1 0.6778749999999999 0.542333 0.024250000000000004 0.018666700000000005
1 0.76475 0.84 0.017 0.0233333
1 0.35962499999999986 0.6266552351093914 0.018249999999999985 0.02464317021878256
1 0.10225 0.234667 0.016 0.0273333
1 0.527875 0.8871670000000001 0.01625 0.0256667
1 0.304625 0.552667 0.01675 0.029333299999999996
1 0.36225 0.801667 0.020500000000000004 0.018666700000000005
1 0.213125 0.376333 0.022250000000000002 0.0173333
1 0.1975 0.571667 0.017 0.029333299999999996
1 0.7519723079478076 0.9610694112844181 0.0259446158956144 0.018527877431166382
1 0.514375 0.0548333 0.02075 0.019
1 0.637125 0.195167 0.01775 0.0196667
1 0.0405 0.7566669999999999 0.021 0.0166667
1 0.5508749999999999 0.6613329999999997 0.01875 0.026000000000000002
1 0.706125 0.884167 0.01725 0.0243333
1 0.5265 0.628667 0.013000000000000001 0.026000000000000002
1 0.441625 0.466167 0.023250000000000003 0.019
1 0.904625 0.669167 0.01475 0.023
1 0.301 0.48550000000000004 0.024 0.018333300000000004
1 0.017125 0.82 0.01275 0.029333299999999996
1 0.23712499999999997 0.611333 0.025250000000000005 0.016
1 0.763 0.6775 0.02 0.018333300000000004
1 0.30875 0.584167 0.021 0.0196667
1 0.705 0.684167 0.015 0.030333300000000004
1 0.336875 0.729333 0.015250000000000001 0.0313333
1 0.332 0.6865000000000002 0.015 0.029666699999999997
1 0.761375 0.0325 0.019250000000000003 0.025
1 0.100625 0.29650000000000004 0.01375 0.0236667
1 0.96125 0.38616700000000004 0.019499999999999997 0.021666699999999997
1 0.981 0.4885 0.014500000000000002 0.0256667
1 0.52175 0.906833 0.012 0.031
1 0.382375 0.567167 0.014250000000000002 0.030333300000000004
1 0.6344999999999998 0.3475000000000001 0.02 0.0196667
1 0.74425 0.39216699999999993 0.019499999999999997 0.0176667
1 0.02175 0.434 0.0255 0.016
1 0.706 0.38933299999999993 0.0215 0.0153333
1 0.36627218450296506 0.31956517655186806 0.020107507992093824 0.026869646896264095
1 0.9703749999999998 0.5735 0.02125 0.018333300000000004
1 0.776875 0.877333 0.015250000000000001 0.0286667
1 0.9014999999999997 0.6975 0.015 0.0256667
1 0.051625 0.8966670000000001 0.02175 0.018000000000000002
1 0.8973749999999999 0.272333 0.01325 0.0313333
1 0.41725 0.2815 0.026000000000000002 0.0176667
1 0.5451250000000001 0.6106670000000001 0.01575 0.021999999999999992
1 0.717125 0.192833 0.01875 0.021
1 0.7245 0.549167 0.015 0.029000000000000005
1 0.410125 0.839333 0.015250000000000001 0.029333299999999996
1 0.151 0.8596670000000001 0.0155 0.0313333
1 0.5736250000000002 0.034666699999999995 0.02025 0.021999999999999992
1 0.20625 0.3213329999999999 0.020500000000000004 0.0173333
1 0.82525 0.884167 0.0165 0.0263333
1 0.49200000000000005 0.0323333 0.019499999999999997 0.028000000000000008
1 0.51575 0.4265 0.0165 0.0256667
1 0.6129999999999999 0.886833 0.0155 0.021666699999999997
1 0.752875 0.855 0.01575 0.024666699999999996
1 0.303 0.682333 0.017 0.025333300000000003
1 0.197625 0.0418333 0.01975 0.019
1 0.744125 0.3135 0.024250000000000004 0.021
1 0.54925 0.11166700000000002 0.014500000000000002 0.0306667
1 0.561125 0.524 0.02125 0.0173333
1 0.4727499999999999 0.428333 0.017500000000000005 0.025333300000000003
1 0.18075 0.138167 0.019 0.0243333
1 0.589875 0.0473333 0.01325 0.0273333
1 0.837875 0.360333 0.02125 0.0153333
1 0.0855 0.8065000000000002 0.014500000000000002 0.029666699999999997
1 0.721 0.494333 0.0215 0.016
1 0.32475000000000004 0.481833 0.013499999999999998 0.0256667
1 0.178125 0.09566669999999998 0.01625 0.0286667
1 0.813875 0.234167 0.01875 0.0196667
1 0.37237499999999923 0.8792670583062953 0.014249999999999968 0.03186741661259208
1 0.8448750000000002 0.8291669999999999 0.02375 0.017
1 0.534 0.910333 0.021 0.024
1 0.68275 0.162667 0.019 0.018666700000000005
1 0.67275 0.17866700000000002 0.017 0.0233333
1 0.4548749999999999 0.456 0.01625 0.0273333
1 0.813 0.901167 0.013000000000000001 0.029000000000000005
1 0.48650000000000004 0.34049999999999997 0.024 0.019
1 0.33825000000000005 0.598333 0.0155 0.0313333
1 0.2245 0.972667 0.015 0.024666699999999996
1 0.70025 0.147667 0.0215 0.018666700000000005
1 0.5805 0.0646667 0.023 0.019333300000000005
1 0.5897500000000001 0.7578329999999999 0.018499999999999996 0.023
1 0.620875 0.43450000000000005 0.02175 0.0176667
1 0.8015000000000001 0.175833 0.019499999999999997 0.021
1 0.9005 0.10116700000000003 0.019 0.0223333
1 0.441 0.414667 0.02 0.022666699999999998
1 0.014749999999999996 0.630833 0.0155 0.029666699999999997
1 0.161625 0.214833 0.022250000000000002 0.019
1 0.727375 0.152333 0.01675 0.0233333
1 0.7715 0.5393330000000001 0.021 0.0213333
1 0.825875 0.805167 0.01375 0.0316667
1 0.9500000000000002 0.218333 0.018 0.0213333
1 0.653375 0.0868333 0.01575 0.030333300000000004
1 0.225 0.571333 0.019 0.02
1 0.04137500000000001 0.4338330000000001 0.01625 0.0316667
1 0.233875 0.9195 0.01575 0.030333300000000004
1 0.809875 0.7908329999999999 0.01475 0.029666699999999997
1 0.289125 0.6125000000000002 0.01375 0.03300000000000001
1 0.6757500000000001 0.108333 0.018499999999999996 0.024666699999999996
1 0.863125 0.453833 0.01575 0.03300000000000001
1 0.748375 0.6515 0.01375 0.0263333
1 0.6925 0.48100000000000004 0.019 0.022666699999999998
1 0.42225 0.347 0.014500000000000002 0.032
1 0.446875 0.627167 0.01875 0.0196667
1 0.725625 0.912833 0.01625 0.029000000000000005
1 0.6835 0.2095 0.014000000000000002 0.029000000000000005
1 0.654375 0.3165 0.023250000000000003 0.0176667
1 0.23937499999999998 0.0275 0.01475 0.025
1 0.744125 0.432833 0.014250000000000002 0.031
1 0.722875 0.674 0.02125 0.019333300000000005
1 0.624 0.8156669999999999 0.020500000000000004 0.024
1 0.9207499999999998 0.850667 0.016 0.024
1 0.7544999999999998 0.12283300000000001 0.020500000000000004 0.0196667
1 0.5649018769980243 0.26766653034648025 0.021303753996045366 0.01599906069295991
1 0.4555 0.6409999999999999 0.022 0.018666700000000005
1 0.389875 0.8785 0.02175 0.0176667
1 0.8028749999999999 0.344833 0.02025 0.021
1 0.5295000000000001 0.045500000000000006 0.020500000000000004 0.0176667
1 0.846 0.784833 0.017500000000000005 0.029000000000000005
1 0.5056249999999999 0.274167 0.02125 0.0203333
1 0.9642500000000002 0.6971669999999999 0.0115 0.028333299999999995
1 0.7559999999999999 0.416833 0.015 0.0236667
1 0.44000000000000006 0.144833 0.022 0.0236667
1 0.9177499999999997 0.108333 0.019499999999999997 0.02
1 0.576875 0.338333 0.02125 0.02
1 0.8342500000000002 0.649667 0.023 0.018666700000000005
1 0.447375 0.864167 0.02125 0.0203333
1 0.8859999999999999 0.856333 0.020500000000000004 0.020666699999999996
1 0.413 0.41316699999999995 0.013499999999999998 0.03300000000000001
1 0.303625 0.8711670000000001 0.014250000000000002 0.03300000000000001
1 0.9557500000000002 0.24449999999999997 0.017500000000000005 0.0316667
1 0.165125 0.054833299999999995 0.01775 0.029000000000000005
1 0.949875 0.575667 0.015250000000000001 0.0273333
1 0.7965000000000001 0.629167 0.016 0.0236667
1 0.7297499999999999 0.648667 0.017500000000000005 0.024
1 0.319125 0.536333 0.015250000000000001 0.029333299999999996
1 0.4315 0.596 0.02 0.022666699999999998
1 0.886625 0.7041669999999999 0.01575 0.029666699999999997
1 0.299125 0.631167 0.022250000000000002 0.0176667
1 0.350125 0.52 0.01725 0.0286667
1 0.977 0.518167 0.0165 0.023
1 0.828875 0.189833 0.022250000000000002 0.0176667
1 0.8824999999999998 0.295667 0.022 0.018666700000000005
1 0.903875 0.818 0.019250000000000003 0.024
1 0.57125 0.10416699999999998 0.019 0.0236667
1 0.28325 0.135 0.020500000000000004 0.0213333
1 0.93325 0.217333 0.017500000000000005 0.024
1 0.25425 0.179 0.0225 0.019333300000000005
1 0.42100000000000004 0.12966700000000003 0.018 0.02
1 0.381625 0.542167 0.01825 0.0223333
1 0.21912500000000001 0.303167 0.01625 0.03300000000000001
1 0.5631249999999999 0.0388333 0.01325 0.0323333
1 0.6525 0.19699999999999998 0.0155 0.026000000000000002
1 0.765625 0.25199999999999995 0.01825 0.021999999999999992
1 0.705625 0.1115 0.019250000000000003 0.025
1 0.7955 0.262833 0.019 0.0243333
1 0.08825 0.571667 0.013000000000000001 0.0326667
1 0.7825 0.669833 0.014500000000000002 0.0316667
1 0.55425 0.24366699999999997 0.022 0.018666700000000005
1 0.7185000000000001 0.402 0.014500000000000002 0.0326667
1 0.21575 0.0371667 0.014000000000000002 0.0256667
1 0.074875 0.2255 0.022250000000000002 0.019
1 0.736 0.160667 0.023 0.019333300000000005
1 0.887625 0.680333 0.01725 0.024
1 0.7658749999999999 0.326667 0.01575 0.0326667
1 0.2035 0.12316699999999998 0.017500000000000005 0.0263333
1 0.744875 0.896167 0.023250000000000003 0.018333300000000004
1 0.630125 0.8633330000000001 0.014250000000000002 0.034
1 0.819625 0.4435 0.01475 0.0263333
1 0.279125 0.0695 0.01675 0.0323333
1 0.81475 0.360167 0.02 0.023
1 0.06637499999999999 0.5175 0.02125 0.0196667
1 0.48225 0.919833 0.019499999999999997 0.0203333
1 0.77075 0.22650000000000006 0.022 0.018333300000000004
1 0.48337500000000005 0.481333 0.01825 0.024666699999999996
1 0.528625 0.196333 0.01725 0.0266667
1 0.479 0.614 0.021 0.02
1 0.9271249999999999 0.493 0.023250000000000003 0.018000000000000002
1 0.6210000000000001 0.458333 0.016 0.0273333
1 0.5438750000000001 0.7483330000000001 0.01625 0.028000000000000008
1 0.425625 0.400667 0.01325 0.0313333
1 0.914875 0.506833 0.01975 0.0256667
1 0.5246249999999999 0.961833 0.01725 0.0276667
1 0.872875 0.6039999999999999 0.01725 0.024
1 0.6367500000000001 0.23016699999999995 0.018499999999999996 0.0243333
1 0.26674999999999993 0.850333 0.019499999999999997 0.021999999999999992
1 0.408125 0.7195 0.02025 0.0196667
1 0.38725000000000004 0.591833 0.020500000000000004 0.0203333
1 0.06662499999999999 0.501833 0.024250000000000004 0.017
1 0.406875 0.9534999999999999 0.01975 0.0223333
1 0.20225 0.479833 0.023 0.019
1 0.339375 0.0436667 0.02075 0.024
1 0.29825 0.0946667 0.02 0.022666699999999998
1 0.10075 0.7921669999999998 0.020500000000000004 0.0176667
1 0.9426713077263742 0.18616699999999997 0.02125 0.021
1 0.08512500000000003 0.267833 0.01975 0.0223333
1 0.24600000000000002 0.5821669999999999 0.016 0.025
1 0.37525 0.29683300000000007 0.0215 0.021
1 0.2025 0.271167 0.018 0.031
1 0.606 0.846333 0.0155 0.03
1 0.7361249999999999 0.7321669999999999 0.01325 0.029000000000000005
1 0.765625 0.16 0.02275 0.019333300000000005
1 0.25825 0.615833 0.014000000000000002 0.031
1 0.398 0.38866700000000004 0.021 0.019333300000000005
1 0.9072499999999999 0.1625 0.0225 0.021
1 0.168625 0.885167 0.01775 0.021666699999999997
1 0.39675 0.102167 0.0215 0.0203333
1 0.4015000000000001 0.36466699999999996 0.0215 0.019333300000000005
1 0.5842500000000002 0.831167 0.0215 0.0196667
1 0.4095 0.541833 0.019499999999999997 0.0196667
1 0.7189999999999999 0.894333 0.021 0.022666699999999998
1 0.47025 0.660333 0.0225 0.019333300000000005
1 0.381625 0.654 0.02175 0.021999999999999992
1 0.5362499999999999 0.255833 0.0125 0.0336667
1 0.39104630772637444 0.14688352915314778 0.021592615452748678 0.025767058306295595
1 0.82525 0.384667 0.019499999999999997 0.019333300000000005
1 0.468125 0.4709999999999999 0.01775 0.0233333
1 0.6193750000000001 0.41600000000000004 0.024250000000000004 0.019333300000000005
1 0.6388749999999999 0.108833 0.01875 0.025
1 0.32975 0.505 0.020500000000000004 0.020666699999999996
1 0.6256249999999999 0.18566699999999997 0.01575 0.0306667
1 0.44975000000000004 0.0156667 0.021 0.0213333
1 0.5548749999999999 0.0668333 0.02175 0.0203333
1 0.350125 0.293833 0.01725 0.0276667
1 0.58525 0.31800000000000006 0.0215 0.019333300000000005
1 0.420125 0.795 0.02375 0.018000000000000002
1 0.101875 0.7461670000000001 0.02025 0.0243333
1 0.44049999999999995 0.348333 0.018499999999999996 0.024666699999999996
1 0.51325 0.805 0.013499999999999998 0.032
1 0.48625 0.142 0.02 0.021999999999999992
1 0.261125 0.0568333 0.02275 0.018333300000000004
1 0.51425 0.484667 0.015 0.0326667
1 0.266625 0.155 0.019250000000000003 0.018666700000000005
1 0.076625 0.0133333 0.01875 0.0266667
1 0.8819999999999999 0.0833333 0.018 0.02
1 0.202125 0.19716699999999998 0.01675 0.0276667
1 0.094625 0.487667 0.01725 0.026000000000000002
1 0.295875 0.15000000000000002 0.014250000000000002 0.025333300000000003
1 0.219625 0.5443330000000001 0.01575 0.0313333
1 0.835 0.343667 0.0225 0.019333300000000005
1 0.43625 0.268 0.019499999999999997 0.026000000000000002
1 0.44625 0.760167 0.0225 0.0196667
1 0.203 0.3435 0.020500000000000004 0.021
1 0.7075 0.167833 0.023 0.0196667
1 0.722875 0.877333 0.02125 0.02
1 0.2728749999999999 0.631333 0.01825 0.0233333
1 0.094125 0.328833 0.01775 0.023
1 0.47374999999999995 0.295833 0.021 0.0196667
1 0.17470303547030044 0.12827291719898865 0.017600678946634755 0.029567994472987205
1 0.20713391612197 0.1674070275308835 0.01401535545750544 0.03652516964310186
1 0.535191015377301 0.025219759991665563 0.015645047952564228 0.031307288265515876
1 0.936604961942214 0.24067477854115324 0.017274740447622977 0.020436702062211744
1 0.7816212056621246 0.266329361980951 0.013689416958493739 0.017827761373418773
1 0.9599095646215542 0.3250305274787932 0.016296924950587828 0.027393877232326357
1 0.040905281625975204 0.2963321799020704 0.015319109453552466 0.01869740826968315
1 0.023793510427858086 0.3289439385119827 0.017600678946634744 0.022175995854740397
1 0.01955630994070527 0.33959711299122075 0.018904432942681765 0.02435011309540119
1 0.039601527629928183 0.408734041244235 0.019882248439717025 0.014783997236493603
1 0.034875419394257735 0.3952545143521378 0.012385662962446673 0.013044703443964974
1 0.38542227508139987 0.3972112198687327 0.010104093469364406 0.023915289647269033
1 0.3950374608022465 0.4093862764164332 0.02151194093477581 0.016088467580890074
1 0.5136790744425254 0.4039509833147812 0.01955630994070522 0.026089406887929822
1 0.5014563807295843 0.4089514529683011 0.018578494443669973 0.014349173788361445
1 0.4610400068521268 0.4276488612379842 0.012711601461458492 0.028263524128590737
1 0.5630587570428061 0.27785218335645334 0.022489756431811055 0.018262584821550895
1 0.6403061813085921 0.33220511437297395 0.011407847465411403 0.02869834757672289
1 0.7801337973846345 0.3174211171364805 0.01597098645157598 0.017392937925286612
1 0.02020818693872878 0.5654878942958805 0.0143412939565172 0.02652423033606198
1 0.013526447708987815 0.6020130639389822 0.023141633429834572 0.015218820684625885
1 0.1879035446802765 0.5685316584328056 0.017274740447623 0.032611758609912306
1 0.1887183909278059 0.6191885901402029 0.02086006393675231 0.018262584821550867
1 0.4465410889958146 0.5776159854915914 0.017274740447622977 0.014783997236493603
1 0.2842237164879609 0.600226804794464 0.010755970467387905 0.02869834757672289
1 0.27200102277502014 0.6119670378940324 0.013689416958493645 0.020001878614079493
1 0.1670434807435242 0.7295867806137829 0.017274740447622977 0.02304564275100472
1 0.15873204901872448 0.740239955093021 0.022815694930822805 0.02087152551034394
1 0.36700674988723564 0.65371008891472 0.01825255594465827 0.014783997236493603
1 0.7991419380315472 0.5536093082809971 0.02074154084620263 0.01857882005655612
1 0.7441768547891106 0.6704186982110469 0.021037848572576914 0.017392937925286546
1 0.7924750141881249 0.6696281101235338 0.012741232234095866 0.02450823071290385
1 0.7038790040022026 0.6662681107516035 0.019260002214330937 0.013835291531478021
1 0.7715853194787353 0.7449316254591496 0.013037539960470145 0.02727528901919933
1 0.7828450130809597 0.7652892687126099 0.013037539960470145 0.028461171150468964
1 0.8086237852755255 0.7504657420717408 0.01244492450772158 0.029647053281738472
0 0.8170685554771937 0.7558022116624536 0.01570430949783907 0.015811761750260576
1 0.8305505570272254 0.754418682509306 0.014222770865967467 0.03201881754427761
1 0.8118445937523053 0.9338821783747632 0.01481538631871613 0.02253176049412117
1 0.8010293617396423 0.9356610015716675 0.01688954040333639 0.0166023498377735
1 0.7922882838116001 0.929138649849685 0.008889231791229711 0.02174117240660824
1 0.7611759725422964 0.9396139420092326 0.014222770865967467 0.025298818800416897
1 0.7792507438511298 0.931905708155981 0.020148925393453872 0.01699764388152939
1 0.8644392151837476 0.8384186668075653 0.009778154970352657 0.022927054537877755
1 0.4383487046574721 0.8336751382824871 0.026371387647314767 0.018183526012799597
1 0.4101994706519115 0.8757739539425556 0.013333847686844525 0.03043764136925152
1 0.42960762672942954 0.900677478699216 0.013630155413218808 0.02648470093168641
1 0.33019638453084454 0.8220139639916697 0.015111694045090458 0.02727528901919933
1 0.18737606041842114 0.8287339627355305 0.022815694930822826 0.013835291531478021
2 0.21852694820106267 0.9901176489060872 0.024593541289068762 0.015811761750260576
