2 0.128500823723229 0.12087912087912088 0.06919275123558484 0.12307692307692308
2 0.257001647446458 0.14285714285714288 0.06589785831960461 0.14065934065934066
2 0.4233937397034596 0.14725274725274726 0.07578253706754529 0.1054945054945055
2 0.4159802306425041 0.31868131868131866 0.057660626029654036 0.12307692307692308
2 0.5313014827018122 0.32417582417582413 0.09390444810543658 0.10329670329670329
2 0.5782537067545304 0.5417582417582417 0.085667215815486 0.1076923076923077
2 0.5774299835255354 0.6967032967032967 0.08731466227347612 0.0923076923076923
2 0.398682042833608 0.5780219780219781 0.09884678747940692 0.08791208791208793
2 0.2899505766062603 0.5945054945054945 0.09555189456342669 0.08571428571428572
2 0.4168039538714992 0.8593406593406593 0.08896210873146623 0.1054945054945055
2 0.42009884678747944 0.9527472527472527 0.10873146622734761 0.07692307692307693
2 0.1186161449752883 0.7758241758241757 0.09884678747940692 0.09670329670329672
0 0.23970345963756176 0.9428571428571427 0.07084019769357495 0.10989010989010989
0 0.10131795716639208 0.9527472527472527 0.07084019769357495 0.07692307692307693
0 0.0387149917627677 0.6483516483516483 0.0774299835255354 0.0791208791208791
0 0.02635914332784185 0.4263736263736264 0.042833607907743 0.10989010989010989
0 0.04200988467874793 0.3318681318681319 0.0774299835255354 0.07032967032967033
0 0.029654036243822075 0.03406593406593406 0.05601317957166392 0.06813186813186813
0 0.4036243822075783 0.03956043956043956 0.09225700164744646 0.07472527472527472
