0 0.04980652324003915 0.6503998569092024 0.03910734417366036 0.06392126385626404
0 0.11105009996482802 0.6469579427015576 0.06862232090849837 0.0531038192036654
0 0.16491493250590739 0.8121698246685165 0.07304956741872409 0.05113701108501127
0 0.3095383185066137 0.6985866558162321 0.04058309301040227 0.10129061811069517
0 0.18815797668459233 0.7256302674477284 0.06345719997990175 0.04917020296635684
0 0.24460536968997004 0.6105719925064534 0.0641950743982727 0.049170202966356935
0 0.21140102086327722 0.6622007056211281 0.03320434882669277 0.08162253692415235
0 0.3586069673282819 0.533374773849273 0.06493294881664363 0.04818679890702977
0 0.47371537659415014 0.6248313513666968 0.0649329488166436 0.04818679890702977
0 0.5253665858801166 0.6872775091339701 0.06788444649012741 0.0531038192036654
0 0.49954098123713336 0.8338047139737137 0.059029953469675975 0.047203394847702605
0 0.6113289556203324 0.6489247508202116 0.06419507439827261 0.05113701108501116
1 0.5810761044671233 0.5923790174089013 0.056816330214563206 0.04818679890702977
0 0.6231349463142675 0.5692690220147135 0.05976782788804701 0.04917020296635684
1 0.4995409812371334 0.4807626566752712 0.04869971161248281 0.0767055166275168
1 0.5297938323903423 0.32489311327191983 0.042796716265515185 0.08162253692415244
1 0.5157742184412942 0.39373139742481944 0.06936019532686943 0.04031956643241264
1 0.40324836963972444 0.43405096385723213 0.04205884184714414 0.06392126385626395
1 0.2829748394452594 0.3952065035138102 0.02434985580624137 0.0708050922715539
0 0.37594701615999915 0.38635586697986596 0.04058309301040227 0.06883828415289965
0 0.4397731533490864 0.32292630515326565 0.0383694697552895 0.08752296128011522
0 0.4357148440480462 0.39864841772145526 0.06862232090849837 0.044253182669721204
1 0.41062711382343386 0.24966270273339383 0.0641950743982727 0.04523658672904837
0 0.2648969161951712 0.325876517331247 0.04574821393899889 0.08358934504280677
0 0.3169170626903232 0.3307935376278827 0.050913334867595576 0.044253182669721204
0 0.3648788998844349 0.3145673706489849 0.06124357672478884 0.03540254613577695
0 0.3464320394251612 0.2742478042165723 0.06862232090849837 0.05113701108501116
0 0.3434805417516774 0.23441993981382322 0.06271932556153076 0.044253182669721204
0 0.402879432430539 0.20295100991535484 0.05312695812270842 0.03441914207644981
0 0.2497704906185667 0.22311079313156112 0.028777102316467087 0.09047317345809666
3 0.7231169300035313 0.5358332839975909 0.042796716265515185 0.05507062732231964
1 0.6589218556052587 0.40454884207741804 0.051651209285966566 0.08162253692415244
1 0.7065147555901852 0.354395235051734 0.027301353479725145 0.07768892068684387
0 0.6563392951409603 0.2998163097590779 0.06271932556153076 0.05703743544097397
0 0.0785836255565062 0.3476333349721431 0.06419507439827267 0.04031956643241264
0 0.25825604642983263 0.12538401756421005 0.05755420463293414 0.06982168821222676
0 0.3977143115019422 0.11112465870396657 0.039845218592031294 0.07473870850886247
0 0.5080265370483993 0.07818062271650744 0.06271932556153076 0.03835275831375837
0 0.3161791882719522 0.17455422053056696 0.05238908370433748 0.07178849633088105
0 0.2844505882820013 0.19471400374677322 0.04943758603085367 0.07670551662751673
3 0.797453472157174 0.09539019375473234 0.04648608835736998 0.055070627322319696
1 0.6971025512587247 0.18045464488652974 0.04648608835736982 0.07768892068684387
1 0.731413711712974 0.18537166518316547 0.04574821393899892 0.07178849633088105
3 0.8055700907592543 0.21389038290365245 0.039107344173660394 0.050153607025684055
0 0.8384055023767616 0.18094634691619332 0.07083594416361122 0.05113701108501116
0 0.9188338139791952 0.3161644050736747 0.04427246510225683 0.08948976939876953
0 0.8705030395758981 0.36484290601036806 0.04353459068388609 0.08260594098347955
0 0.8406191256318745 0.4277807658073049 0.030990725571579933 0.0649046679155911
0 0.7930262256469481 0.400245452146145 0.03615584650017651 0.08850636533944241
0 0.75539463031003 0.3992620480868178 0.04943758603085371 0.07867232474617099
0 0.7369477698507562 0.4656418220913997 0.061243576724788945 0.05998764761895537
0 0.7251417791568209 0.27830334878957996 0.03910734417366025 0.06293785979693682
0 0.752443132636546 0.23503357017918589 0.022874106969499618 0.08063913286482528
0 0.7911815396010209 0.2640439899293365 0.04722396277574072 0.034419142076449825
0 0.8479978698155841 0.2699444142852993 0.059029953469675975 0.05605403138164685
0 0.819220767499117 0.306822066510067 0.07526319067383691 0.041302970491739754
1 0.8893188372443572 0.8097113145201987 0.0634571999799018 0.05408722326299257
0 0.7823270465805697 0.6715430441847359 0.05460270695945044 0.0708050922715539
0 0.7627733744937395 0.86084832560521 0.03172859998995068 0.07965572880549801
0 0.8908496732026144 0.046167247386759584 0.043137254901960784 0.09233449477351917
