1 0.323625 0.7703330000000002 0.01375 0.026000000000000002
1 0.9903750000000001 0.698833 0.019250000000000003 0.0163333
1 0.7344525423352168 0.4109915226971602 0.018905084670433867 0.030682954605679266
1 0.848125 0.188333 0.02075 0.018000000000000002
1 0.6335 0.1815 0.017500000000000005 0.0163333
1 0.898 0.16466700000000004 0.02 0.018666700000000005
1 0.010125 0.4605 0.01325 0.0263333
1 0.522375 0.33399999999999996 0.02275 0.0233333
1 0.6895 0.18183299999999997 0.014500000000000002 0.0316667
1 0.04037500000000001 0.9181669999999998 0.01775 0.023
1 0.6605 0.152667 0.020500000000000004 0.024
1 0.6921250000000001 0.170333 0.01375 0.02
1 0.511 0.317333 0.018 0.020666699999999996
1 0.888 0.1435 0.0165 0.019
1 0.909875 0.14983300000000002 0.01825 0.017
1 0.89875 0.8646670000000001 0.0235 0.0153333
1 0.09237500000000001 0.2425 0.015250000000000001 0.028333299999999995
1 0.7020106990866297 0.5316931363722396 0.022521398173258936 0.020718972744480486
1 0.238125 0.014000000000000002 0.024250000000000004 0.02
1 0.8560000000000001 0.833 0.019499999999999997 0.018666700000000005
1 0.296875 0.442 0.02075 0.0153333
1 0.841125 0.20300000000000004 0.019250000000000003 0.0166667
1 0.8703749999999999 0.146 0.02075 0.0166667
1 0.524375 0.780167 0.02175 0.0176667
1 0.9221249999999999 0.191833 0.01975 0.019
1 0.12300000000000003 0.528333 0.016 0.025333300000000003
1 0.8786249999999999 0.843667 0.01775 0.0233333
1 0.49262499999999987 0.807 0.022250000000000002 0.0153333
1 0.11525 0.279667 0.019 0.020666699999999996
1 0.58225 0.484333 0.0155 0.022666699999999998
1 0.620875 0.463167 0.01775 0.0223333
1 0.8392500000000002 0.806667 0.022 0.018666700000000005
1 0.8805 0.8681669999999998 0.018499999999999996 0.0243333
1 0.6473749999999998 0.757667 0.02075 0.0213333
1 0.5159999999999999 0.354833 0.015 0.0256667
1 0.74075 0.810167 0.021 0.021666699999999997
1 0.35137500000000005 0.842667 0.02075 0.018666700000000005
1 0.2665 0.628667 0.019499999999999997 0.020666699999999996
1 0.5855 0.4670000000000001 0.020500000000000004 0.018000000000000002
1 0.084 0.163833 0.020500000000000004 0.0203333
1 0.9109999999999999 0.1335 0.018499999999999996 0.015666699999999995
1 0.681625 0.0668333 0.019250000000000003 0.021
1 0.534375 0.3693330000000001 0.02175 0.018000000000000002
1 0.13449999999999998 0.6598330000000001 0.02 0.017
1 0.535125 0.9439999999999997 0.01475 0.03
1 0.547375 0.941 0.01475 0.0273333
1 0.5649999999999998 0.498333 0.0235 0.0153333
1 0.30449999999999994 0.652667 0.014500000000000002 0.03
1 0.332375 0.789833 0.01375 0.029000000000000005
1 0.8242499999999999 0.1895 0.0155 0.021
1 0.909375 0.17349999999999993 0.02025 0.0176667
1 0.238125 0.23566699999999996 0.02125 0.0173333
1 0.345 0.203167 0.021 0.0176667
1 0.319125 0.595 0.022250000000000002 0.0173333
1 0.518 0.300333 0.016 0.0286667
1 0.293625 0.429333 0.02075 0.018666700000000005
1 0.87 0.814667 0.017 0.022666699999999998
1 0.68525 0.815833 0.019 0.019
1 0.6945 0.21866700000000003 0.019499999999999997 0.020666699999999996
1 0.00825 0.479667 0.0165 0.0273333
1 0.5138135062947273 0.1551669999999997 0.021627012589454986 0.026999999999999955
1 0.706875 0.8506669999999998 0.01875 0.019333300000000005
1 0.24975000000000003 0.804667 0.025 0.016
1 0.043625 0.2685 0.02075 0.0196667
1 0.622 0.742667 0.021 0.018666700000000005
1 0.6736249999999999 0.474 0.015250000000000001 0.0266667
1 0.9477499999999999 0.136833 0.014000000000000002 0.028333299999999995
1 0.662875 0.561667 0.015250000000000001 0.028000000000000008
1 0.62475 0.649667 0.014500000000000002 0.0233333
1 0.311125 0.242333 0.01875 0.03
1 0.7289999999999999 0.777167 0.0225 0.0196667
1 0.586375 0.965833 0.01675 0.0323333
1 0.138625 0.463333 0.02375 0.020666699999999996
1 0.41637500000000005 0.2635 0.01975 0.0203333
1 0.500375 0.331667 0.02375 0.02
1 0.675 0.882167 0.021 0.0203333
1 0.8605000000000002 0.861 0.015 0.0266667
1 0.793875 0.0391667 0.01875 0.0323333
1 0.1295 0.488333 0.0165 0.024
1 0.9481250000000001 0.7425 0.015250000000000001 0.0276667
1 0.8682500000000001 0.8395000000000001 0.014500000000000002 0.0256667
1 0.520375 0.582 0.01775 0.024
1 0.616125 0.193667 0.019250000000000003 0.018666700000000005
1 0.224125 0.584667 0.02175 0.0213333
1 0.5385 0.348667 0.017500000000000005 0.024
1 0.7502499999999999 0.572833 0.022 0.015666699999999995
1 0.513125 0.6181670000000001 0.014250000000000002 0.0316667
1 0.704 0.1895 0.017 0.030333300000000004
1 0.5955000000000001 0.6571669999999998 0.0215 0.021
1 0.933125 0.16116699999999998 0.01575 0.028333299999999995
1 0.7455000000000002 0.05516669999999999 0.0225 0.015
1 0.6068750000000002 0.103333 0.01975 0.018666700000000005
1 0.858125 0.0158333 0.01675 0.023
1 0.7515 0.6629999999999999 0.015 0.028000000000000008
1 0.4415 0.6763330000000001 0.019 0.018666700000000005
1 0.6415 0.73 0.0155 0.026000000000000002
1 0.418 0.5733330000000001 0.021 0.019333300000000005
1 0.080375 0.124833 0.01625 0.028333299999999995
1 0.271625 0.256667 0.01225 0.024666699999999996
1 0.357625 0.776833 0.01675 0.031
1 0.46475 0.133833 0.014500000000000002 0.0223333
1 0.41424999999999995 0.9016670000000001 0.017500000000000005 0.0273333
1 0.830875 0.7838330000000002 0.015250000000000001 0.029666699999999997
1 0.7265 0.165333 0.017500000000000005 0.0266667
1 0.22375 0.491167 0.0165 0.028333299999999995
1 0.634125 0.18099999999999997 0.01375 0.034666699999999995
1 0.727 0.864833 0.018 0.025
1 0.9493750000000002 0.10816699999999999 0.01675 0.027000000000000003
1 0.45224999999999993 0.658167 0.013499999999999998 0.0276667
1 0.207875 0.505833 0.01775 0.0176667
1 0.9394999999999999 0.793833 0.0165 0.0263333
1 0.89275 0.0931667 0.02 0.021666699999999997
1 0.45699999999999996 0.9168330000000001 0.014000000000000002 0.028333299999999995
1 0.059 0.616333 0.015 0.0326667
1 0.51525 0.648333 0.016 0.03
1 0.2755 0.7575 0.023 0.018333300000000004
1 0.05137499999999999 0.892 0.01725 0.0273333
1 0.033875 0.899 0.01975 0.018666700000000005
1 0.962125 0.12149999999999998 0.01875 0.0243333
1 0.6231250000000002 0.16166699999999998 0.02025 0.0173333
1 0.86675 0.5605 0.020500000000000004 0.021
1 0.682625 0.221167 0.01725 0.025
1 0.197625 0.9071669999999997 0.01825 0.021
1 0.379875 0.473333 0.01875 0.0213333
1 0.502875 0.563667 0.01575 0.021999999999999992
1 0.20424999999999996 0.17700000000000002 0.014500000000000002 0.032
1 0.47100000000000003 0.918167 0.019499999999999997 0.0236667
1 0.19950000000000004 0.14533299999999996 0.020500000000000004 0.02
1 0.49787500000000007 0.737167 0.022250000000000002 0.023
1 0.7126249999999998 0.487833 0.01875 0.0243333
1 0.08987499999999998 0.425333 0.01575 0.032
1 0.30837500000000007 0.5255 0.02125 0.0176667
1 0.865875 0.477 0.01975 0.019333300000000005
1 0.04062500000000001 0.612333 0.01475 0.029333299999999996
1 0.8846249999999999 0.6145 0.01775 0.025
1 0.695375 0.454167 0.01875 0.0236667
1 0.806 0.8865 0.0155 0.031
1 0.40125 0.221 0.0215 0.019333300000000005
1 0.4865 0.623333 0.019 0.02
1 0.17225 0.586333 0.016 0.029333299999999996
1 0.37125 0.6405 0.022 0.018333300000000004
1 0.4966250000000001 0.5295 0.01775 0.0203333
1 0.2805 0.6903330000000001 0.023 0.019333300000000005
1 0.4775 0.503667 0.017500000000000005 0.026000000000000002
1 0.020375 0.4436669999999999 0.015250000000000001 0.0313333
1 0.67025 0.171167 0.013499999999999998 0.0316667
1 0.8606250000000002 0.8068330000000001 0.01475 0.027000000000000003
1 0.2375 0.551 0.018 0.025333300000000003
1 0.66925 0.515 0.018499999999999996 0.0233333
1 0.5168750000000001 0.433 0.02275 0.019333300000000005
1 0.057 0.8428330000000002 0.015 0.028333299999999995
1 0.538125 0.0361667 0.02175 0.021
1 0.4429999999999999 0.5998329999999998 0.021 0.0176667
1 0.5482499999999999 0.5675 0.018499999999999996 0.027000000000000003
1 0.141375 0.211667 0.01475 0.0326667
1 0.087 0.6645 0.02 0.018333300000000004
1 0.695875 0.486833 0.01625 0.029000000000000005
1 0.954 0.16966700000000004 0.0225 0.019333300000000005
1 0.49074999999999996 0.6535 0.021 0.0196667
1 0.5863749999999999 0.197667 0.01375 0.0333333
1 0.6023749999999999 0.787333 0.02075 0.022666699999999998
1 0.800125 0.550167 0.01575 0.029666699999999997
1 0.336 0.8590000000000001 0.014500000000000002 0.032
1 0.025250000000000005 0.6516669999999999 0.0155 0.0306667
1 0.09775 0.102167 0.014000000000000002 0.0276667
1 0.9112499999999999 0.848 0.0235 0.020666699999999996
1 0.292625 0.599833 0.02075 0.023
1 0.679 0.8343330000000002 0.0215 0.020666699999999996
1 0.84725 0.900667 0.020500000000000004 0.021999999999999992
1 0.22962500000000002 0.259667 0.01625 0.03
1 0.202375 0.256833 0.01375 0.0316667
1 0.19112499999999996 0.2085 0.01875 0.0223333
1 0.35887500000000006 0.563167 0.02125 0.021666699999999997
1 0.8781249999999998 0.6843329999999999 0.01875 0.032
1 0.7055 0.717667 0.018499999999999996 0.026000000000000002
1 0.28037499999999993 0.786333 0.01875 0.0273333
1 0.530625 0.589333 0.01775 0.028000000000000008
1 0.6913750000000001 0.7170000000000001 0.01675 0.032
1 0.6138749999999998 0.22050000000000003 0.01975 0.018333300000000004
1 0.06275 0.7355000000000002 0.02 0.0243333
1 0.52275 0.559 0.021 0.0233333
1 0.025250000000000005 0.6921669999999999 0.023 0.017
1 0.5185 0.409667 0.021 0.020666699999999996
1 0.06849999999999999 0.8866669999999999 0.018 0.0273333
1 0.493875 0.921167 0.023250000000000003 0.018333300000000004
1 0.4065 0.656833 0.021 0.021
1 0.6191249999999999 0.26133300000000004 0.01775 0.0286667
1 0.48225 0.548667 0.019 0.0233333
1 0.123875 0.8058330000000001 0.02175 0.021666699999999997
1 0.40425 0.7113330000000002 0.017500000000000005 0.0273333
1 0.31237500000000007 0.455167 0.01675 0.031
1 0.4855 0.638167 0.02 0.021
1 0.41887500000000005 0.475 0.02025 0.021999999999999992
1 0.20225 0.576667 0.017500000000000005 0.0273333
1 0.2745 0.436167 0.0165 0.029000000000000005
1 0.5571249999999999 0.362167 0.01875 0.021666699999999997
1 0.067125 0.8668330000000001 0.01975 0.021666699999999997
1 0.46962499999999996 0.6708330000000001 0.01575 0.029666699999999997
1 0.46587500000000004 0.9391669999999998 0.01825 0.0236667
1 0.6510000000000001 0.17899999999999994 0.0225 0.018000000000000002
1 0.31499999999999995 0.485 0.0235 0.0233333
1 0.482875 0.6879999999999998 0.023250000000000003 0.0233333
1 0.009070868427497127 0.1365323885962591 0.01735296568738581 0.020519318517356867
1 0.3697364848164591 0.2851659137540363 0.02011366477401538 0.01683636391167743
1 0.13133039940680624 0.5082477355837621 0.015775423352168905 0.03367272782335486
1 0.10056832387007685 0.535606826940238 0.01735296568738581 0.03577727331231449
1 0.17116334337103278 0.6289960330128237 0.022085592693036477 0.03314659145111499
1 0.06862309158193479 0.6216301238014647 0.012620338681735116 0.027885227728715715
1 0.04594592051319196 0.8412920592116311 0.011437181930322464 0.03156818233439523
1 0.03510031695857584 0.8502363775397097 0.015775423352168916 0.025254545867516087
1 0.7282329804944978 0.14837045697165727 0.015381037768364662 0.025254545867516145
1 0.8118427242609928 0.770263648959242 0.023268749444449142 0.018940909400637067
1 0.833139545786421 0.8202466043220343 0.024057520612057712 0.01367954567823792
1 0.9676603821280537 0.6061869253784203 0.024451906195861902 0.0215715912618367
1 0.9891543964453839 0.6485409033437337 0.015381037768364572 0.024202273123036327
1 0.8625566240442282 0.1625761390221351 0.020902435941623807 0.015784091167197613
1 0.8702471429284105 0.176255684700373 0.022085592693036383 0.01788863665615728
1 0.8852337951129711 0.17914943474769252 0.01577542335216895 0.031042045962155228
