1 0.189063 0.6374999999999998 0.05625 0.0416667
1 0.24140600000000004 0.341146 0.034375 0.09270830000000001
1 0.5332029999999999 0.26875 0.030468800000000004 0.0875
1 0.258203 0.7848960000000001 0.0414063 0.0739583
0 0.7578119999999999 0.320312 0.065625 0.046875
1 0.734766 0.440104 0.0492188 0.090625
1 0.178516 0.692708 0.0398437 0.06875
0 0.425 0.858854 0.0609375 0.0364583
1 0.0777344 0.895833 0.0367187 0.075
0 0.647266 0.388542 0.0382813 0.0833333
0 0.687109 0.342708 0.0367187 0.07291669999999999
0 0.7042970000000001 0.18333299999999997 0.0601562 0.0666667
0 0.11953100000000001 0.41875 0.05625 0.0416667
0 0.461328 0.6604170000000003 0.0648438 0.0479167
0 0.7058589999999998 0.388021 0.0429688 0.09270830000000001
0 0.607031 0.402604 0.0375 0.0885417
0 0.422266 0.402604 0.0507812 0.078125
0 0.33710900000000005 0.283854 0.0507812 0.06354169999999999
1 0.196875 0.771875 0.046875 0.0770833
0 0.730078 0.579687 0.0695312 0.0385417
0 0.255078 0.6427079999999998 0.0554687 0.075
0 0.29765600000000003 0.605729 0.06875 0.0385417
0 0.440234 0.90625 0.0648438 0.0520833
1 0.521484 0.8244789999999999 0.0445312 0.0760417
0 0.6683590000000001 0.799479 0.0414063 0.078125
0 0.19570299999999996 0.845312 0.0539063 0.0697917
0 0.0234375 0.604167 0.040625 0.075
0 0.685547 0.473437 0.0445312 0.0802083
2 0.7850650402910976 0.26963169867826187 0.042230766586624585 0.05235643211857686
2 0.43788885451500903 0.7107346392772718 0.03732021233236595 0.034031680877074956
2 0.31512499815854217 0.37499901831689786 0.04124865573577284 0.03795841328596818
