2 0.2931250000000001 0.122333 0.01675 0.018666700000000005
2 0.653625 0.572333 0.023250000000000003 0.0166667
2 0.8876453238531454 0.9479579563334326 0.016790647706289588 0.037529570443986734
2 0.6735716291276 0.4088539345001483 0.05164325825519893 0.026292830999705096
2 0.7541554857797178 0.5633616957777122 0.017310971559434774 0.03472269155542426
2 0.6309324190367143 0.7171670000000006 0.02602742889858721 0.026445483110848343
2 0.6664999999999999 0.391667 0.020500000000000004 0.02
2 0.090875 0.757333 0.02075 0.022666699999999998
2 0.8030304857797178 0.680895978166716 0.01933129541258002 0.044738214110553454
2 0.7657703238531453 0.4271327176109965 0.01954064770628973 0.03293143522199259
2 0.15915242889858808 0.24825549927815474 0.013857733027984421 0.06624273810937409
2 0.6671356575681651 0.5822489126668635 0.04177131513632796 0.030168174666273563
2 0.8022566094038511 0.09213241761099639 0.026986781192297776 0.03093143522199277
2 0.750125 0.1737987176109964 0.014749999999999994 0.037598135221992825
2 0.9467027428898589 0.7151383042222877 0.028486781192297653 0.022389391555424156
2 0.5284324190367138 0.2939723042222879 0.02071645733915263 0.05069774511025868
2 0.48875 0.3615 0.017 0.025
2 0.33724289495455706 0.33706856477800734 0.0335142100908863 0.030529570443985844
2 0.9576249999999998 0.6083329999999999 0.01475 0.032
2 0.7147535525227217 0.21099999999999997 0.027507105045442598 0.020666700000000097
2 0.315 0.929667 0.019499999999999997 0.0153333
2 0.8985203238531452 0.9243330000000004 0.015540647706289728 0.03647347888856151
2 0.12735822866957644 0.8432433260555722 0.036108724311168364 0.027987526777416786
2 0.7820848479353026 0.0737787831108489 0.038669695870602185 0.0315575662216978
2 0.8776148380734277 0.8800829126668637 0.018270323853145806 0.03783487466627444
2 0.5654999999999999 0.6375 0.013000000000000001 0.03300000000000001
2 0.535520323853145 0.9675221091664216 0.013499999999999991 0.04807161411055276
2 0.6617672669720158 0.9125542168891526 0.035034533944030465 0.04022426622170052
2 0.949597571101412 0.2668285880549821 0.035804857797176765 0.04965717610996372
2 0.9557601619265732 0.23093802183328424 0.025682914678305867 0.04990638877682746
2 0.877125 0.534333 0.01375 0.024666699999999996
2 0.2564796761468548 0.15922239155542445 0.031621943118870705 0.03491896199941008
2 0.4024593522937099 0.05122897816671584 0.02908129541258039 0.02687534366656834
2 0.2065 0.975 0.019 0.0233333
2 0.76475 0.199167 0.015 0.0256667
2 0.924875 0.7428329999999999 0.019250000000000003 0.0243333
2 0.8865609715594363 0.15137504366656834 0.027621943118868612 0.024750787333136626
2 0.04641209518356863 0.17731630277859722 0.016405485779717604 0.07645148177594244
2 0.422125 0.210333 0.02825 0.018666700000000005
2 0.0866219431188705 0.3085563915554245 0.03774388623774092 0.02577878311084891
2 0.6012499999999998 0.7625 0.0215 0.0196667
2 0.6681793621555847 0.3733893915554248 0.03085872431116742 0.03144548311084854
2 0.37535467614685486 0.7478473478888555 0.016560971559435235 0.043140178888561226
2 0.3897769332569962 0.4368816302778598 0.014905485779717328 0.048099609888265914
2 0.1445406477062902 0.24144695777712225 0.019581295412580326 0.06022721555424452
2 0.684848066743004 0.11281965211114389 0.027696133486007343 0.019027995777712234
2 0.359125 0.899667 0.01575 0.0313333
2 0.5844324190367142 0.2203616957777122 0.01940548577971821 0.03950147466627346
2 0.7440000000000001 0.07166670000000001 0.019499999999999997 0.020666699999999996
2 0.6979324190367141 0.20810402183328414 0.015675809632863292 0.037236739444280395
2 0.6411249999999998 0.8134999999999999 0.01825 0.0223333
2 0.4715945142202823 0.2819778908335794 0.023892266972015627 0.04143290988826564
2 0.945125 0.198 0.024250000000000004 0.019333300000000005
2 0.882125 0.1765 0.01675 0.027000000000000003
2 0.323125 0.2913285880549821 0.015250000000000217 0.06265717610996377
2 0.373 0.6041669999999999 0.017500000000000005 0.029000000000000005
2 0.812625 0.54 0.02075 0.020666699999999996
2 0.42100000000000004 0.368333 0.013000000000000001 0.024666699999999996
2 0.98875 0.310333 0.0225 0.0173333
2 0.8167296761468549 0.7832566739444282 0.021040647706290157 0.018514047888856015
2 0.515375 0.294833 0.01975 0.021666699999999997
2 0.6322129048164317 0.8783130654998536 0.021925809632862343 0.03595943099970378
2 0.7767667713304239 0.7787289781667158 0.024736781192297153 0.034654126777417235
2 0.9158750000000001 0.235 0.01475 0.032
2 0.22675 0.6910000000000001 0.016 0.022666699999999998
2 0.337375 0.9093329999999998 0.02025 0.0166667
2 0.81675 0.17200000000000004 0.018 0.021999999999999992
2 0.37762499999999993 0.043166699999999995 0.01675 0.029666699999999997
2 0.49818597155943534 0.3255984352219928 0.026371943118870558 0.037196170443985405
2 0.330875 0.352 0.02025 0.022666699999999998
2 0.36487499999999995 0.33233299999999993 0.015250000000000001 0.0306667
2 0.059070059171246164 0.11269726921786305 0.03810971559435236 0.06270374377535236
2 0.0587524782079599 0.17624836088207155 0.015879048164313486 0.05592496066450348
2 0.24390217980385515 0.061856395886496246 0.030487772475481865 0.03389391555424451
2 0.20706278806264783 0.14828588054981978 0.020325181650321277 0.04406209022051789
2 0.5329008563943605 0.07499028816376602 0.031758096328626965 0.055077612775647336
2 0.37284005089808064 0.13303361855040974 0.062245868804108845 0.0271151324433956
2 0.45414077749936577 0.15718303338280898 0.04319101100693268 0.048298829664798454
2 0.4833582261217025 0.16650386016022622 0.04954263027265803 0.016099609888266163
2 0.44620125341720895 0.1838744918817765 0.05652941146495603 0.030504523998820077
2 0.3788740892005197 0.25081497510140943 0.027311962842619195 0.04914617755365457
2 0.30043159126881114 0.32283954565417905 0.02159550550346634 0.049146177553654545
2 0.10829510848061798 0.34487059076443805 0.015879048164313483 0.03897800288738122
2 0.1194104421956374 0.352073047819715 0.024136153209756494 0.0516882212202229
2 0.3436226022757438 0.26183049765653893 0.033028420181772045 0.03389391555424453
2 0.4535056155727931 0.2542043666568338 0.027947124769191686 0.03219921977653229
2 0.4430254437843463 0.2796248033225173 0.031122934402054474 0.04067269866509347
2 0.417936547684731 0.3308893505983122 0.01524388623774098 0.02118369722140282
2 0.31218208691040317 0.36902000559683723 0.03493390596148963 0.026267784554539476
2 0.5151163224503295 0.3558861133195675 0.03302842018177197 0.0271151324433956
2 0.6141391296071824 0.12710218332841694 0.03493390596148973 0.055924960664503455
2 0.8129448126243873 0.047875155720370384 0.027311962842619195 0.044909438109373985
2 0.7913493071209209 0.11651033471771555 0.04001520137407 0.04321474233166176
2 0.711318904372781 0.1588777291605212 0.029852610548909468 0.022878392999115062
2 0.7021090564374792 0.1851455137150607 0.033028420181772045 0.01948900144369061
2 0.7840449449653367 0.22836025604672247 0.04446133486007777 0.04321474233166176
2 0.7789636495527564 0.292758695599787 0.026676800916046697 0.04660413388708621
2 0.7373605433622551 0.28979297798879067 0.026041638989474106 0.0271151324433956
2 0.9063136158305504 0.16311446860480172 0.029852610548909468 0.026267784554539476
2 0.9025026442711153 0.2105659503807441 0.05398876375866572 0.00932082677741723
2 0.905678453903978 0.262254171600967 0.07304362155584178 0.029657176109963938
2 0.6125512247907512 0.33427874215373654 0.033028420181772045 0.022878392999115062
2 0.5706305376369635 0.35630978726399554 0.012703238531450804 0.029657176109963962
2 0.5852392619481318 0.3558861133195675 0.013973562384595895 0.022031045110258943
2 0.7580033059758625 0.3965588119846609 0.030487772475481865 0.028809828221107843
2 0.8078635172118069 0.412234747928499 0.020960343576893935 0.027962480332251724
2 0.9085366825735544 0.3863906373183875 0.05208327797894821 0.04406209022051789
2 0.6081050913047433 0.4185898570949199 0.017784533944031164 0.07287191844162573
2 0.6741619316682875 0.4851066663701246 0.05462392568523839 0.0313518718876762
2 0.9463288172046205 0.5545891932563259 0.024771315136328922 0.05507761277564726
2 0.8901169867029509 0.5664520637003116 0.025406477062901608 0.024573088776827304
2 0.8831302055106529 0.5745018686444446 0.026676800916046607 0.032199219776532326
2 0.8427974231732965 0.5151875164245167 0.04509649678665037 0.022031045110258874
2 0.9317200928934521 0.49993525442510667 0.015879048164313576 0.030504523998820077
2 0.8405743564302928 0.5639100200337432 0.015243886237740888 0.03474126344310062
2 0.8516896901453123 0.539336931256916 0.02985261054890928 0.033046567665388445
2 0.7468879722608431 0.5177295600910851 0.02985261054890928 0.03558861133195674
2 0.7437121626279805 0.5325581481460671 0.03620422981463474 0.03304656766538838
2 0.8256480511558383 0.6075484363098331 0.014608724311168487 0.04236739444280564
2 0.7373605433622551 0.6058537405321208 0.03366358210834445 0.020336349332546765
2 0.6757498364847189 0.5351001918126354 0.0260416389894742 0.03982535077623728
2 0.6725740268518561 0.509679755146952 0.023500991283183927 0.0313518718876762
2 0.6452620640092368 0.516882212202229 0.03366358210834455 0.020336349332546765
2 0.5471295463537795 0.600345979254556 0.026676800916046607 0.0296571761099639
2 0.6277951110284921 0.6342398948088007 0.011432914678305714 0.024573088776827304
2 0.5033033734202744 0.6037353708099805 0.029217448622336776 0.024573088776827304
2 0.7259276286839494 0.6910122033621601 0.013338400458023396 0.03643595922081299
2 0.7341847337293926 0.7143142703057034 0.03112293440205437 0.015252261999410039
2 0.6922640465756049 0.7240587710275486 0.03366358210834464 0.012710218332841618
2 0.7630846013884429 0.7477845119155198 0.03048777247548196 0.022878392999115062
2 0.8332699942747085 0.7609184041927896 0.028582286695764285 0.045756785998230125
2 0.9691946465612321 0.7329559238605379 0.03366358210834464 0.022031045110259006
2 0.4814527403419849 0.3791881802631106 0.024136153209756518 0.019489001443690576
2 0.22897587452940044 0.4537547944824485 0.045096496786650314 0.027962480332251724
2 0.22643522682311026 0.4872250360922649 0.033663582108344574 0.040672698665093404
2 0.11274124196662573 0.532134474201639 0.01714937201745856 0.04406209022051789
2 0.17466952980744832 0.5639100200337431 0.039380039447497434 0.026267784554539417
2 0.3283787160380029 0.548234084089905 0.027947124769191745 0.023725740887971244
2 0.33441275434044193 0.5677230855335957 0.023500991283183975 0.02542043666568336
2 0.3429874403491712 0.5863647390884301 0.030487772475481924 0.018641653554834395
2 0.30170191512195627 0.5461157143677647 0.016514210090886022 0.019489001443690635
2 0.2102385976955105 0.5617916503116028 0.0228658293566114 0.06948252688620118
2 0.026041638989474113 0.49781688470296637 0.04065036330064251 0.016099609888266163
2 0.01143291467830571 0.44994172898259616 0.017784533944031105 0.10507113821815803
2 0.00857468600872928 0.5151875164245167 0.01714937201745856 0.049146177553654545
2 0.24167911306085124 0.6244953940869553 0.04128552522721509 0.028809828221107843
2 0.42587607176688763 0.6088194581431172 0.029852610548909326 0.022878392999115062
2 0.447471577270354 0.6016170010878403 0.015879048164313483 0.059314352219927924
2 0.467479177957389 0.4512127508158802 0.034298744034917145 0.022878392999115062
2 0.3617247171830612 0.6189876328093906 0.018419695870603662 0.05677230855335949
2 0.17879808233016983 0.6511868525859228 0.027311962842619195 0.026267784554539545
2 0.13973562384595867 0.6444080694750741 0.06478651651039902 0.03982535077623722
2 0.2747075332426233 0.6753362674183221 0.01969001972374875 0.05592496066450345
2 0.16418935801900147 0.6939779209731565 0.05271843990552078 0.05084087333136672
2 0.1657772628354328 0.7520212513598001 0.01905485779717618 0.046604133887086306
2 0.06573925940025784 0.7604947302483612 0.02350099128318396 0.06355109166420846
2 0.10734236559075916 0.7643077957482138 0.050812954125803146 0.06270374377535227
2 0.46271546350809495 0.7926939500248936 0.03239325825519956 0.026267784554539545
2 0.3172633823229834 0.9134410241868898 0.03366358210834455 0.0271151324433956
2 0.2537471896657295 0.8816654783547855 0.0336635821083446 0.019489001443690576
2 0.21150892154865564 0.9036965234650445 0.026676800916046677 0.0296571761099639
2 0.24644282751014526 0.8736156734106525 0.11686979448934723 0.04914617755365461
2 0.3918949086952568 0.8600581071889545 0.010162590825160625 0.0779560057747623
2 0.25342960870244324 0.8346376705232713 0.033028420181772045 0.050840873331366845
2 0.4328628529591856 0.8964940664097675 0.014608724311168388 0.022031045110258874
2 0.020325181650321256 0.9178072547809571 0.020325181650321256 0.016946957777122157
2 0.4236530050238838 0.9538195400573418 0.026676800916046697 0.024573088776827304
2 0.34743357383517903 0.9872897816671585 0.031758096328626965 0.022031045110259006
2 0.6169973582767588 0.8745925124492951 0.022865829356611335 0.06439843955306453
2 0.7129068091892122 0.8741688385048674 0.013973562384595895 0.07541396210819402
2 0.7367253814356826 0.9114521456145361 0.026041638989474106 0.04490943810937394
2 0.7878559165247719 0.8262936827844969 0.02032518165032125 0.02542043666568336
2 0.8094514220282383 0.8551035110056047 0.039380039447497406 0.12032340021756797
2 0.906631196793837 0.8203622475625043 0.013973562384595895 0.067787831108489
2 0.9145707208759933 0.8445116623949034 0.015879048164313576 0.029657176109964024
2 0.9523628555070599 0.9228913421140937 0.025406477062901424 0.03558861133195667
