0 0.14332784184514002 0.4978021978021978 0.12191103789126853 0.12967032967032968
1 0.44233937397034595 0.5780219780219781 0.10049423393739704 0.11868131868131866
1 0.514003294892916 0.8747252747252747 0.07248764415156508 0.12747252747252746
0 0.25535420098846784 0.9560439560439561 0.12850082372322896 0.07472527472527472
0 0.7627677100494233 0.6868131868131868 0.10543657331136741 0.11208791208791212
1 0.8212520593080724 0.23846153846153842 0.054365733113673806 0.06813186813186813
0 0.9711696869851729 0.35714285714285715 0.05107084019769357 0.0945054945054945
0 0.9794069192751234 0.4978021978021978 0.03130148270181218 0.09010989010989011
2 0.5453047775947282 0.0923076923076923 0.05601317957166392 0.18021978021978022
0 0.6466227347611203 0.03296703296703297 0.09390444810543658 0.06153846153846154
0 0.3369028006589786 0.01868131868131868 0.08072487644151564 0.03736263736263736
