1 0.7628910000000001 0.866146 0.0585938 0.0552083
1 0.322266 0.696875 0.0445312 0.06875
0 0.312891 0.511458 0.0539063 0.07291669999999999
0 0.450781 0.8270830000000001 0.04375 0.0375
0 0.767578 0.569271 0.0523437 0.0697917
0 0.19570299999999996 0.651563 0.0445312 0.0864583
1 0.3875 0.753125 0.0515625 0.0604167
1 0.3402339999999999 0.747917 0.0398437 0.075
0 0.59375 0.370313 0.075 0.046875
0 0.42343800000000004 0.798958 0.05 0.05833330000000001
0 0.437891 0.683333 0.0601562 0.0458333
0 0.3125 0.4375 0.0578125 0.075
0 0.551172 0.779167 0.0335938 0.0916667
0 0.515625 0.7932289999999999 0.0390625 0.084375
0 0.46875 0.708333 0.05 0.0833333
0 0.663281 0.324479 0.0671875 0.040625
0 0.22851600000000002 0.614583 0.0585938 0.0458333
0 0.568359 0.84375 0.0507812 0.08125
0 0.36289100000000013 0.6661459999999999 0.0476562 0.06354169999999999
0 0.382031 0.454167 0.0296875 0.0875
0 0.21132799999999996 0.459375 0.0679687 0.05833330000000001
0 0.178125 0.526042 0.065625 0.0458333
0 0.502734 0.6135420000000001 0.0664062 0.0479167
0 0.45625 0.311979 0.0609375 0.05729170000000001
0 0.616406 0.251563 0.071875 0.065625
0 0.58125 0.761458 0.0375 0.075
0 0.517969 0.31197900000000006 0.0453125 0.0864583
0 0.6902339999999998 0.6463540000000001 0.0414063 0.0989583
0 0.686328 0.478125 0.0445312 0.0916667
0 0.512891 0.854688 0.0585938 0.0489583
0 0.6484379999999998 0.809896 0.040625 0.096875
0 0.749609 0.426562 0.0445312 0.06354169999999999
0 0.232031 0.5802080000000001 0.065625 0.05
0 0.6839840000000001 0.553646 0.0679687 0.051041699999999995
0 0.288281 0.6708330000000001 0.0484375 0.0708333
0 0.616406 0.42916699999999997 0.05625 0.0541667
0 0.6429690000000001 0.9312500000000001 0.04375 0.0770833
0 0.652344 0.394271 0.0390625 0.084375
0 0.434375 0.506771 0.0421875 0.0760417
0 0.565625 0.286979 0.0390625 0.09479169999999999
2 0.42208742324991955 0.423196955697178 0.020123847773753173 0.03657287823943905
1 0.7928540731420994 0.4122250922253463 0.05061452621883386 0.05201476016275769
