0 0.28464973512711894 0.2893852727444797 0.024299470254238106 0.015437845488960034
0 0.798394385583804 0.2686931363722395 0.021443855838042043 0.020333299999999967
0 0.22946307726374285 0.7223187655186786 0.018777846358246045 0.027534116612591943
0 0.8532499999999998 0.3185 0.017500000000000005 0.015666699999999995
0 0.19975868649717451 0.20406245451104027 0.01825000000000008 0.030156818233439537
0 0.45874999999999994 0.359333 0.0245 0.0173333
0 0.8400862288323911 0.2822352273501591 0.014594915329566763 0.02784318176656078
0 0.638625 0.16716700000000004 0.015250000000000001 0.0236667
0 0.243 0.9518330000000002 0.0255 0.015666699999999995
1 0.2964525423352161 0.8384999999999999 0.013249999999999984 0.02973863627760116
0 0.4583749999999999 0.273333 0.01675 0.0273333
2 0.49370789187853165 0.9004898182334395 0.02291578375706344 0.03298033646687903
0 0.88875 0.599167 0.018 0.030333300000000004
0 0.678663771167608 0.6156931363722394 0.013883686497175213 0.027843181766561073
0 0.1349525423352169 0.22817447730283966 0.020905084670433758 0.01834965460567952
0 0.5751443855838042 0.37901765906940016 0.019000000000000256 0.016879199905360888
0 0.06729745766478307 0.3730176590694001 0.017749999999999988 0.030702618138800503
0 0.11299999999999995 0.16910624995268023 0.02102139817325916 0.024879199905361297
0 0.8348749999999999 0.31716700000000003 0.02025 0.021666699999999997
0 0.24474999999999966 0.013560450047319554 0.017499999999999984 0.02712080009463911
0 0.7592499999999996 0.7569215908832799 0.017500000000000356 0.02117648176656096
2 0.4877219279190211 0.9136931363722394 0.013922457664783304 0.021457609022081242
0 0.269875 0.30583299999999997 0.01825 0.025
1 0.40924999999999917 0.9835960681861202 0.02199999999999996 0.028944318328078512
0 0.870125 0.395 0.01725 0.0173333
0 0.8175 0.274167 0.017 0.021666699999999997
0 0.281375 0.992667 0.015250000000000001 0.0146667
0 0.502375 0.3375 0.01275 0.0323333
0 0.653 0.1655 0.019499999999999997 0.0236667
0 0.48953342162429364 0.36711472725552013 0.019278072080978977 0.016405336277601035
0 0.092100264872881 0.16106245451104012 0.014834216242936675 0.02566670000000036
0 0.5099999999999999 0.34850000000000003 0.0215 0.019
0 0.7370862288323914 0.38391988641955943 0.02448262700565085 0.019245109116719852
0 0.91775 0.390333 0.0115 0.0273333
0 0.11371122883239156 0.35974540911671965 0.021 0.0163333
0 0.37613034954331476 0.6346585226971598 0.020260699086629502 0.02868295460567859
0 0.07474999999999991 0.1538414773028397 0.01799999999999999 0.029016254605679474
0 0.882375 0.592333 0.015250000000000001 0.026000000000000002
0 0.11078877116760845 0.5040522727444793 0.0195775423352169 0.024771245488960453
0 0.27232754233521683 0.85294772725552 0.0165 0.0286667
0 0.21762500000000004 0.539167 0.015250000000000001 0.0256667
0 0.12925 0.8234999999999999 0.013499999999999998 0.0316667
0 0.09674131350282526 0.532228454511039 0.022482627005650867 0.023542390977917053
0 0.40487499999999976 0.3670346136750795 0.022250000000000374 0.017264772649840943
0 0.9029999999999997 0.3903329999999999 0.01802139817325912 0.029437845488959714
0 0.469125 0.36950000000000005 0.02075 0.021666699999999997
0 0.622125 0.18866700000000003 0.01625 0.0273333
0 0.18637500000000004 0.0343333 0.015250000000000001 0.038
0 0.8997780720809787 0.5355261363722397 0.015556144161957936 0.02894772725551962
0 0.5256778072080975 0.2558255226971602 0.0160106990866289 0.027441254416401356
0 0.6696778072080976 0.13784147730283974 0.02185561441619604 0.01834965460567946
0 0.724144385583804 0.6310261363722399 0.011112288323915715 0.023666699999999877
0 0.9212112288323893 0.8694039318138798 0.015499999999999974 0.03150647283911945
0 0.677010699086629 0.5179999999999979 0.015478601826739956 0.02866669999999993
0 0.07236631350282534 0.2306408636277601 0.019 0.0236667
0 0.03299999999999998 0.5774999999999989 0.024021398173259143 0.019490118233441087
0 0.6975 0.4395 0.021 0.0203333
0 0.11862500000000001 0.22666700000000004 0.01775 0.0266667
0 0.7475 0.635667 0.017500000000000005 0.0273333
0 0.6016249999999999 0.3521670000000001 0.019250000000000003 0.025
0 0.22489973512711892 0.3794562045583599 0.013433156751412923 0.03322534558359879
0 0.325375 0.8615 0.01625 0.029000000000000005
0 0.04275 0.610167 0.019499999999999997 0.0223333
0 0.75 0.679167 0.014000000000000002 0.023
0 0.0881303495433147 0.26643754548895937 0.02276069908662972 0.01828102725552066
0 0.9583749999999999 0.387333 0.01575 0.024666699999999996
0 0.7762780720809789 0.1859477272555202 0.023 0.0233333
0 0.16833622883239158 0.4704999999999994 0.019827542335216913 0.022333299999999983
0 0.082125 0.595333 0.02025 0.024
0 0.7179999999999991 0.1382006136750796 0.018499999999999968 0.030401927350159324
0 0.46125 0.7895 0.018499999999999996 0.023
0 0.7796497351271187 0.7519738636277598 0.020221927919021745 0.020614427255520634
0 0.582375 0.578333 0.022250000000000002 0.0166667
0 0.17729176953736892 0.6752788231969042 0.02389830816924047 0.02030977021878238
0 0.341625 0.977333 0.01975 0.0333333
0 0.5894084216242937 0.3672267500473197 0.019316843248587515 0.0251208000946391
0 0.6573750000000002 0.9905000000000003 0.01625 0.019
0 0.8531250000000001 0.3215 0.01575 0.0336667
0 0.1946249999999998 0.5487976818611991 0.018249999999999978 0.024928063722399738
0 0.4701443855838041 0.44256993181387905 0.013112288323916043 0.027140563627761575
0 0.6657499999999998 0.5404999999999999 0.019 0.017
0 0.12178008467043366 0.5576744773028389 0.021560169340867765 0.02668295460568086
1 0.8962252648728806 0.34216699999999906 0.02278209725988832 0.02099999999999995
0 0.5151249999999994 0.8999653863249201 0.016749999999999984 0.02859807264984132
0 0.357375 0.693667 0.01775 0.016
0 0.7425 0.7010000000000001 0.019499999999999997 0.026000000000000002
0 0.092625 0.7731670000000003 0.01325 0.029000000000000005
0 0.03936096395951056 0.46028920455835953 0.02208824142184646 0.02057840911672054
0 0.474125 0.6401670000000002 0.01575 0.0223333
1 0.59325 0.864333 0.015 0.024
0 0.018125 0.6848330000000001 0.01625 0.0203333
0 0.43750000000000006 0.358333 0.018 0.026000000000000002
0 0.4131356990866297 0.6352369318138799 0.022116313502825325 0.022963981861199953
0 0.16574999999999995 0.23235913637223995 0.020500000000000004 0.02071897274447984
0 0.6597780720809788 0.09374510911671974 0.02 0.0163333
0 0.3305 0.454833 0.0155 0.028333299999999995
0 0.6879719279190206 0.5323255226971595 0.01981016934086845 0.022160227160882177
0 0.721125 0.423667 0.01875 0.029333299999999996
0 0.126 0.7808329999999998 0.022 0.019
0 0.7415 0.811833 0.020500000000000004 0.0203333
0 0.865 0.2095 0.0115 0.030333300000000004
0 0.8055 0.6161670000000001 0.019499999999999997 0.0236667
0 0.5090862288323916 0.2313591363722397 0.02290508467043379 0.01833329999999999
0 0.8857500000000001 0.967167 0.0155 0.0323333
0 0.7763803495433149 0.6678329999999995 0.020760699086629378 0.02299999999999998
0 0.3142499999999999 0.9605 0.016 0.0263333
0 0.44002473512711815 0.06944772725552013 0.01795052974576134 0.020967390788641214
0 0.209375 0.31 0.01575 0.028000000000000008
0 0.013875 0.769333 0.01775 0.025333300000000003
1 0.5351443855838037 0.23278920455835983 0.021711228832392182 0.01772238167192147
0 0.3228081567514126 0.10898234093059976 0.02061631350282546 0.023297381861199663
0 0.1906637711676084 0.5975437954416398 0.01753877116760845 0.03378750009463974
0 0.878125 0.3065 0.019250000000000003 0.021666699999999997
0 0.6625 0.18350000000000002 0.017 0.0236667
0 0.24732754233521695 0.6478591363722398 0.015 0.038666700000000005
0 0.6545000000000001 0.7896670000000001 0.021 0.021999999999999992
0 0.06975 0.7275 0.02 0.0223333
0 0.583683156751412 0.7767732499526798 0.016344915329566733 0.029545799905362075
1 0.777 0.4966670000000001 0.0125 0.028000000000000008
0 0.44549999999999995 0.15 0.014500000000000002 0.032
0 0.41991377116760814 0.3134823409305996 0.012228601826741334 0.026545799905361118
0 0.22631023090549726 0.6871471178687304 0.014250000000000002 0.0326667
0 0.3985387711676077 0.13885165906940014 0.01442245766478286 0.02949352716088104
0 0.3257887711676084 0.62364086362776 0.01607754233521689 0.02338557274447923
0 0.605375 0.7914999999999999 0.01825 0.0243333
0 0.8323275423352169 0.5355261363722399 0.019 0.0266667
1 0.38278877116760845 0.5901744773028395 0.01657754233521691 0.031016254605679913
0 0.3860193855838039 0.12264086362775999 0.015172457664783296 0.02173863627760093
0 0.3213556144161957 0.2812454091167196 0.014478601826741018 0.028666700000000142
0 0.32330815675141267 0.8132192727444796 0.01775 0.029666699999999997
0 0.21775 0.9565 0.018499999999999996 0.0143333
0 0.522 0.577 0.0165 0.0306667
0 0.5819999999999999 0.748667 0.017500000000000005 0.03
0 0.44525000000000003 0.634667 0.013499999999999998 0.0306667
0 0.742 0.365 0.014500000000000002 0.032
0 0.72125 0.704667 0.0155 0.0233333
0 0.7453749999999993 0.7675885908832802 0.013249999999999991 0.031176481766560613
0 0.2632359639595104 0.0416568182334395 0.02197192791902134 0.02464693646687904
0 0.447452542335217 0.46516699999999994 0.01775 0.0276667
0 0.7950193855838041 0.37483299999999964 0.02090508467043388 0.02433329999999998
0 0.12937499999999985 0.26323693181387975 0.013594915329566432 0.03440192735015961
0 0.689875 0.711167 0.01775 0.021666699999999997
0 0.6547693855838038 0.5243068636277592 0.014517372994350148 0.021529545299682942
0 0.7637974576647829 0.8311306818611987 0.021405084670433255 0.025594663722400286
0 0.922 0.514833 0.017500000000000005 0.0276667
0 0.7779999999999996 0.34093754548895966 0.01649999999999999 0.03254239097791929
0 0.4331778072080978 0.45564834093059914 0.019644385583804113 0.017963981861200608
0 0.30575 0.268333 0.019499999999999997 0.0173333
0 0.333125 0.9658330000000003 0.01875 0.025
0 0.5727219279190209 0.6004375454889597 0.017500000000000005 0.0326667
0 0.6065000000000002 0.524667 0.0155 0.035333300000000005
0 0.7664999999999996 0.7906408636277596 0.017499999999999995 0.03194772725552028
0 0.830591578375706 0.21585913637223988 0.011239300913371154 0.02940533627760079
0 0.5617499999999999 0.5225 0.0155 0.028333299999999995
0 0.7195 0.369667 0.018499999999999996 0.025333300000000003
0 0.6766918432485869 0.7798777954416392 0.02534894050847649 0.018735227350160852
0 0.878125 0.877333 0.01625 0.029333299999999996
0 0.048369650456685225 0.2874915226971601 0.014239300913370419 0.01765034539432081
0 0.461875 0.646167 0.01875 0.0196667
2 0.5036637711676082 0.925745409116719 0.010728601826740963 0.03261442725552088
0 0.4481918432485874 0.23678920455835975 0.023116313502825777 0.01891170911671969
0 0.014500000000000002 0.6578329999999998 0.017 0.0343333
0 0.8660000000000001 0.577667 0.016 0.028000000000000008
0 0.730125 0.522667 0.01875 0.0266667
0 0.73 0.604833 0.015 0.03699999999999999
0 0.6229137711676086 0.39690393181387995 0.01825000000000012 0.025036018138800388
0 0.6303750000000001 0.956667 0.01725 0.028000000000000008
0 0.10924480671376974 0.18537044940052802 0.01735296568738581 0.024728409495276205
2 0.054228017773080645 0.296385223943151 0.012225953097930918 0.014205682050477796
1 0.2679850041949695 0.32075794343826386 0.021691207109232283 0.015784091167197613
2 0.3965547045151462 0.09707216067826512 0.0461431133050941 0.025780682239756058
0 0.6300309701272462 0.19598579865936996 0.013014724265539335 0.028937500473195564
0 0.6434400799765898 0.21176988982656755 0.015381037768364756 0.027885227728715753
0 0.7096968580556993 0.1867784121451714 0.016958580103581616 0.023150000378556454
1 0.7931094090302924 0.202562503312369 0.018930508022602665 0.012627272933758073
1 0.8414569953107025 0.2643835270505595 0.018930508022602856 0.0215715912618367
1 0.8946990491242723 0.3669801196373437 0.017352965687385716 0.023676136750796453
0 0.8148359684039174 0.2580698905836804 0.013803495433147808 0.028937500473195533
2 0.6002902108144201 0.300160800362874 0.021691207109232283 0.01315340930599798
0 0.5360053606543316 0.3727676197319829 0.016958580103581616 0.024728409495276205
1 0.44549386917126255 0.3898670518297804 0.022085592693036477 0.01788863665615731
0 0.4750727879565793 0.2714863680757984 0.02208559269303657 0.0168363639116774
0 0.4760587519160898 0.2843767091956764 0.021691207109232283 0.01736250028391731
2 0.5220046724292817 0.2693818225868387 0.01971927919021114 0.011575000189278227
1 0.3894911162710628 0.2714863680757984 0.011042796346518238 0.03367272782335483
1 0.3800258622597614 0.2767477317981976 0.011042796346518191 0.029463636845435473
0 0.3894911162710629 0.29463636845435487 0.018930508022602714 0.01683636391167743
0 0.3900826946467692 0.339621028280868 0.01301472426553938 0.026832954984235897
0 0.4084216242936656 0.41275398402221675 0.013409109849343617 0.033146591451114926
0 0.3317136282437442 0.29779318668779436 0.005127012589454904 0.0021045454889596945
2 0.2526393186909975 0.35382671033134583 0.011042796346518238 0.020519318517356812
1 0.07098940508476013 0.49904034906956357 0.014197881016952034 0.031042045962155228
0 0.04949539076742998 0.5456034180127964 0.015381037768364697 0.03051590958991535
0 0.04870661959982153 0.5858528504891503 0.01932489360640692 0.014205682050477796
0 0.30190216440213274 0.5203488721452801 0.013803495433147808 0.03367272782335486
1 0.4839111113277815 0.6487261469718206 0.020508050357819524 0.017888636656157184
1 0.4815447978249562 0.6642471699528982 0.023663135028253332 0.01736250028391731
0 0.47188235102175263 0.678978988375616 0.022479978276840763 0.016310227539437554
0 0.4401343115255129 0.6571443289276593 0.023663135028253426 0.023150000378556454
0 0.5957194243362788 0.5863789868613901 0.016169808935973144 0.014205682050477926
0 0.6659200582534304 0.6118966009150262 0.023268749444449142 0.01999318214511694
1 0.6383130673871349 0.6576704652998991 0.012225953097930951 0.03051590958991535
2 0.6953017842468451 0.540868190662637 0.012620338681735142 0.01683636391167743
0 0.7471634885171003 0.6542505788803399 0.011437181930322475 0.022623864006316573
0 0.7376982345057992 0.673191488280977 0.016958580103581523 0.0215715912618367
0 0.9149745544257972 0.5395528497320373 0.02287436386064495 0.01631022753943749
0 0.6328270214782684 0.7952551266406381 0.022085592693036477 0.014205682050477796
0 0.28951437077669234 0.8221659061829071 0.021691207109232283 0.01683636391167743
0 0.2920778770714198 0.9221318169084918 0.016564194519777375 0.02630681861199596
0 0.2930638410309303 0.9408096581230089 0.016169808935973144 0.01946704577287706
2 0.2532308970667039 0.9636965903154454 0.020902435941623856 0.03262045507887498
0 0.2916834914876155 0.9626443175709656 0.013409109849343617 0.028411364100955593
0 0.21713427308425715 0.7225505466349169 0.011852309054972874 0.031228229456764563
0 0.09704078038759054 0.9055716888941826 0.013926463139593148 0.020159996231582152
