2 0.6125110327820152 0.35449999999999987 0.026522065564031787 0.020333299999999995
2 0.9855955827203374 0.10666699999999991 0.028808834559322337 0.02066669999999999
2 0.05687500000000005 0.7991356248059887 0.011750000000000014 0.04839545038801787
2 0.5246838241421847 0.728851999962143 0.025808834559323826 0.03092670015141968
2 0.2603639776351235 0.5080948750615147 0.031727955270246716 0.02419045012303243
2 0.5209999999999999 0.876333 0.024 0.018000000000000002
2 0.4536066155023535 0.2885076250709791 0.022786768995292066 0.032347950141959216
2 0.5640992533695838 0.07909892488170106 0.034801493260831304 0.04029295025552554
2 0.317 0.6531670000000002 0.016 0.0203333
2 0.7646250000000001 0.10066700000000002 0.01125 0.025333300000000003
2 0.3554999999999996 0.8870692500283913 0.01699999999999998 0.03147250005678399
2 0.038180153492938775 0.10479124991482473 0.02936030698587756 0.033084200170350325
2 0.485125 0.550667 0.023250000000000003 0.024666699999999996
2 0.4357316155023533 0.4504392499526804 0.02040441727966245 0.03357500018927815
2 0.4622867585781533 0.07618687487223716 0.02902942769680046 0.03695955025552553
2 0.8758566155023518 0.25314987494794833 0.022154417279659007 0.03780205023659758
2 0.9628198569242002 0.10329124991482477 0.02013971384840038 0.03941750017035039
2 0.4358566155023537 0.9834820000378558 0.022286768995292312 0.02963000007571102
2 0.2546911758578152 0.3184667498958969 0.01711764828436914 0.041065800208205855
0 0.4081249999999999 0.021183125052051506 0.016749999999999994 0.03369955010410301
2 0.5927867169095977 0.6726717501608861 0.08992656618080462 0.03801080032177389
2 0.8398749999999999 0.433 0.01325 0.025333300000000003
2 0.9598198569242 0.6903329999999983 0.027139713848400776 0.01800000000000001
2 0.6351397138484002 0.2194943752697214 0.025779427696801166 0.06032205053944298
2 0.122125 0.6864999999999999 0.01875 0.0203333
2 0.43762499999999993 0.625667 0.02075 0.018666700000000005
2 0.17162500000000003 0.4065 0.02125 0.0196667
2 0.939 0.19224575000946392 0.0155 0.029824200018927858
2 0.734375 0.948833 0.02125 0.0176667
2 0.98275 0.18233299999999997 0.0255 0.02
2 0.1585845603554616 0.8431669999999992 0.017169120710923257 0.028333299999999995
2 0.5753860327820147 0.29547437496687623 0.023772065564031986 0.024384550066247318
2 0.26175 0.542 0.020500000000000004 0.022666699999999998
2 0.48237500000000005 0.869833 0.01725 0.027000000000000003
0 0.9733749999999999 0.6460000000000002 0.01825 0.0266667
2 0.13137499999999996 0.9845000000000002 0.02175 0.017
2 0.30552573621327694 0.5196669999999998 0.016051472426553887 0.0266667
2 0.77875 0.7335 0.018 0.0176667
2 0.266 0.682 0.0155 0.0266667
2 0.7523933740805056 0.24631112478706182 0.034580900123357565 0.06491545069086578
2 0.10212499999999998 0.756833 0.01275 0.0316667
2 0.17266200858948882 0.0934681265284217 0.09630895956499125 0.08623375141012281
2 0.03535666758804859 0.0801568763107517 0.024727976104524776 0.038776250634082056
2 0.02950004166855588 0.05700687593219527 0.013882372549908649 0.04456375072872118
2 0.041430205578633625 0.05035125082336028 0.029933865810740524 0.02199250035962864
2 0.07223171967374345 0.24336437897957475 0.014316196692093285 0.03993375065300988
2 0.026029448531078712 0.2766425045237496 0.024294151962340135 0.027780000454267803
2 0.06485670925660447 0.29660937985025465 0.022125031251416908 0.02951625048265951
2 0.10455161826649953 0.30008187990703805 0.060735379905850324 0.013311250217669969
2 0.14836785662714866 0.2916900047698113 0.029500041668555868 0.02083500034070079
2 0.418857209279275 0.08623375141012277 0.017786789829570455 0.015047500246061697
2 0.4251476593409523 0.10359625169404013 0.014750020834278017 0.019677500321772998
2 0.5377250242378677 0.10735812675555557 0.030801514095109797 0.04224875069086553
2 0.4279675162651526 0.19098750312309076 0.036875052085694845 0.01736250028391734
2 0.6483501804949523 0.12327375201581313 0.034272107232586974 0.02778000045426775
2 0.6628832892581379 0.21732062855369874 0.028632393384186643 0.031831250520515136
2 0.7865231697807619 0.1710206277965858 0.016485317403016512 0.03414625055837076
2 0.7598429850364061 0.294005004807667 0.022992679535786226 0.015047500246061649
2 0.8685159326536598 0.16581187771141057 0.02602944853107867 0.022571250369092535
2 0.8737218223598754 0.202562503312369 0.02602944853107867 0.023150000378556454
2 0.879361536208276 0.21905687858209044 0.03644122794351021 0.030673750501587282
2 0.8583210653123206 0.23121062878083257 0.016919141545201067 0.03761875061515422
2 0.6492178287793215 0.29169000476981133 0.009977955270246803 0.0185200003028452
2 0.6609310806183069 0.3009500049212339 0.05683096262618856 0.01620500026498954
2 0.9741874635400133 0.030384375496855354 0.029933865810740493 0.05498125089907159
2 0.8880733713163614 0.08623375141012277 0.014750020834278017 0.021992500359628617
2 0.8538012640837747 0.10735812675555557 0.013882372549908721 0.02951625048265948
2 0.9149704681318096 0.137163752242947 0.02689709681544797 0.03472500056783468
2 0.8679005487047753 0.38400063127930517 0.024727976104524724 0.04109125067193774
2 0.9036910404350087 0.39123500639760406 0.024294151962340072 0.03356750054890692
2 0.8590071537899902 0.4667618826326445 0.03730887622787951 0.022571250369092535
2 0.657929663887407 0.339436880550584 0.02906621752637119 0.054981250899071556
2 0.6414443464843904 0.37445125612315067 0.03340445894821768 0.020835000340700918
2 0.7696393804999532 0.5040912582430668 0.018220613971755104 0.023150000378556454
2 0.7034811988167948 0.5040912582430668 0.010845603554616189 0.025465000416412108
2 0.6956723642574713 0.48904375799700517 0.03340445894821768 0.018520000302845136
2 0.6553267190342993 0.48759688297334536 0.056830962626188454 0.01794125029338122
2 0.6312494791430514 0.476890007798263 0.012147075981170036 0.01620500026498954
2 0.6332016877828824 0.3926818814212639 0.03687505208569477 0.01909875031230905
2 0.551642749052169 0.44766313232033544 0.0273309209576326 0.015626250255525626
2 0.4744220517433022 0.37300438109949086 0.022992679535786133 0.01678375027445346
2 0.39112781644385003 0.3625868809291405 0.011713251838986014 0.046878750766576854
2 0.209753972746276 0.39239250641653184 0.02472797610452477 0.04398500071925723
2 0.22493781772273855 0.4221981319039233 0.0958751354228066 0.027201250444803794
2 0.32927252391814577 0.4575018824812219 0.05119124877778813 0.02025625033123688
2 0.15400757047554908 0.38631563131716085 0.04164711764972595 0.012153750198742142
2 0.14446343934748676 0.42451313194177787 0.0503236004934191 0.08970625146690837
2 0.15205536183571816 0.45402938242443847 0.019522086398309046 0.03183125052051517
2 0.04034564522317201 0.48441375792129376 0.020823558824862972 0.03472500056783468
2 0.3390335671173003 0.5298456336642109 0.02646327267326336 0.04919375080443241
2 0.1976068967651059 0.5327393837115304 0.0325368106638484 0.02372875038802037
2 0.2214672245852614 0.5422887588676849 0.040345645223172015 0.021992500359628617
2 0.22428708150946158 0.5573362591137466 0.022558855393601532 0.03356750054890692
2 0.06572435754097376 0.6492774942648697 0.02299267953578619 0.03472500056783462
2 0.10758838726179203 0.796279996668703 0.05119124877778814 0.021992500359628617
2 0.1871951173526744 0.8868543731498052 0.049022128066864915 0.026043750425876023
2 0.21843045558996887 0.882513748078826 0.010845603554616142 0.01967750032177309
2 0.20736793996426045 0.8697812478706198 0.013014724265539356 0.04167000068140172
2 0.26788640779901846 0.8822243730740935 0.05683096262618856 0.03183125052051554
2 0.3451071051078854 0.6417537441418388 0.016051493260831867 0.03704000060569027
2 0.36940125707022553 0.6246806188626534 0.054228017773080665 0.027201250444803857
2 0.38805569518416516 0.6203399937916741 0.029933865810740493 0.01852000030284526
2 0.4526954923696773 0.7372474957033843 0.03861034865443345 0.024307500397484152
2 0.6110413042670728 0.5670949929209943 0.016051493260831867 0.03472500056783468
2 0.533169870744929 0.6605631194494159 0.03644122794351021 0.02372875038802049
2 0.6800193428744314 0.6631674944920034 0.03253681066384848 0.023150000378556454
2 0.7485635573396054 0.5398937424761904 0.013448548407723984 0.0381975006246181
2 0.7670010833824528 0.5326593673578915 0.019955910540493692 0.03646125059622642
2 0.8056114320368863 0.6188931187680141 0.02602944853107876 0.046878750766576945
2 0.9518101679531117 0.5407618674903862 0.014750020834278017 0.01909875031230905
2 0.8210475413488338 0.7366687456939203 0.024727976104524818 0.027780000454267772
2 0.8045622239458173 0.730881245599281 0.024727976104524818 0.0671350010978137
2 0.6238744687259126 0.8454737474731355 0.03210298652166373 0.07060750115459719
2 0.5759369010145092 0.8217449970851153 0.05769861091055785 0.01967750032177297
2 0.43429331859122255 0.8723856229132076 0.03123533823729443 0.027201250444803857
2 0.4624918878332246 0.9201324986939803 0.023426503677970875 0.028937500473195595
2 0.49849929163455015 0.9835056247302784 0.10498544240868422 0.028358750463731687
