2 0.38303130148270187 0.3527472527472528 0.06754530477759473 0.12527472527472527
2 0.39456342668863265 0.5659340659340659 0.06754530477759473 0.12967032967032968
2 0.7619439868204283 0.5494505494505495 0.0774299835255354 0.11868131868131866
0 0.8583196046128501 0.734065934065934 0.07578253706754529 0.08791208791208793
2 0.8245469522240526 0.901098901098901 0.0741350906095552 0.11868131868131866
2 0.9406919275123559 0.9153846153846154 0.09555189456342669 0.07692307692307693
2 0.5461285008237231 0.7890109890109891 0.09719934102141681 0.0791208791208791
2 0.6326194398682042 0.764835164835165 0.07578253706754529 0.11428571428571428
2 0.8929159802306426 0.1274725274725275 0.08237232289950576 0.1010989010989011
2 0.9357495881383855 0.2714285714285714 0.06260296540362437 0.11648351648351647
2 0.8261943986820428 0.29010989010989013 0.09719934102141681 0.0835164835164835
0 0.9003294892915981 0.046153846153846156 0.10378912685337728 0.07032967032967033
0 0.44151565074135085 0.027472527472527472 0.06589785831960461 0.054945054945054944
0 0.9868204283360794 0.7857142857142857 0.016474464579901153 0.10329670329670329
0 0.5337726523887975 0.9505494505494506 0.06919275123558484 0.0945054945054945
0 0.8056013179571664 0.9802197802197802 0.06919275123558484 0.035164835164835165
0 0.45469522240527177 0.9747252747252747 0.06919275123558484 0.04175824175824175
0 0.019769357495881386 0.8197802197802199 0.03624382207578254 0.1010989010989011
