0 0.2821841293956517 0.8164061528964729 0.01999999999999999 0.019042355176365034
0 0.795625 0.8350433884141094 0.02075000000000001 0.01808677682821813
0 0.3459389926168472 0.09985469420705462 0.013556144161958017 0.02817355365643697
0 0.36967926617445657 0.09150000000000005 0.020122014766306068 0.019550242070546283
0 0.9203188558380423 0.702246223171781 0.02161825879130409 0.021883642070546938
0 0.9106530720809785 0.8058980826211635 0.022976791140216717 0.017506853656437834
0 0.18175 0.448833 0.021 0.027000000000000003
0 0.556625 0.650180623931746 0.01925000000000002 0.019695247863491125
0 0.7105542661744566 0.6883844586894184 0.013872014766305818 0.023202101519927864
0 0.8929786691277174 0.6789278471035272 0.02117440295326185 0.018578889934038088
1 0.5323042661744579 0.7605580123458557 0.015193855838039384 0.0325058204186921
0 0.666125 0.957667 0.019250000000000003 0.0213333
0 0.8959030720809785 0.6343915289647268 0.020193855838041726 0.014780991453966365
1 0.38386339557010835 0.31258022317178175 0.01233907946413217 0.02370802193862192
0 0.9321249999999989 0.7525802231717812 0.013749999999999993 0.0286942146257482
2 0.5729670646978255 0.4908627644823636 0.020434129395651864 0.020941771035273435
0 0.08225486322119525 0.35189859924003586 0.013622014766306005 0.030202101519928887
0 0.6480377985233694 0.41591322317178203 0.014885497183699246 0.023883642070545476
0 0.41232073382554363 0.3585433884141094 0.023141467651086867 0.01830371889876456
0 0.6209457338255437 0.6623193760682546 0.018806144161957594 0.019969385661020796
0 0.2248042661744564 0.9285504586894185 0.016240273557609385 0.023215908832802
0 0.772532935302175 0.6259636818611998 0.016914676510869902 0.022709055176366136
0 0.44348353234891313 0.5956019173788358 0.020842835439134857 0.01708677682821816
0 0.7352829353021744 0.5758698347576723 0.01956587060434796 0.022260330484655668
0 0.9094292661744557 0.7681957644823632 0.021641467651088053 0.02036194786349234
0 0.4907877985233695 0.48123915289647295 0.02112201476630598 0.01731855944938242
0 0.012054266174456464 0.6653541775881838 0.01765495006848019 0.020302685661018713
0 0.359625 0.418833 0.02375 0.028333299999999995
0 0.5116414676510871 0.4775504586894186 0.019697611813044358 0.0198254131058193
0 0.631375 0.1424783057929454 0.021598805906522505 0.02579686524232776
0 0.15662499999999996 0.474167 0.02075 0.0243333
1 0.44370059704673886 0.39402876448236346 0.014296417719566874 0.024434917378836032
0 0.281108532348913 0.9866089876541448 0.01548054711521899 0.02678202469170965
0 0.4172335323489132 0.8347023181388008 0.015947611813044438 0.030448724691709828
0 0.2771725249657598 0.537615541310582 0.023154950068479948 0.01789838262116386
0 0.8712829353021732 0.3917896115858906 0.022868258791302155 0.01610058414109212
0 0.5538158706043488 0.908471235517637 0.02221706469782481 0.01708574359047407
0 0.7495 0.7333410702753094 0.018000000000000006 0.022795832004582958
0 0.7083749999999999 0.525333 0.02025 0.024
0 0.9361133955701081 0.691898082621163 0.016273208859783603 0.030376688414110325
0 0.80149027355761 0.5038476239317459 0.01398054711521798 0.029028547863491457
0 0.1185 0.457667 0.021 0.0366667
0 0.6713091293956519 0.6512391528964733 0.014381741208696978 0.027695247863491583
0 0.41106587060434824 0.566449541310582 0.02 0.018318559449382227
0 0.33821706469782625 0.8941453057929455 0.02030238818695534 0.015390495726983484
0 0.6844505970467385 0.6404061528964733 0.015513482417392399 0.02782541310581962
0 0.696434129395652 0.7062825413105824 0.016914676510870145 0.025665666762255346
0 0.7483420646978254 0.32853683475767215 0.015315870604347635 0.02826033048465529
3 0.31542926617445644 0.7322759876541456 0.014187885370654461 0.028115324691711026
0 0.9072499999999999 0.914833 0.0165 0.027000000000000003
1 0.9100872014766304 0.349101917378836 0.016372014766306228 0.02553653475767256
0 0.8495920646978257 0.43643491737883605 0.02075 0.028000000000000008
0 0.7179719279190212 0.7153763884141096 0.0164902735576099 0.025013807312873462
0 0.2427926617445646 0.8311019173788364 0.012848805906522421 0.027303718898764234
0 0.7924457338255436 0.7637320826211643 0.015542661744564685 0.027723795726982487
0 0.37562499999999993 0.6158546942070547 0.019749999999999858 0.019680407312874144
0 0.24887986322119532 0.2256155413105821 0.02180614416195775 0.019695247863491794
0 0.9116249999999988 0.2945585289647268 0.018994029532610864 0.023433884141092497
0 0.9328255970467376 0.33136276448236324 0.02036825879130312 0.017622278348146884
0 0.33787500000000004 0.6236669999999999 0.01975 0.026000000000000002
0 0.8733749999999997 0.4298546942070542 0.01751348241739282 0.026840253656436705
0 0.2252170646978259 0.9766084710352732 0.019499999999999997 0.024666699999999996
0 0.6455164676510867 0.2609934463435632 0.014296417719567665 0.02485396096931046
0 0.22424999999999998 0.3975 0.0165 0.0316667
0 0.78975 0.4308330000000001 0.019 0.031
0 0.6041579353021749 0.8948113057929458 0.020730547115220144 0.01655024207054598
0 0.7093914676510872 0.7908693181388009 0.015263482417392883 0.025882608832801423
0 0.6115494029532613 0.24841322317178155 0.021881741208696456 0.02259363048465559
0 0.5843091293956517 0.42623915289647324 0.021184129395651567 0.017492113105819326
1 0.7597170646978268 0.5438627644823635 0.014612288323915552 0.030941771035273197
0 0.325375 0.921167 0.01875 0.0256667
0 0.8372122014766298 0.9781084710352733 0.014187885370655975 0.028100584141092722
0 0.017662798523369393 0.38931130579294515 0.014589079464131906 0.030564049383419896
0 0.5705 0.684833 0.0165 0.027000000000000003
0 0.7255542661744556 0.9675216942070548 0.0116354971837004 0.02463701889876456
0 0.5111249999999999 0.849833 0.025250000000000005 0.0316667
0 0.05432073382554359 0.7190504586894186 0.01203669127717674 0.027202101519929047
0 0.11439146765108701 0.5966236115858912 0.022499999999999996 0.02217355365643663
0 0.1639883955701082 0.9162174586894181 0.021523208859783725 0.02823178262116364
0 0.9440591293956527 0.6247825413105819 0.012730547115220132 0.02814500579294527
0 0.6668128853706549 0.16184814055061758 0.011994029532611116 0.02546346524232752
0 0.06250972644239049 0.7436453057929459 0.018934129395651752 0.0251735536564363
0 0.6557548632211955 0.666384458689419 0.01642440295326171 0.026882608832803433
0 0.8725445397320658 0.29289152896472687 0.022589079464131922 0.02021694207054615
0 0.008092064697825859 0.7475585289647269 0.01475 0.0263333
0 0.8227354103364148 0.8215433884141093 0.01416843248587215 0.024333299999999967
0 0.6454311441619579 0.2321230949670191 0.018494029532612206 0.014795832004583558
0 0.6032664676510867 0.46345661158589124 0.014079353021741483 0.0329704188987649
0 0.08914146765108709 0.7911806239317457 0.02026348241739318 0.02444872469171009
0 0.6953963308722833 0.15523208262116378 0.016990273557608685 0.02423074938342011
0 0.9026085323489123 0.19949999999999998 0.024282935302172674 0.01900000000000018
0 0.5921249999999999 0.717167 0.02275 0.028333299999999995
0 0.4797286691277176 0.5631019173788362 0.016589079464132 0.03246346524232771
0 0.3772499999999999 0.5819999999999999 0.017 0.03
0 0.43607559704673915 0.27922452896472705 0.013263482417393453 0.026360914625747762
0 0.4755164676510871 0.7148329999999998 0.015730547115219234 0.029666699999999976
0 0.45921220147663094 0.9333763884141093 0.015622014766305405 0.03179686524232772
0 0.2604505970467388 0.9075938471035273 0.016796417719567316 0.029361947863491458
0 0.4325377985233694 0.6446019173788362 0.013339079464132087 0.030650826211639063
0 0.653375 0.6094061528964732 0.015249999999999994 0.027795832004584173
0 0.18374782881787663 0.1382303741612152 0.01685102039890769 0.019132231717815255
0 0.27194678665045735 0.16477634566968388 0.019002214492385285 0.01865392592486986
0 0.3314631565700038 0.11838068375398189 0.01971927919021114 0.01674070275308834
3 0.36229693857651574 0.12005475402929068 0.00896330872282324 0.011479339030689152
2 0.3771760310564023 0.15808006456844853 0.007887711676084475 0.012914256409525307
0 0.5060684104906006 0.202562503312369 0.021153408585862857 0.01865392592486989
0 0.5573385363851496 0.1891699411098983 0.020436343888037046 0.01865392592486986
0 0.6491228177068596 0.15473192401783084 0.018285149794559422 0.02056714909665141
0 0.6283279414699098 0.2417835783338903 0.011114502816300855 0.027263430197886726
0 0.6545008029405538 0.2413052725409449 0.01756808509673362 0.014827479581306823
0 0.7258487403742268 0.07652892687126099 0.01900221449238524 0.023915289647269064
0 0.767976291371496 0.09422624121024013 0.01792661744564648 0.015305785374252206
0 0.7708445501627995 0.11455423741041881 0.02151194093477581 0.014827479581306808
0 0.7902052970040977 0.11957644823634532 0.021511940934775712 0.015305785374252177
0 0.7183195610470553 0.23700052040443648 0.013265696909778378 0.027263430197886726
0 0.7061294611840156 0.24393595440214447 0.013265696909778378 0.022958678061378274
0 0.7025441376948863 0.2575676695010878 0.017568085096733528 0.023436983854323686
0 0.8072355835774618 0.1741033086321188 0.01971927919021114 0.016262396960142964
0 0.888263894431784 0.2099762431030224 0.02330460267934038 0.017219008546033723
0 0.7491533430535671 0.3582510389160906 0.02187047328368876 0.014349173788361445
0 0.747181415134546 0.37738327063390575 0.02151194093477581 0.01817562013192448
0 0.7206500213149893 0.3663822373961621 0.02222900563260162 0.017219008546033723
0 0.7111489140687967 0.3209431870663508 0.023304602679340473 0.016262396960142964
0 0.7147342375579258 0.33457490216529423 0.018285149794559422 0.011001033237743823
1 0.9153330867747101 0.3704478366361979 0.020077811539124187 0.016740702753088373
3 0.8814517798024383 0.40823399427888285 0.00896330872282324 0.011957644823634579
0 0.9081624397964515 0.38910176256106765 0.010755970467387809 0.023436983854323686
0 0.9223244675785124 0.3936456675940488 0.016133955701081903 0.02869834757672289
2 0.5311656749145058 0.44888998667924035 0.021153408585862857 0.022480372268432927
1 0.35745675186619125 0.38001395249510544 0.02151194093477581 0.01961053751076065
0 0.49656730324440806 0.35442459257252756 0.013624229258691238 0.03156818233439511
1 0.2977611157721884 0.36518647291379863 0.019002214492385285 0.021523760682542106
2 0.27840036893089015 0.32835692685700424 0.011114502816300855 0.015784091167197613
0 0.2672858661145893 0.36207748525965366 0.018285149794559422 0.020088843303706
1 0.2748150454417609 0.38551446911397735 0.011831567514126666 0.02869834757672289
1 0.2319704297466657 0.35179391071132793 0.013624229258691329 0.024393595440214445
1 0.1817759008988555 0.2733517606682854 0.012907164560865499 0.026306818611995998
1 0.19862692129776321 0.2886575460425376 0.012190099863039618 0.03013326495555903
1 0.21350601377764986 0.2903316163178465 0.012548632211952546 0.03252479392028593
0 0.23017776800210096 0.29941942638380875 0.012190099863039618 0.02869834757672289
1 0.16689680841896892 0.3118553770003886 0.019719279190211166 0.017219008546033723
1 0.19217333901733047 0.3142469059651155 0.02294607033042752 0.014349173788361445
1 0.14323367339071555 0.3321833732005674 0.018285149794559422 0.022480372268432927
1 0.17980397297983441 0.2915273808002099 0.025455796772818045 0.018653925924869825
1 0.20364637418254425 0.3252479392028592 0.015058358654343094 0.026785124404941373
0 0.10433291353366264 0.3137686001721701 0.02366313502825338 0.017219008546033723
0 0.9738271385293562 0.2187561937481157 0.01792661744564648 0.021523760682542137
0 0.9869135692646782 0.18240495348426675 0.011831567514126666 0.022480372268432927
0 0.818761897624514 0.5033481405506176 0.017568085096733528 0.023436983854323686
0 0.8614272471451527 0.5837035137654418 0.02043634388803714 0.019610537510760587
2 0.8967426835130763 0.6066621918268199 0.010755970467387998 0.01769731433897919
0 0.8203752931946222 0.6382303741612151 0.01864368214347238 0.021523760682542106
0 0.8354336518489653 0.6489922545024862 0.016492488049994765 0.02774173599083207
0 0.8357921841978783 0.664537192773211 0.01649248804999485 0.016740702753088522
1 0.74239450730606 0.523915289647269 0.014699826305430187 0.024393595440214445
0 0.7336104647576931 0.5459173561227565 0.01577542335216895 0.016740702753088307
0 0.8693149588212371 0.6827128129051354 0.01685102039890762 0.017697314338979066
0 0.5367762052044945 0.5729416334241706 0.016492488049994765 0.023915289647269095
0 0.6782172168506453 0.5968569230714397 0.014699826305430095 0.026785124404941248
0 0.5247653715159114 0.6776906020792092 0.020436343888037046 0.01817562013192448
0 0.4299335652284414 0.5839426666619143 0.016492488049994765 0.02774173599083207
3 0.240090686479045 0.6877350237310622 0.021153408585862857 0.019132231717815303
2 0.2341749027219816 0.7465666362633441 0.009321841071736144 0.029654959162613584
2 0.14400401697037973 0.6425351262977236 0.016851020398907717 0.017697314338979066
0 0.011831567514126689 0.6827128129051359 0.017209552747820638 0.013870867995415967
0 0.022049739458145198 0.7059106438629867 0.02043634388803701 0.019132231717815303
0 0.07421619622497651 0.7252820284772744 0.019360746841298213 0.016740702753088373
0 0.12261806332822207 0.7940893561370133 0.016492488049994786 0.02822004178377749
0 0.11078649581409536 0.8091559886147928 0.013624229258691343 0.033481405506176745
0 0.1023609856146415 0.826853302953772 0.012548632211952546 0.029654959162613716
0 0.10164392091681565 0.8452680759821692 0.0190022144923853 0.025350207026105263
0 0.043561680392920986 0.9693884292514956 0.021870473283688723 0.016262396960142964
1 0.22963996947873164 0.8677484482506023 0.018285149794559422 0.025350207026105263
1 0.2161950063944968 0.892620349483762 0.02079487623694993 0.02056714909665141
0 0.24451906195861825 0.8787494814883458 0.010038905769562047 0.030133264955558996
0 0.23591428558470792 0.9100785109262683 0.022229005632601665 0.01530578537425214
0 0.2120718843819981 0.9009907008603061 0.01971927919021114 0.016262396960142964
0 0.23143263122329627 0.8892722089331443 0.017568085096733566 0.02056714909665141
0 0.335407012408046 0.9753672516633128 0.01756808509673362 0.02056714909665141
2 0.34257765938630463 0.864639460596457 0.017568085096733566 0.026785124404941373
2 0.3839881456857481 0.8251792326784632 0.01147303516521376 0.012914256409525338
0 0.3940270514553101 0.8328321253655893 0.01792661744564648 0.017697314338979066
0 0.43902286124388284 0.8242226210925725 0.01900221449238524 0.016740702753088248
0 0.42091697762377983 0.8536384273587132 0.012190099863039571 0.026785124404941248
1 0.6168549063046962 0.8593780968740579 0.014699826305430187 0.026785124404941373
1 0.5808224052389466 0.8223093979207908 0.01864368214347238 0.02343698385432375
1 0.6675872336758758 0.7570206571837464 0.01864368214347238 0.01817562013192448
0 0.6469716236133823 0.7883496866216688 0.016133955701081903 0.019610537510760587
0 0.5729346935628622 0.8290056790220263 0.012907164560865523 0.019610537510760712
0 0.6240255532829546 0.8861632212789994 0.016133955701081806 0.022002066475487515
0 0.6806736644111976 0.7625211738026184 0.020436343888037046 0.01865392592486989
0 0.7760432692220368 0.7331053675364774 0.02187047328368876 0.016262396960142964
2 0.8124343026366994 0.7885888395181416 0.016492488049994765 0.022002066475487515
0 0.8554581845062509 0.7983941082735219 0.014341293956517143 0.030133264955558996
0 0.8577886447741849 0.8761187996271462 0.018285149794559422 0.020088843303706
1 0.8352011067926705 0.8318755137796987 0.016133955701081903 0.03204648812734052
0 0.9134144377375276 0.6893403874819747 0.015416891003256 0.02630681861199596
0 0.8621443118429784 0.9758455574562582 0.018285149794559422 0.015784091167197555
0 0.782191598035395 0.9170139449239764 0.01900221449238533 0.019610537510760587
0 0.7868525185712631 0.9404509287783002 0.011114502816300765 0.02630681861199596
0 0.7226752281158488 0.9189271680957581 0.014699826305430095 0.027263430197886792
0 0.7086924665082444 0.9081652877544869 0.01326569690977847 0.02869834757672289
0 0.20638453989450953 0.5041380625676669 0.02147429503813996 0.021645250353950242
0 0.1856260546909742 0.4837660622345371 0.018133849143318163 0.019098750312309114
0 0.09018474341035228 0.48885906231781967 0.01527060980489952 0.01782550029148849
0 0.8103103938297639 0.045518688244336636 0.020519881925333775 0.01718887528107817
0 0.8279670364166791 0.03151293801530999 0.02242870815094615 0.02100862534353999
0 0.9291348263741384 0.04679193826515724 0.014793403248496467 0.02228187536436059
