2 0.16886326194398685 0.7758241758241757 0.11037891268533773 0.11868131868131866
1 0.1070840197693575 0.932967032967033 0.07248764415156508 0.08571428571428572
1 0.7149917627677099 0.6406593406593407 0.07907742998352553 0.09890109890109891
0 0.5362438220757825 0.9087912087912088 0.06754530477759473 0.08131868131868131
0 0.8303130148270182 0.7912087912087913 0.08237232289950576 0.0923076923076923
0 0.7487644151565075 0.04285714285714286 0.09390444810543658 0.08131868131868131
0 0.6556836902800659 0.3637362637362637 0.05930807248764415 0.12527472527472527
0 0.47528830313014836 0.28901098901098904 0.10049423393739704 0.1076923076923077
1 0.17627677100494232 0.4395604395604396 0.07578253706754529 0.1054945054945055
0 0.03542009884678748 0.41758241758241765 0.07084019769357495 0.06593406593406594
0 0.9794069192751235 0.5538461538461539 0.03459637561779242 0.1054945054945055
0 0.5971993410214168 0.9175824175824175 0.04118616144975288 0.11648351648351647
