0 0.03011671730868612 0.03730785184973975 0.023663135028253377 0.015305785374252206
3 0.14914945714777886 0.11359762582452808 0.020077811539124094 0.019610537510760636
1 0.1744259877461404 0.19084401138520715 0.017568085096733566 0.02774173599083213
0 0.22713024303634113 0.15521022981077626 0.01971927919021119 0.01865392592486989
0 0.2565298956472014 0.16525465146262924 0.020436343888037046 0.023436983854323686
0 0.2258753798151459 0.1709943209779738 0.01792661744564648 0.02056714909665141
0 0.1945037992852645 0.1918006229710979 0.01183156751412669 0.030611570748504412
0 0.10379511501029322 0.21930320606545733 0.021153408585862867 0.021523760682542168
0 0.11867420749017984 0.22910847482083768 0.017926617445646498 0.030611570748504412
0 0.1331947676211535 0.2575676695010878 0.02473873207499219 0.016740702753088373
0 0.08066977850540924 0.25326291736457945 0.019360746841298224 0.03491632288501283
0 0.09859639595105575 0.2463274833668714 0.015775423352168916 0.034438017092067445
0 0.19020141109830935 0.23413068564676415 0.013265696909778404 0.03108987654144981
0 0.2669273337656764 0.31855165810162406 0.021153408585862857 0.02104545488959676
0 0.2608322838341565 0.3474891585748195 0.023304602679340473 0.015784091167197613
2 0.3006293745634918 0.34748915857481955 0.015416891003256 0.011957644823634579
1 0.2454153928309006 0.3491632288501284 0.01111450281630081 0.029654959162613584
0 0.23322529296786101 0.33816219561238453 0.013265696909778423 0.03252479392028593
0 0.2473873207499217 0.4024943247635383 0.020077811539124094 0.015784091167197613
0 0.24613245752872648 0.4168434985518998 0.024021667377166333 0.015784091167197613
0 0.15022505419451768 0.3434235593347838 0.017926617445646498 0.030611570748504412
0 0.14914945714777883 0.391254138629322 0.017209552747820614 0.031568182334395165
0 0.04642993918422444 0.3494023817466011 0.017568085096733566 0.030133264955558996
0 0.05360058616248303 0.44888998667924035 0.021153408585862867 0.02343698385432375
0 0.06238462871084982 0.47782748715243595 0.012907164560865486 0.034438017092067445
1 0.22820584008307995 0.48021901611716283 0.017568085096733566 0.022002066475487515
0 0.17801131123526975 0.5316368888587913 0.026889926168469736 0.022480372268432927
0 0.1111450281630083 0.5493342031977705 0.01577542335216893 0.029176653369668303
0 0.23949960907383716 0.5785108565674386 0.016492488049994765 0.030133264955558996
0 0.25258603980915917 0.6057742867653254 0.017568085096733566 0.02822004178377749
0 0.2952513893297978 0.6179710844854325 0.02330460267934043 0.024871901233159854
0 0.26172861470643893 0.6182102373819053 0.014341293956517237 0.03395971129912216
0 0.29076973496838626 0.638538233582084 0.02294607033042752 0.014349173788361445
0 0.24398126343524887 0.6464302791656827 0.014699826305430142 0.03204648812734052
0 0.25222750746024625 0.7100449496274185 0.011831567514126713 0.025350207026105142
1 0.06632848454889205 0.7224809002439982 0.01720955274782064 0.030133264955558996
0 0.0833587711222562 0.6516916428880819 0.019002214492385285 0.024393595440214567
0 0.30098790691240473 0.7258290407946162 0.026172861470643904 0.014827479581306858
0 0.058440772872807585 0.8277081746919823 0.015775423352168916 0.02822004178377749
0 0.27015412490589275 0.8360785260685265 0.01254863221195257 0.03156818233439523
1 0.2524067736347027 0.8475578650992156 0.02079487623694995 0.021045454889596697
0 0.2558128309493755 0.8291430920708186 0.013265696909778378 0.024393595440214445
0 0.22587537981514585 0.858319745440487 0.012190099863039618 0.033003099713231336
0 0.2674651322890458 0.8877355517066278 0.02294607033042752 0.020088843303706
0 0.2819856924200195 0.8977799733584807 0.019002214492385285 0.02774173599083207
0 0.1122206252097471 0.8994540436337894 0.017209552747820652 0.023436983854323624
0 0.1530933129858211 0.9514519620160439 0.02366313502825338 0.02152376068254223
0 0.2167328049178662 0.9634096068396785 0.013982761607604284 0.027263430197886792
0 0.23053630035101397 0.9844550617292751 0.016492488049994765 0.02917665336966818
0 0.34921050784119373 0.8651177663894025 0.013624229258691329 0.029654959162613584
0 0.36068354300640754 0.8120258233724651 0.016492488049994765 0.027741735990832194
0 0.36157987387868995 0.8431156999139149 0.014699826305430095 0.030611570748504412
0 0.39510264850204885 0.8081993770289021 0.015058358654343048 0.02869834757672289
0 0.42844615695095134 0.8964467958273251 0.022229005632601665 0.02152376068254223
0 0.4184072511813893 0.9311239658158654 0.02294607033042752 0.023915289647269033
1 0.3977916411188959 0.9880423551763654 0.014699826305430095 0.021045454889596818
0 0.40747201453954496 0.9736931813880041 0.010397438118474954 0.024871901233159854
0 0.4417118538607297 0.9504953504301531 0.014341293956517237 0.027263430197886792
0 0.49065151948734476 0.9471472098795354 0.01900221449238524 0.026306818611996085
0 0.49513317384875627 0.9765630161456764 0.015775423352168853 0.026785124404941373
1 0.5334961351824398 0.9564741728419703 0.01864368214347238 0.02582851281905055
0 0.5137768559922288 0.9282541310581931 0.013624229258691238 0.025828512819050676
0 0.5282974161232024 0.9287324368511382 0.015416891003255901 0.030611570748504412
1 0.5695286362481894 0.9404509287782997 0.01183156751412676 0.029176653369668303
0 0.5675567083291683 0.9763238632492036 0.019360746841298283 0.02822004178377749
0 0.5492715585346086 0.9581482431172792 0.020794876236949908 0.016740702753088248
0 0.33540701240804593 0.602527886062388 0.023304602679340473 0.017219008546033785
1 0.3334350844890249 0.6419881139803821 0.010755970467387905 0.02822004178377749
1 0.3852430089069432 0.6737954492112498 0.012548632211952524 0.029654959162613716
1 0.45103369493246587 0.7737613599368345 0.01864368214347238 0.022002066475487646
0 0.47057370794822057 0.7632386324920363 0.016851020398907717 0.029654959162613584
0 0.4766687578797405 0.68360071796663 0.018285149794559422 0.03204648812734064
0 0.49638803706995155 0.6611203456981972 0.01900221449238524 0.024393595440214445
0 0.52435356028516 0.6733171434183046 0.017568085096733528 0.020088843303706125
1 0.5229194308895083 0.6391182792227097 0.010397438118475046 0.030133264955558996
0 0.5166451147835321 0.6264431757096571 0.017209552747820666 0.020088843303706
0 0.5591311981297142 0.6085067084742054 0.010397438118475046 0.03204648812734064
1 0.5756236861797092 0.5991797455117706 0.01971927919021114 0.015305785374252267
0 0.3538714283770619 0.5367608395323982 0.013624229258691329 0.02630681861199596
0 0.5236364955873343 0.5814824311727912 0.02187047328368876 0.01434917378836132
0 0.5490922923601522 0.5563713770431589 0.02187047328368876 0.014827479581306731
0 0.562537255444387 0.5159545375392741 0.018643682143472288 0.024871901233159854
0 0.5356473292759173 0.48606042548018785 0.01936074684129819 0.0253502070261052
0 0.4033488925270462 0.42962034191263276 0.02294607033042752 0.01865392592486989
0 0.43328634366127583 0.4415779867362673 0.02258753798151457 0.01865392592486989
0 0.507323273711796 0.45927530107524644 0.017209552747820666 0.02822004178377749
0 0.5311656749145057 0.44731765625161196 0.01254863221195257 0.0253502070261052
0 0.5429972424286325 0.42507643687965163 0.017568085096733528 0.022958678061378274
0 0.41284999977323883 0.40737912254067254 0.020436343888036956 0.01913223171781524
1 0.3879320015237903 0.29282488513025373 0.02151194093477581 0.023436983854323717
0 0.4046037557482415 0.2815846989960373 0.018285149794559422 0.03348140550617672
0 0.41751092030910697 0.3054999886433063 0.013982761607604284 0.031568182334395165
0 0.49889776351234216 0.3196100095351951 0.009680373420649141 0.028220041783777544
1 0.4847357357302814 0.34017715863184655 0.015775423352168853 0.024393595440214445
1 0.4944161091509304 0.3602660019355525 0.01792661744564648 0.013870867995416035
0 0.47039444177376405 0.35978769614260714 0.015775423352168853 0.017697314338979066
0 0.5001526267335373 0.3856162089616577 0.012907164560865523 0.030133264955558996
2 0.5096537339797301 0.4021177588182733 0.014699826305430095 0.038264463435630544
0 0.5168243809579887 0.40450928778300027 0.01183156751412676 0.026785124404941373
0 0.5451484365221101 0.39685639509587417 0.018285149794559422 0.014349173788361445
2 0.5641506510144954 0.325110526154067 0.01326569690977847 0.01913223171781524
1 0.3515409681091278 0.11872157649813495 0.019002214492385285 0.022480372268432927
1 0.3719773119971649 0.11824327070518956 0.014699826305430095 0.027263430197886726
1 0.3859600736047691 0.1402453371806771 0.015416891003256 0.02056714909665141
0 0.3678541899846661 0.149572300143112 0.022229005632601665 0.014349173788361445
0 0.3965367778977006 0.1565077341408201 0.010755970467387905 0.03682954605679437
0 0.4078305468884579 0.1780314948233622 0.010397438118474954 0.031089876541449787
0 0.45766654338735513 0.14359347773129477 0.01685102039890762 0.019610537510760636
0 0.440277724465078 0.22968852046146343 0.025814329121730952 0.021523760682542106
0 0.4958502385465821 0.15148552331489354 0.01577542335216895 0.03156818233439514
2 0.5792090096688384 0.28110639320309194 0.011831567514126666 0.011479339030689168
0 0.589068649263944 0.27727994685952884 0.01792661744564648 0.020088843303706062
0 0.5896064477873133 0.24451600004277027 0.016851020398907717 0.024393595440214445
0 0.550167889406891 0.23423242549444453 0.02187047328368876 0.023915289647269095
1 0.5241742941107037 0.25408211590167784 0.007887711676084475 0.022480372268432927
1 0.5200511720982048 0.23399327259797187 0.013265696909778378 0.024393595440214445
1 0.5490922923601521 0.19309812730114173 0.02187047328368867 0.020088843303706
0 0.5315242072634188 0.19285897440466906 0.016133955701081806 0.023436983854323686
0 0.5598482628275402 0.15100721752194818 0.01685102039890781 0.029654959162613646
0 0.5958807638932896 0.1804230237880892 0.012190099863039618 0.030133264955559062
1 0.3423983932118481 0.07055010445944376 0.020077811539124094 0.024393595440214452
2 0.47362123291398056 0.06624535232293531 0.017209552747820666 0.016740702753088352
2 0.6228239689435976 0.08752996010900478 0.012190099863039618 0.03922107502152127
2 0.6330421408876162 0.11335847292805537 0.018285149794559422 0.023915289647269064
2 0.7042108121468328 0.0459173561227566 0.04804333475433257 0.023915289647269064
1 0.6230032351180541 0.18630010635222605 0.01900221449238533 0.027263430197886726
0 0.7217788972435665 0.02941580626614095 0.020077811539124094 0.013870867995416054
0 0.7492066219354055 0.06241890597937227 0.018285149794559422 0.01961053751076063
0 0.756377268913664 0.07246332763122526 0.01971927919021114 0.019610537510760636
0 0.7626515850196404 0.08298605507602368 0.017209552747820666 0.01674070275308834
0 0.7348653279788883 0.09374793541729474 0.02187047328368876 0.017219008546033723
0 0.7404225793870388 0.11909814244339995 0.013624229258691329 0.02678512440494136
0 0.7755587495805059 0.1021182867938389 0.02222900563260171 0.020567149096651395
2 0.8139217109141893 0.10833626210212888 0.022946070330427427 0.018653925924869877
1 0.8379433782913557 0.11048863817038308 0.020077811539124094 0.016262396960142964
1 0.8458310899674402 0.01865392592486987 0.010038905769562094 0.023915289647269064
1 0.8644747721109124 0.04783057929453813 0.020077811539124187 0.023915289647269064
0 0.8173277682288622 0.02104545488959678 0.01254863221195257 0.024871901233159827
0 0.829159335742989 0.03108987654144979 0.017568085096733528 0.022958678061378305
0 0.8673430309022159 0.1363171509894337 0.01577542335216895 0.022958678061378305
0 0.8187618976245139 0.18725671793811677 0.014699826305430095 0.023436983854323686
0 0.8282630048707067 0.13272985754234332 0.014341293956517143 0.029176653369668272
0 0.8149973079609282 0.1334473162317614 0.013624229258691329 0.029654959162613646
0 0.28149527433002364 0.36451988414822056 0.013803495433147808 0.03577727331231456
0 0.035100316958575836 0.4260778397002911 0.024451906195861822 0.02630681861199596
0 0.8795152041478098 0.07155454662462905 0.01695858010358171 0.02841136410095564
0 0.936306728215618 0.13679545678237903 0.019324893606406858 0.024202273123036286
0 0.9219116544067637 0.18441079847009173 0.014197881016951998 0.027885227728715715
0 0.9491242596892552 0.22702784462152525 0.021296821525428 0.018414773028397186
0 0.9282218237476314 0.21124375345432764 0.017352965687385903 0.020519318517356812
0 0.9051502670950845 0.2201880717824063 0.013803495433147808 0.03209431870663507
0 0.8341608620103241 0.2367613675079637 0.019324893606406858 0.02104545488959679
1 0.8915439644538385 0.24596875402216234 0.018141736854994282 0.018414773028397186
0 0.7168311508285679 0.29884545943227425 0.01577542335216895 0.024202273123036327
0 0.7120985238229173 0.3272568235332299 0.013409109849343617 0.02209772763407663
0 0.764748999260781 0.34672386930610694 0.020902435941623807 0.015784091167197555
1 0.9887600108615796 0.35566818763418545 0.021691207109232377 0.01683636391167743
1 0.9757452865960403 0.3356750054890685 0.016169808935973144 0.023150000378556454
1 0.8235124512476101 0.38118580168782157 0.018536122438798475 0.02262386400631651
0 0.9497158380649614 0.31120966417991236 0.016169808935973144 0.024728409495276205
0 0.9467579461864299 0.44932046189289115 0.01577542335216876 0.02630681861199596
0 0.9083053517655183 0.4587909165932097 0.019324893606406858 0.014731818422717737
0 0.8519082132815141 0.450372734637371 0.02405752061205762 0.023150000378556454
0 0.8256815719585333 0.40880796123041735 0.014197881016951998 0.02735909135647578
0 0.8077370278954413 0.4203829614196956 0.013014724265539335 0.028411364100955662
0 0.7732282893125718 0.45537103017365027 0.013409109849343617 0.0215715912618367
0 0.7771721451506142 0.46826137129352824 0.018141736854994282 0.022097727634076567
0 0.7617911073822493 0.46826137129352835 0.014197881016951998 0.02735909135647584
0 0.842640152062115 0.48641307613580553 0.015775423352168853 0.018414773028397124
0 0.8643313591713472 0.4977250081389637 0.02287436386064495 0.01683636391167743
0 0.8836562527777542 0.5087738719560021 0.01498665218456057 0.028411364100955662
2 0.7757917956072993 0.5798022822083913 0.021691207109232283 0.014731818422717676
0 0.6202066827965331 0.568490350205233 0.012620338681735142 0.028937500473195595
0 0.6450529745761991 0.5740147821137518 0.018141736854994282 0.03262045507887498
0 0.6306579007673452 0.593744896072749 0.013803495433147808 0.027885227728715715
1 0.7115069454472107 0.6100551236121866 0.015381037768364662 0.02578068223975609
1 0.7939335324622934 0.6103181917983064 0.02169120710923219 0.01683636391167743
1 0.8043847504331053 0.6237346692904243 0.012620338681735238 0.023676136750796453
1 0.7886093270809365 0.6213670556153448 0.021296821525428094 0.01367954567823792
1 0.78801774870523 0.6439909196216612 0.016169808935973144 0.025254545867516087
0 0.60029021081442 0.659248874416619 0.013014724265539335 0.022097727634076567
0 0.6188263332532185 0.6671409200002176 0.016958580103581616 0.03156818233439511
0 0.7763833739830056 0.6379403513409023 0.018141736854994282 0.01736250028391731
0 0.8325833196751066 0.6589858062304988 0.021691207109232183 0.014205682050477701
0 0.7724395181449633 0.6618795562778185 0.009465254011301332 0.022097727634076567
0 0.7850598568266984 0.6642471699528982 0.016564194519777333 0.016310227539437554
0 0.8152303539877215 0.6752960337699365 0.023268749444449142 0.015257954794957675
0 0.8582183826223817 0.7013397841958126 0.017747351271190093 0.01367954567823792
0 0.5880642577164892 0.7476397849529255 0.017747351271190093 0.023150000378556322
0 0.6172487909180018 0.7715789898898419 0.015381037768364756 0.027885227728715715
0 0.6521519150846754 0.756847171467124 0.01735296568738581 0.026832954984235963
0 0.654912614171305 0.7768403536122408 0.021296821525428094 0.014205682050477796
0 0.6846887257485238 0.7547426259781643 0.016958580103581616 0.024728409495276205
0 0.7231413201694356 0.7460613758362058 0.01735296568738581 0.029463636845435598
1 0.697703450014063 0.8015687631075171 0.014592266600756288 0.023676136750796453
0 0.8158219323634279 0.7436937621611261 0.019719279190211235 0.028937500473195595
0 0.7586360227118155 0.8257710362305535 0.010254025178909809 0.027885227728715715
0 0.7028304626035181 0.8428704683283509 0.014592266600756288 0.03262045507887498
0 0.7446353344867657 0.8744386506627461 0.016958580103581616 0.022097727634076567
0 0.8347524403860305 0.8652312641485475 0.020508050357819618 0.024728409495276205
0 0.7180143075799806 0.9117943330917804 0.021296821525428094 0.015784091167197555
0 0.8562464547033606 0.7152823980601706 0.020113664774015428 0.014205682050477796
0 0.8877973014076984 0.7210698981548097 0.019324893606407045 0.020519318517356937
0 0.8647257447551516 0.7536903532336846 0.019719279190211235 0.01736250028391731
1 0.8544717195762417 0.7615823988172834 0.020508050357819618 0.0215715912618367
1 0.868866793385096 0.7763142172400012 0.017747351271190093 0.019467045772876935
1 0.8574296114547733 0.7776295581706009 0.019324893606406858 0.01683636391167743
0 0.9104744724764414 0.7876261492431592 0.016564194519777333 0.03051590958991535
0 0.9211228832391554 0.8573392185649485 0.011831567514126666 0.029989773217675354
0 0.9002204472975316 0.8844352417353046 0.018930508022602665 0.015784091167197555
1 0.8033987864735949 0.9636965903154454 0.020113664774015338 0.025254545867516087
0 0.6295946281973137 0.3478117931537421 0.014222770865967467 0.02332234858163428
0 0.27715184694516554 0.19912675388118653 0.01963227773042397 0.0315829667664551
0 0.6363070454252737 0.21838466044609803 0.024251637196406075 0.01617664151452591
0 0.015879048164313486 0.7287839299911504 0.016514210090886022 0.026267784554539545
0 0.009527428898588092 0.6707405996045068 0.013973562384595873 0.02880982822110783
