2 0.871499176276771 0.2175824175824176 0.052718286655683705 0.11428571428571428
0 0.5115321252059308 0.3274725274725274 0.08731466227347612 0.08791208791208793
2 0.7545304777594728 0.6505494505494505 0.08896210873146623 0.07032967032967033
2 0.27182866556836904 0.4472527472527473 0.05601317957166392 0.1076923076923077
2 0.15321252059308071 0.5538461538461539 0.07578253706754529 0.11868131868131866
0 0.1556836902800659 0.34835164835164834 0.09060955518945635 0.06813186813186813
2 0.3904448105436573 0.7846153846153845 0.06919275123558484 0.10989010989010989
2 0.36820428336079075 0.4406593406593406 0.08731466227347612 0.054945054945054944
2 0.39209225700164746 0.3714285714285714 0.08896210873146623 0.07472527472527472
2 0.8401976935749589 0.9274725274725274 0.09555189456342669 0.07472527472527472
2 0.2594728171334432 0.8615384615384616 0.09060955518945635 0.0791208791208791
2 0.2751235584843493 0.9494505494505495 0.09225700164744646 0.0791208791208791
0 0.5930807248764414 0.9714285714285714 0.07578253706754529 0.05274725274725275
2 0.1326194398682043 0.9285714285714286 0.08072487644151564 0.07252747252747255
2 0.3467874794069193 0.1285714285714286 0.054365733113673806 0.11648351648351647
2 0.2973640856672159 0.11098901098901098 0.05107084019769357 0.12087912087912088
2 0.3467874794069193 0.03406593406593406 0.09390444810543658 0.06373626373626373
2 0.04365733113673806 0.1054945054945055 0.08401976935749589 0.07472527472527472
0 0.025535420098846785 0.03406593406593406 0.047775947281713346 0.06373626373626373
0 0.8649093904448105 0.01868131868131868 0.07578253706754529 0.03736263736263736
0 0.9744645799011532 0.04725274725274725 0.044481054365733116 0.08571428571428572
2 0.9686985172981879 0.8912087912087913 0.05601317957166392 0.1076923076923077
0 0.022240527182866558 0.7813186813186813 0.044481054365733116 0.11208791208791212
2 0.048599670510708404 0.5285714285714286 0.09390444810543658 0.06373626373626373
0 0.023887973640856673 0.24615384615384617 0.044481054365733116 0.1010989010989011
