1 0.7034999999999999 0.577333 0.017 0.024666699999999996
1 0.349375 0.26100000000000007 0.01775 0.024
1 0.19525000000000003 0.009166670000000002 0.017500000000000005 0.018333300000000004
1 0.6658750000000001 0.37516700000000003 0.02075 0.015666699999999995
1 0.545 0.0331667 0.014000000000000002 0.0336667
1 0.544125 0.162167 0.02025 0.0256667
1 0.64925 0.5033329999999999 0.016 0.024666699999999996
1 0.547 0.0631667 0.018 0.0196667
1 0.699 0.815833 0.02 0.018333300000000004
1 0.649 0.474167 0.014500000000000002 0.021
1 0.9455000000000001 0.18233299999999997 0.0155 0.0306667
1 0.03475 0.904167 0.016 0.030333300000000004
1 0.40525 0.271167 0.0125 0.028333299999999995
1 0.9532500000000002 0.19433299999999998 0.018 0.020666699999999996
1 0.86175 0.501333 0.018 0.022666699999999998
1 0.353125 0.758667 0.02375 0.018000000000000002
1 0.455 0.21083299999999996 0.0215 0.017
1 0.1665 0.9513329999999998 0.02 0.0213333
1 0.6664999999999999 0.465 0.014000000000000002 0.0213333
1 0.791375 0.220667 0.014250000000000002 0.0313333
1 0.8637463189336152 0.8776205000946388 0.011992637867230302 0.029908300189278206
1 0.617625 0.181333 0.01675 0.0313333
1 0.949875 0.8 0.01475 0.018000000000000002
1 0.92275 0.5245 0.020500000000000004 0.018333300000000004
1 0.754 0.6243329999999999 0.019 0.020666699999999996
1 0.5427500000000001 0.668833 0.019499999999999997 0.018333300000000004
1 0.439875 0.38866700000000004 0.01325 0.028000000000000008
1 0.912125 0.5631669999999999 0.01675 0.027000000000000003
1 0.5316250000000001 0.258167 0.01875 0.0223333
1 0.36737499999999995 0.694333 0.01775 0.0286667
1 0.6422499999999998 0.395333 0.017 0.0273333
1 0.7816249999999999 0.37599999999999995 0.01725 0.024666699999999996
1 0.6995 0.6115000000000002 0.023 0.0163333
1 0.749875 0.3785 0.015250000000000001 0.023
1 0.43862500000000004 0.6513329999999999 0.019250000000000003 0.019333300000000005
1 0.659 0.680167 0.02 0.0163333
1 0.40962499999999996 0.766167 0.01825 0.021
1 0.072875 0.9355 0.01575 0.0223333
1 0.6735 0.685 0.020500000000000004 0.0166667
1 0.778625 0.8345 0.01625 0.0243333
1 0.87575 0.541333 0.017500000000000005 0.024666699999999996
1 0.639 0.08216669999999998 0.0155 0.0243333
1 0.6409999999999999 0.7415000000000002 0.019 0.0196667
1 0.858875 0.5253329999999999 0.019250000000000003 0.018666700000000005
1 0.661 0.948333 0.0155 0.02
1 0.517 0.046 0.021 0.019333300000000005
1 0.812375 0.732333 0.02125 0.016
1 0.67275 0.1125 0.013000000000000001 0.0316667
1 0.806125 0.4855 0.022250000000000002 0.0196667
1 0.438625 0.837333 0.01625 0.029333299999999996
1 0.833625 0.510333 0.01475 0.024666699999999996
1 0.923375 0.0986667 0.02275 0.018666700000000005
1 0.676875 0.146833 0.01725 0.027000000000000003
1 0.79125 0.258167 0.019 0.0196667
1 0.812 0.22116699999999997 0.013499999999999998 0.0276667
1 0.865125 0.373 0.01975 0.0173333
1 0.474875 0.6466670000000001 0.01775 0.0213333
1 0.457375 0.05500000000000001 0.01825 0.0273333
1 0.430875 0.24633300000000002 0.01575 0.0273333
1 0.044875 0.686167 0.02025 0.019
1 0.702625 0.7120000000000001 0.019250000000000003 0.02
1 0.30537500000000006 0.253833 0.015250000000000001 0.029666699999999997
1 0.875875 0.510833 0.01475 0.025
1 0.8445 0.932 0.019499999999999997 0.02
1 0.295 0.8855 0.021 0.017
1 0.9685000000000001 0.2305 0.0155 0.025
1 0.12975 0.7613330000000001 0.025 0.016
1 0.648625 0.946 0.01375 0.0266667
1 0.054375 0.08 0.02025 0.020666699999999996
1 0.009125 0.722833 0.01825 0.0256667
1 0.548625 0.2775000000000001 0.01575 0.027000000000000003
1 0.820375 0.597 0.01975 0.024
1 0.0725 0.205167 0.020500000000000004 0.019
1 0.74175 0.265333 0.019499999999999997 0.0213333
1 0.934375 0.554667 0.01625 0.0273333
1 0.057875 0.3165 0.02125 0.019
1 0.6365 0.5801669999999999 0.02 0.018333300000000004
1 0.77425 0.6161670000000001 0.017 0.0243333
1 0.75925 0.18083299999999997 0.018499999999999996 0.021
1 0.352375 0.912333 0.01325 0.0273333
1 0.9283750000000001 0.570833 0.01475 0.0243333
1 0.6765000000000001 0.353667 0.019 0.026000000000000002
1 0.9148749999999999 0.5345 0.019250000000000003 0.0203333
1 0.68275 0.6473329999999998 0.018 0.025333300000000003
1 0.755875 0.642333 0.01475 0.0273333
1 0.4721250000000001 0.0598333 0.024250000000000004 0.0203333
1 0.64875 0.8691670000000002 0.021 0.021
1 0.23237499999999997 0.30149999999999993 0.019250000000000003 0.0163333
1 0.639125 0.365 0.01775 0.028000000000000008
1 0.498 0.705333 0.0225 0.0173333
1 0.8961250000000001 0.279333 0.019250000000000003 0.020666699999999996
1 0.42950000000000005 0.356833 0.02 0.0196667
1 0.31212499999999993 0.669 0.015250000000000001 0.029333299999999996
1 0.340875 0.727667 0.02275 0.016
1 0.24874999999999997 0.505 0.019499999999999997 0.019333300000000005
1 0.8320000000000001 0.5395 0.017500000000000005 0.023
1 0.3142499999999999 0.4765 0.021 0.0176667
1 0.9236249999999999 0.47566699999999995 0.014250000000000002 0.0286667
1 0.598875 0.803333 0.01825 0.02
1 0.8885000000000001 0.740667 0.02 0.0173333
1 0.12825000000000003 0.473833 0.011 0.0276667
1 0.7289999999999999 0.0936667 0.022 0.018666700000000005
1 0.76075 0.109167 0.0165 0.027000000000000003
1 0.9319999999999999 0.770833 0.017500000000000005 0.021666699999999997
1 0.877875 0.4035 0.022250000000000002 0.015
1 0.344 0.32633299999999993 0.014500000000000002 0.0306667
1 0.8585 0.910333 0.019499999999999997 0.0213333
1 0.7922499999999999 0.3459999999999999 0.017 0.024666699999999996
1 0.893625 0.5145 0.02025 0.0176667
1 0.613375 0.556333 0.014250000000000002 0.029333299999999996
1 0.655375 0.925167 0.01375 0.0316667
1 0.64275 0.17583299999999993 0.0165 0.0316667
1 0.70725 0.129833 0.0155 0.027000000000000003
1 0.51875 0.270667 0.0155 0.0286667
1 0.9023749999999999 0.48 0.01575 0.028000000000000008
1 0.6375 0.11733299999999999 0.0155 0.0286667
1 0.29725000000000007 0.16600000000000004 0.018499999999999996 0.018666700000000005
1 0.412375 0.3065 0.02075 0.0203333
1 0.5757499999999999 0.41416700000000006 0.016 0.030333300000000004
1 0.8057500000000001 0.5934999999999999 0.015 0.031
1 0.1015 0.43533299999999997 0.022 0.018666700000000005
1 0.90075 0.49700000000000005 0.013000000000000001 0.025333300000000003
1 0.9000000000000001 0.576667 0.0225 0.018000000000000002
1 0.72775 0.647333 0.018 0.0213333
1 0.953 0.365833 0.02 0.0276667
1 0.83 0.0438333 0.0165 0.0323333
1 0.06412500000000002 0.924833 0.014250000000000002 0.0223333
1 0.7615 0.7415000000000002 0.015 0.029666699999999997
1 0.657875 0.6378330000000001 0.02175 0.018333300000000004
1 0.807 0.521667 0.019499999999999997 0.018000000000000002
1 0.054875 0.20183300000000004 0.01875 0.027000000000000003
1 0.574625 0.249167 0.022250000000000002 0.0176667
1 0.7265 0.150833 0.014000000000000002 0.029666699999999997
1 0.882875 0.5728330000000001 0.014250000000000002 0.025
1 0.883625 0.781833 0.01775 0.0316667
1 0.8057500000000001 0.422167 0.019 0.0176667
1 0.785375 0.502833 0.02125 0.0196667
1 0.39775 0.6645 0.017500000000000005 0.0276667
1 0.409375 0.426 0.01775 0.0173333
1 0.370375 0.445167 0.014250000000000002 0.029000000000000005
1 0.338375 0.627667 0.01975 0.024
1 0.575375 0.572333 0.01725 0.0273333
1 0.82375 0.572167 0.0155 0.029000000000000005
1 0.5962499999999998 0.557833 0.019 0.028333299999999995
1 0.8658750000000001 0.182667 0.01575 0.025333300000000003
1 0.05274999999999999 0.33716699999999994 0.020500000000000004 0.021
1 0.463375 0.9655 0.02175 0.018333300000000004
1 0.3285 0.639667 0.018499999999999996 0.026000000000000002
1 0.15174999999999997 0.012666700000000001 0.017500000000000005 0.025333300000000003
1 0.8205 0.486167 0.016 0.0263333
1 0.813125 0.165667 0.01825 0.02
1 0.39375 0.9161669999999998 0.018 0.0203333
1 0.9376249999999999 0.851 0.019250000000000003 0.02
1 0.8005 0.381667 0.017500000000000005 0.0286667
1 0.3355 0.933333 0.012 0.024666699999999996
1 0.14925 0.779 0.020500000000000004 0.022666699999999998
1 0.7559999999999999 0.533833 0.019499999999999997 0.021
1 0.290625 0.610333 0.02025 0.018666700000000005
1 0.88125 0.4905 0.018 0.023
1 0.9358749999999999 0.799667 0.01675 0.024666699999999996
1 0.888375 0.5435 0.01225 0.021666699999999997
1 0.07337499999999998 0.09116670000000003 0.02075 0.0256667
1 0.43125 0.375333 0.019499999999999997 0.029333299999999996
1 0.39112499999999994 0.7816670000000002 0.019250000000000003 0.024666699999999996
1 0.48175000000000007 0.867167 0.021 0.0203333
1 0.9482500000000001 0.7535 0.019499999999999997 0.0196667
1 0.2815 0.7254999999999999 0.017500000000000005 0.019
1 0.780375 0.482333 0.01675 0.024666699999999996
1 0.51825 0.919167 0.019 0.021666699999999997
1 0.365875 0.924 0.01675 0.0266667
1 0.7785 0.3990000000000001 0.018 0.018000000000000002
1 0.509125 0.48449999999999993 0.01375 0.0323333
1 0.48875 0.279667 0.018 0.024666699999999996
1 0.850125 0.147 0.01775 0.020666699999999996
1 0.21925 0.420167 0.018 0.0276667
1 0.6585 0.8984999999999999 0.0215 0.019
1 0.23750000000000004 0.405 0.019 0.02
1 0.78275 0.189833 0.0215 0.021
1 0.644625 0.530167 0.02075 0.023
1 0.85075 0.2115 0.024 0.018333300000000004
1 0.757125 0.129333 0.01575 0.0273333
1 0.391875 0.408 0.01475 0.0266667
1 0.6260000000000001 0.4065 0.021 0.017
1 0.913375 0.874833 0.01675 0.028333299999999995
1 0.28325 0.7715 0.021 0.015666699999999995
1 0.2592499999999999 0.403 0.022 0.019333300000000005
1 0.769 0.354 0.02 0.022666699999999998
1 0.408625 0.5065 0.01175 0.031
1 0.260875 0.7731670000000003 0.01875 0.029000000000000005
1 0.203625 0.252333 0.01675 0.03
1 0.8747500000000001 0.8345 0.018 0.021
1 0.841375 0.227333 0.02175 0.0166667
1 0.094 0.787833 0.017500000000000005 0.028333299999999995
1 0.495875 0.898 0.01375 0.0286667
1 0.6101250000000001 0.379333 0.01825 0.0266667
1 0.728875 0.7019999999999998 0.02025 0.0266667
1 0.549125 0.530833 0.01725 0.030333300000000004
1 0.192125 0.493 0.02275 0.018000000000000002
1 0.28562499999999996 0.690833 0.01975 0.019
1 0.591875 0.535 0.01675 0.024
1 0.8255 0.121 0.018 0.02
1 0.524 0.892333 0.0165 0.026000000000000002
1 0.424625 0.41850000000000004 0.02025 0.0236667
1 0.528875 0.49633299999999997 0.023250000000000003 0.020666699999999996
1 0.70675 0.626 0.02 0.0233333
1 0.9536250000000002 0.843833 0.01775 0.0276667
1 0.7745000000000001 0.10816699999999999 0.016 0.0323333
1 0.2885 0.367833 0.0165 0.021666699999999997
1 0.25925 0.6906669999999999 0.018 0.024666699999999996
1 0.04987500000000001 0.936833 0.01825 0.0243333
1 0.32575 0.3183329999999999 0.022 0.02
1 0.23725 0.388833 0.021 0.018333300000000004
1 0.033875 0.6288330000000001 0.01825 0.0223333
1 0.427625 0.7685 0.019250000000000003 0.0236667
1 0.513875 0.289333 0.01825 0.024666699999999996
1 0.2995 0.800333 0.021 0.018666700000000005
1 0.745125 0.15950000000000003 0.01675 0.0243333
1 0.342625 0.799 0.02125 0.021999999999999992
1 0.4015000000000001 0.4911670000000001 0.016 0.031
1 0.768875 0.168 0.022250000000000002 0.019333300000000005
1 0.40887499999999993 0.408333 0.015250000000000001 0.0286667
1 0.6 0.4225 0.014500000000000002 0.025
1 0.683125 0.7418330000000001 0.019250000000000003 0.0243333
1 0.603375 0.907333 0.01675 0.0313333
1 0.27037500000000003 0.3688330000000001 0.01725 0.030333300000000004
1 0.9282500000000001 0.588333 0.018499999999999996 0.0306667
1 0.7291250000000001 0.565167 0.01475 0.0243333
1 0.16787500000000002 0.741667 0.01675 0.0306667
1 0.365 0.4721670000000001 0.019 0.023
1 0.628875 0.872 0.02175 0.019333300000000005
1 0.616625 0.796 0.02025 0.025333300000000003
1 0.4861249999999999 0.7181670000000001 0.01625 0.023
1 0.653125 0.7665 0.015250000000000001 0.029666699999999997
1 0.05887499999999999 0.7041669999999999 0.015250000000000001 0.0323333
1 0.5590000000000002 0.786833 0.022 0.019
1 0.8817499999999999 0.589667 0.021 0.022666699999999998
1 0.19673924848073665 0.4583700074954178 0.021257382967047614 0.015047500246061713
1 0.2965188011832051 0.6510937606469005 0.019522086398309046 0.02083500034070079
1 0.2919636476902663 0.6699031359544773 0.024294151962340124 0.0214137503501647
1 0.7129899776804642 0.7902031215693325 0.01605149326083196 0.028358750463731555
1 0.689129649860309 0.7117824952869721 0.016051493260831773 0.021992500359628617
1 0.670258299675277 0.5940068683610661 0.019955910540493785 0.02025625033123688
1 0.7591922488231292 0.5019856168563043 0.025161800246709373 0.01678375027445346
1 0.7995378940463012 0.6131056186733752 0.020823558824862896 0.01678375027445352
1 0.6800193428744313 0.45279186605187177 0.01691914154520116 0.01909875031230905
1 0.716677482889034 0.43542936576795443 0.021691207109232283 0.01794125029338122
1 0.7273061743725577 0.39520624011021255 0.01518384497646257 0.028937500473195595
1 0.736199569287343 0.37089873971272824 0.018220613971755104 0.025465000416412108
1 0.6837068480830009 0.36105998955184176 0.015617669118647214 0.028937500473195595
1 0.653556070201168 0.3868143649729858 0.019522086398308953 0.0214137503501647
1 0.6511700374191526 0.3538256144335428 0.019088262256124304 0.0214137503501647
1 0.7709055006621145 0.38102686487834675 0.012147075981170131 0.028358750463731687
1 0.7928136198424393 0.3648218646133571 0.023860327820155427 0.01678375027445346
1 0.784172489263139 0.08276125135333932 0.017786789829570455 0.023150000378556454
1 0.86833437284696 0.48441375792129376 0.024727976104524724 0.018520000302845136
1 0.9141028198474405 0.5113256333613658 0.01822061397175501 0.015626250255525564
1 0.8676836366336832 0.5651493842415095 0.016485317403016606 0.02372875038802037
1 0.8720218780555297 0.5787500094639113 0.016485317403016606 0.021992500359628617
1 0.8568380330790671 0.5116150083660976 0.022558855393601675 0.01389000022713382
1 0.991974253369584 0.6236031351973645 0.014316196692093365 0.026043750425876023
1 0.9609558272033819 0.6675881359166218 0.016485317403016606 0.022571250369092535
1 0.9505440477909503 0.6713500109781372 0.014750020834278017 0.024307500397484284
1 0.9401322683785189 0.685818761214735 0.008676482843692762 0.0219925003596285
1 0.8913270523827463 0.7081006365790955 0.012580900123354779 0.0248862504069482
1 0.8793968884726685 0.7075218865696317 0.013014724265539427 0.017941250293381342
1 0.8733233504820836 0.8694918728658879 0.014750020834277833 0.026043750425876023
