1 0.19683425955319855 0.0767680797677337 0.013624229258691329 0.027263430197886736
1 0.1326569690977841 0.18510434186986255 0.013624229258691329 0.026785124404941338
1 0.227847307734167 0.19969266855469672 0.013982761607604238 0.02630681861199596
1 0.21171335203308517 0.1640588869802658 0.01111450281630081 0.030611570748504412
1 0.10899383406953073 0.1257944235446353 0.022946070330427514 0.02104545488959676
3 0.08676482843692906 0.16477634566968388 0.012907164560865486 0.022480372268432927
0 0.11974980453691864 0.11431508451394615 0.018643682143472357 0.024871901233159827
0 0.14502633513528018 0.149231407398959 0.021153408585862857 0.022958678061378305
0 0.1862575552602671 0.05572262487813692 0.025455796772818 0.015784091167197582
0 0.23967887524829368 0.09566115858907624 0.01971927919021114 0.020088843303706
0 0.23250822827003512 0.11838068375398189 0.01111450281630081 0.027263430197886754
0 0.2353764870613385 0.14253512629772364 0.021870473283688713 0.021045454889596794
0 0.3293119624765262 0.10498812155151117 0.013265696909778423 0.024393595440214445
0 0.26621026906785056 0.21738998289367586 0.021870473283688713 0.0176973143389791
0 0.1893050802260271 0.2173899828936759 0.015775423352168815 0.030133264955559045
0 0.12620338681735135 0.17290754414975537 0.017926617445646498 0.023436983854323717
0 0.11204135903529062 0.20041012724411478 0.016133955701081847 0.02869834757672286
0 0.14305440721625906 0.19275723455698868 0.017209552747820614 0.02104545488959679
0 0.11688154574561517 0.23652221461149114 0.017209552747820663 0.024393595440214452
0 0.3640896003210804 0.12125051851165422 0.020436343888037046 0.020567149096651395
0 0.4074720145395449 0.1786472136650999 0.01900221449238533 0.031089876541449755
0 0.3979709072933523 0.19825775117586056 0.020077811539124094 0.01961053751076065
0 0.4642993918422444 0.19490961062524292 0.02151194093477581 0.01674070275308834
0 0.4653749888889832 0.21284607786069473 0.024380199726079237 0.01817562013192448
0 0.4598177374808327 0.23365237985381873 0.02187047328368876 0.018653925924869825
0 0.5596689966530837 0.25469783474341556 0.017926617445646574 0.01865392592486989
0 0.573293225911775 0.27383006646123076 0.02222900563260162 0.021523760682542168
1 0.5225608985405955 0.2793305830801027 0.013982761607604284 0.022958678061378274
0 0.5005111590824504 0.28602686418133805 0.015058358654343048 0.026785124404941373
2 0.5076818060607089 0.27024277301414046 0.0071706469782585715 0.016262396960142964
0 0.34132279616510935 0.30826808355329827 0.022229005632601665 0.015784091167197555
0 0.4167938556112811 0.3075506248638802 0.016851020398907717 0.03252479392028593
0 0.4956709723721257 0.30515909589915324 0.015416891003255901 0.021045454889596818
3 0.5101915325030993 0.3061157074850441 0.017209552747820572 0.014349173788361445
0 0.5118049280732077 0.31998657548046006 0.019719279190211138 0.01913223171781505
2 0.44995809788572716 0.009087810065962246 0.04804333475433257 0.01721900854603373
2 0.4117744027265001 0.008848657169489555 0.006095049931519809 0.01674070275308835
1 0.7025441376948863 0.013631715098943368 0.01756808509673362 0.022480372268432924
1 0.6423107030775141 0.1253161177516899 0.02258753798151457 0.018175620131924496
1 0.7100733170220578 0.17673399049331842 0.016133955701081806 0.015784091167197582
2 0.8237280716274565 0.08537758404075058 0.02473873207499219 0.01674070275308836
0 0.7581166517763904 0.04256921557213894 0.021153408585862857 0.016262396960142967
0 0.7425204945986781 0.060027377014645354 0.01864368214347238 0.020567149096651395
0 0.7608056443932375 0.08705165431605941 0.020077811539124094 0.02008884330370603
0 0.74951187540248 0.0789204558359879 0.012548632211952477 0.028698347576722884
0 0.736783977016071 0.07413739790653412 0.01936074684129819 0.014349173788361445
0 0.7331986535269418 0.08848657169489556 0.01936074684129819 0.01434917378836143
0 0.7692311545926913 0.11431508451394613 0.02115340858586295 0.022002066475487546
0 0.7046953317883639 0.1339256220247068 0.014699826305430095 0.02774173599083213
0 0.6424899692519704 0.026306818611995974 0.017209552747820666 0.01817562013192449
0 0.6686628307226142 0.05093956694868311 0.01505835865434314 0.022480372268432924
0 0.6751164130030474 0.1506663247777951 0.020077811539124094 0.02104545488959677
0 0.7516630694959576 0.17816890787215453 0.022587537981514662 0.017697314338979128
0 0.7875163043872507 0.1922789287640433 0.013982761607604284 0.028698347576722846
1 0.6423107030775141 0.1968228337970244 0.014699826305430095 0.02535020702610523
0 0.6566519970340313 0.18534349476633527 0.01971927919021114 0.01961053751076065
1 0.9718552106103351 0.1205330598222361 0.017568085096733528 0.022958678061378305
0 0.9040925966657913 0.13464308071412484 0.022587537981514662 0.01674070275308834
0 0.8816843248587333 0.20375826779473247 0.022946070330427427 0.016262396960142964
0 0.736657989723453 0.2315000037855646 0.01254863221195257 0.02869834757672286
0 0.9168204950522003 0.21571591261836698 0.025097264423904954 0.016262396960142964
0 0.9153863656565485 0.2381962848867999 0.01864368214347238 0.02104545488959679
0 0.9082157186782898 0.2506322355033798 0.028682587913034286 0.01817562013192448
0 0.9657601606788152 0.2817221120448296 0.020436343888036956 0.019132231717815272
0 0.9431726226973008 0.2979845090049726 0.019719279190211048 0.022002066475487584
0 0.7418567087826905 0.3077897777603528 0.012907164560865523 0.021523760682542168
0 0.7253642207326956 0.3008543437626449 0.010755970467387905 0.026785124404941373
0 0.6923792446327062 0.2429793428162537 0.011473035165213807 0.030611570748504412
0 0.6818025403397747 0.2456100246774533 0.009680373420649141 0.031089876541449787
0 0.9612785063174036 0.3125728356898067 0.020794876236949714 0.017697314338979066
0 0.965222362155446 0.3333791376829307 0.01864368214347238 0.015305785374252206
0 0.8655503691576508 0.36112087367376283 0.01792661744564648 0.026785124404941373
0 0.8234228181603821 0.4718486647406187 0.017568085096733528 0.0253502070261052
0 0.7266190839538909 0.3195082696875147 0.018285149794559422 0.01913223171781524
0 0.6914829137604238 0.41277789931186404 0.016133955701081903 0.016262396960142964
0 0.6809062094674923 0.45845610253814806 0.020794876236949908 0.015784091167197555
0 0.7431115720038857 0.4797407103242175 0.020436343888037046 0.015305785374252267
0 0.8047791360169095 0.4948073428019969 0.01685102039890762 0.02056714909665141
0 0.7870317847457197 0.5005470123173416 0.012190099863039618 0.02630681861199596
2 0.818044832926688 0.34222779485242044 0.009680373420649513 0.016740702753088362
0 0.5833854105631754 0.371882754015034 0.013624229258691329 0.030133264955559062
0 0.5950377119028455 0.41899587462015403 0.02187047328368876 0.016262396960142964
0 0.6091997396849064 0.43143182523673396 0.01577542335216895 0.024871901233159854
0 0.5059424231979827 0.44625930481804077 0.02151194093477581 0.01913223171781524
0 0.49841324387081093 0.42904029627200707 0.015058358654343048 0.025828512819050613
0 0.5303226229240618 0.33696643113002117 0.014341293956517237 0.02822004178377749
0 0.4890914027990748 0.339357960094748 0.011473035165213807 0.031089876541449755
1 0.3186092708909766 0.282917876527193 0.014699826305430142 0.0176973143389791
1 0.23919435560676267 0.3118553770003886 0.02079487623694995 0.01817562013192448
1 0.2472613334573036 0.3537071338831095 0.016133955701081858 0.023436983854323686
1 0.2040581854132955 0.29631043872966367 0.02151194093477581 0.024393595440214508
1 0.18702789883993134 0.2743083722541762 0.013265696909778404 0.02630681861199596
0 0.1823669783040633 0.29487552135082756 0.016133955701081858 0.02822004178377749
0 0.3125142209594568 0.3039633314167898 0.014699826305430142 0.0253502070261052
0 0.3863718848355204 0.3577727331231451 0.015416891003256 0.03348140550617668
0 0.35159424699096625 0.39508058497288495 0.01254863221195257 0.024871901233159854
0 0.4060911640257316 0.4462593048180407 0.011831567514126666 0.026785124404941373
0 0.33725295303444897 0.4003419486952841 0.016851020398907717 0.016262396960142964
0 0.34173460739586065 0.4192350275166267 0.01864368214347238 0.023436983854323624
0 0.2759439213703379 0.4228223209637171 0.015416891003255948 0.02678512440494131
0 0.253177117214367 0.4137345108977548 0.02294607033042752 0.015305785374252267
0 0.16349075110429595 0.2711993846000312 0.01792661744564649 0.02774173599083206
0 0.13767642198256513 0.2805263475624661 0.013624229258691329 0.02822004178377749
0 0.1677931392912512 0.32716116237464077 0.01434129395651719 0.02869834757672289
0 0.10576704292931435 0.2568502108116697 0.02079487623694995 0.01817562013192451
0 0.11114502816300831 0.3845578575280865 0.016492488049994786 0.023915289647269095
0 0.0256350629472745 0.43358420130498815 0.022587537981514593 0.017697314338979128
0 0.01362422925869134 0.5270929838258102 0.01936074684129822 0.016262396960142964
0 0.0650736213276968 0.5213533143104656 0.013982761607604262 0.02869834757672289
0 0.03262644375107662 0.5639225298826045 0.012907164560865478 0.029654959162613716
0 0.04893966562661495 0.5921425716663821 0.02043634388803701 0.01913223171781518
0 0.0568273773026994 0.6079266628335797 0.015416891003255993 0.022958678061378336
2 0.24917998249448634 0.4960031072843605 0.008604776373910333 0.013392562202470624
2 0.332359487442286 0.5096348223833038 0.02509726442390514 0.021523760682542168
2 0.3133572729499008 0.5287670541011191 0.032984976099989606 0.0253502070261052
0 0.3316424227444603 0.47782748715243595 0.01434129395651719 0.02774173599083213
0 0.33809600502489295 0.49528564859494234 0.017209552747820666 0.015784091167197613
0 0.31873525818359477 0.5361807938917724 0.01577542335216895 0.02774173599083213
0 0.3194523228814206 0.5593786248496234 0.02294607033042752 0.017697314338979128
0 0.37430777226509887 0.5598569306425689 0.020794876236949998 0.017697314338979128
0 0.33702040797815414 0.5825764558074745 0.014341293956517143 0.02869834757672289
0 0.2543787015537237 0.5988388527676174 0.02473873207499219 0.016262396960142964
1 0.4060378851438932 0.6167753200030692 0.02187047328368876 0.02056714909665141
1 0.506964741362883 0.5878378195298737 0.011473035165213714 0.02582851281905055
3 0.4686017800291995 0.5368982525811906 0.011473035165213714 0.012914256409525275
0 0.41213293507541293 0.5983605469746721 0.013982761607604238 0.02582851281905055
0 0.48939665626614937 0.6041002164900166 0.017926617445646574 0.01817562013192448
0 0.4978221664656033 0.5794674681533296 0.015416891003255995 0.028220041783777426
0 0.5410253145096114 0.5718145754662035 0.01864368214347238 0.017697314338979066
0 0.5643299171889519 0.5593786248496235 0.02007781153912402 0.018653925924869884
1 0.7768136128017011 0.5708579638803125 0.016851020398907717 0.021523760682542106
0 0.7434701043527988 0.5938166419416909 0.014699826305430187 0.02152376068254223
0 0.8915439644538387 0.5703796580873671 0.02330460267934038 0.016740702753088373
0 0.9847623751712006 0.5679881291226403 0.023304602679340567 0.016740702753088373
0 0.8259325446027727 0.6031436049041258 0.01900221449238524 0.024871901233159854
0 0.8479822840609178 0.6232324482078321 0.017209552747820572 0.020088843303706
0 0.9222153313062933 0.655267556862821 0.014316196692093365 0.02864812546846364
0 0.849441331454819 0.6434899941702303 0.019565468812527492 0.020372000333129733
0 0.8105489971079656 0.7071524952112608 0.015270609804899462 0.025465000416412108
0 0.8563608265226638 0.7211582454402875 0.020042675368930493 0.01909875031230905
0 0.9005024329899518 0.775271371325163 0.013838990135690088 0.02546500041641224
1 0.8773579150044009 0.7829108714500868 0.020042675368930493 0.01909875031230905
1 0.85111155440223 0.7443950583202634 0.020042675368930684 0.015915625260257648
0 0.725129023511809 0.684552307341695 0.015270609804899462 0.02610162542682239
0 0.7621125316330499 0.7657219961690086 0.01670222947410884 0.01909875031230905
0 0.802197882370911 0.7654036836638034 0.014793403248496368 0.028648125468463514
0 0.8162754757848028 0.7338907456484933 0.020042675368930583 0.01145925018738543
0 0.7058021579774829 0.7803643714084454 0.020519881925333674 0.02291850037477086
0 0.6881455153905678 0.791823621595831 0.020519881925333775 0.01782550029148849
0 0.6926789776763974 0.809012496876909 0.017179436030512026 0.028011500458053232
0 0.7256062300682119 0.8589875601941179 0.013361783579287093 0.0299213754892842
0 0.6895771350597774 0.8271563096736027 0.019565468812527492 0.012095875197795836
0 0.6762153514804901 0.8223816220955256 0.014793403248496368 0.025465000416411986
0 0.5996236991777908 0.7186117453986463 0.021951501594543055 0.019098750312309176
0 0.60869062374945 0.7322991831224678 0.013361783579287093 0.02864812546846364
0 0.5979534762303801 0.741530245773417 0.013838990135690182 0.02291850037477086
0 0.6175189450429075 0.7698600587366756 0.020519881925333775 0.021008625343540012
0 0.6308807286221946 0.7886404965437795 0.020519881925333674 0.020372000333129612
0 0.6041571614636205 0.7991448092155495 0.01861105569972121 0.024828375406001704
0 0.6487759744873106 0.8580326226785027 0.019088262256124297 0.017825500291488317
1 0.5946130303355581 0.8239731846215514 0.020519881925333775 0.018462125301898766
1 0.5456993583042395 0.836069059819347 0.014316196692093275 0.0299213754892842
1 0.3875053848566086 0.8663087478138364 0.015747816361302645 0.028011500458053232
1 0.5404500861838054 0.7790911213876249 0.012407370466480903 0.03183125052051517
0 0.5903181713279303 0.8949568732823002 0.017656642586915117 0.020372000333129733
0 0.6179961515993107 0.865353810298221 0.020519881925333775 0.02355512538518114
0 0.6010553188470004 0.8513480600691943 0.020997088481736866 0.019735375322719333
0 0.5657420336731701 0.8112406844133452 0.013361783579287185 0.015915625260257523
0 0.5700368926807982 0.8869990606521715 0.014316196692093275 0.02355512538518114
0 0.5473695812516504 0.8787229355168374 0.023383121263752336 0.021008625343540012
0 0.5094316600176032 0.8347958097985265 0.019088262256124398 0.02228187536436058
0 0.47125513550535436 0.8411620599026294 0.012407370466480903 0.02482837540600183
0 0.4734025650091684 0.8694918728658879 0.02338312126375243 0.0165522502706678
0 0.4399981060609507 0.8453001224702965 0.017656642586915024 0.025465000416412108
0 0.4135131421805781 0.8096491218873194 0.018133849143318212 0.02546500041641224
0 0.4020601848269035 0.8262013721579875 0.019088262256124353 0.021645250353950304
0 0.3693715357132905 0.6479463692431027 0.02147429503813996 0.020372000333129733
0 0.3359670767650728 0.7418485582786225 0.01670222947410888 0.027374875447643075
0 0.3104365259975064 0.7673135586950345 0.01622502291770574 0.027374875447642954
0 0.27058977853784677 0.7361189331849297 0.015747816361302645 0.021008625343540012
0 0.254364755620141 0.7300709955860317 0.013838990135690225 0.030558000499694607
0 0.23861693925883837 0.7774995588615993 0.013838990135690225 0.03119462551010489
3 0.26438609330460633 0.7943701216374722 0.015747816361302607 0.026738250437232797
2 0.2030650508068067 0.8265196846631926 0.014316196692093297 0.01464237523943696
2 0.09400969161141262 0.7001496200967474 0.048675068753117195 0.061116000999388964
1 0.10236080634846706 0.6320307439828451 0.01765664258691506 0.02291850037477086
0 0.11476817681494791 0.6524027443159747 0.021474295038139947 0.01782550029148849
0 0.09281667522040486 0.6578140569044622 0.01765664258691506 0.02482837540600183
0 0.1376740915222972 0.6960115575290804 0.02242870815094615 0.01464237523943696
0 0.1438777767555376 0.7743164338095475 0.02720077371497725 0.015915625260257523
2 0.15556933738741383 0.6434899941702306 0.01622502291770572 0.010186000166564867
0 0.13027738989804896 0.9777181246356393 0.019088262256124398 0.02928475047887392
0 0.275586786322796 0.978673062151255 0.02147429503813996 0.019735375322719333
0 0.3564732976331231 0.9675321244690746 0.01622502291770574 0.02291850037477086
0 0.4099204319502713 0.9481150616515603 0.015270609804899552 0.031194625510104764
2 0.6504325363774387 0.7529894959608027 0.008589718015255965 0.010186000166564744
0 0.853006719570559 0.7701783712418808 0.010975750797271528 0.022918500374770986
0 0.8568243720217837 0.7864123090073436 0.010975750797271528 0.02864812546846364
0 0.8799688900073346 0.8080575593612938 0.01717943603051212 0.026101625426822515
