2 0.25205930807248766 0.15054945054945054 0.085667215815486 0.08131868131868131
2 0.3401976935749588 0.2945054945054945 0.08401976935749589 0.06593406593406594
2 0.8739703459637562 0.3318681318681318 0.09719934102141681 0.07472527472527472
2 0.9654036243822074 0.21318681318681318 0.05601317957166392 0.11868131868131866
0 0.799835255354201 0.02857142857142857 0.09060955518945635 0.05714285714285714
0 0.5510708401976936 0.014285714285714289 0.047775947281713346 0.02417582417582418
2 0.44810543657331137 0.7549450549450547 0.08237232289950576 0.1076923076923077
2 0.31219110378912684 0.8571428571428572 0.060955518945634266 0.1450549450549451
0 0.25453047775947285 0.9659340659340658 0.09060955518945635 0.05934065934065933
0 0.1812191103789127 0.9791208791208791 0.06260296540362437 0.03736263736263736
2 0.09555189456342669 0.48131868131868133 0.09555189456342669 0.08791208791208793
2 0.18451400329489293 0.5340659340659341 0.10543657331136741 0.07472527472527472
2 0.20593080724876436 0.45164835164835165 0.10214168039538714 0.07252747252747255
2 0.3245469522240527 0.03736263736263736 0.08896210873146623 0.07032967032967033
0 0.4489291598023064 0.03296703296703297 0.0741350906095552 0.06593406593406594
2 0.9357495881383855 0.7978021978021976 0.052718286655683705 0.11868131868131866
