1 0.67625 0.47533299999999995 0.017 0.0286667
1 0.638125 0.1565 0.01675 0.0203333
1 0.35725 0.0576667 0.014000000000000002 0.028000000000000008
1 0.6045 0.530833 0.016 0.027000000000000003
1 0.301 0.986333 0.0235 0.018000000000000002
1 0.513 0.0793333 0.014500000000000002 0.0306667
1 0.184875 0.4205 0.023250000000000003 0.0223333
1 0.8807499999999999 0.6579999999999999 0.0165 0.024
1 0.253625 0.977833 0.02025 0.017
1 0.21125 0.7415 0.022 0.0176667
1 0.41887500000000005 0.898667 0.014250000000000002 0.028000000000000008
1 0.8853750000000001 0.25133300000000003 0.01625 0.0273333
1 0.5963749999999999 0.09966670000000001 0.02125 0.020666699999999996
1 0.13725 0.832667 0.0235 0.018000000000000002
1 0.213625 0.819833 0.02075 0.0203333
1 0.643625 0.4316670000000001 0.01975 0.0233333
1 0.6231250000000002 0.573833 0.01725 0.023
1 0.39399999999999996 0.365333 0.020500000000000004 0.019333300000000005
1 0.7438749999999998 0.403333 0.015250000000000001 0.0326667
1 0.6147499999999999 0.557833 0.019 0.019
1 0.857375 0.5165 0.01975 0.017
1 0.007000000000000001 0.36866699999999997 0.014000000000000002 0.0273333
1 0.26524999999999993 0.579667 0.0215 0.016
1 0.709 0.92 0.02 0.018666700000000005
1 0.54925 0.312 0.014500000000000002 0.0273333
1 0.892875 0.6570000000000001 0.015250000000000001 0.021999999999999992
1 0.669625 0.4745 0.015250000000000001 0.0243333
1 0.5948750000000002 0.8433329999999999 0.01775 0.0266667
1 0.1655 0.08283330000000001 0.023 0.0236667
1 0.8228750000000001 0.195 0.02125 0.016
1 0.669 0.883 0.0165 0.025333300000000003
1 0.33125 0.343833 0.0165 0.0323333
1 0.6825 0.8345000000000001 0.014000000000000002 0.027000000000000003
1 0.8165 0.3675 0.015 0.028333299999999995
1 0.8557500000000001 0.539833 0.018 0.0203333
1 0.19400000000000003 0.9804999999999999 0.0225 0.017
1 0.186125 0.486167 0.01375 0.035
1 0.8902500000000001 0.759333 0.0155 0.026000000000000002
1 0.18625 0.9534999999999999 0.019 0.0196667
1 0.747375 0.0991667 0.02125 0.0176667
1 0.8761249999999999 0.247667 0.01325 0.024666699999999996
1 0.288625 0.679667 0.01725 0.021999999999999992
1 0.6399999999999999 0.8345 0.017 0.0263333
1 0.61175 0.815333 0.0155 0.0266667
1 0.700625 0.236 0.01775 0.020666699999999996
1 0.22799999999999998 0.711 0.019499999999999997 0.021999999999999992
1 0.8186250000000002 0.507 0.019250000000000003 0.019333300000000005
1 0.532125 0.9415 0.01675 0.028333299999999995
1 0.09637500000000002 0.8338330000000002 0.01225 0.0196667
1 0.212 0.10416699999999998 0.0235 0.018333300000000004
1 0.851625 0.198167 0.01825 0.025
1 0.852 0.283333 0.019 0.0213333
1 0.9445 0.604333 0.017 0.024
1 0.49837500000000007 0.4439999999999999 0.022250000000000002 0.024
1 0.48225 0.432833 0.013000000000000001 0.029666699999999997
1 0.88475 0.15916700000000003 0.017 0.0256667
1 0.0125 0.443833 0.014500000000000002 0.025
1 0.82675 0.113167 0.0165 0.031
1 0.778875 0.833333 0.015250000000000001 0.026000000000000002
1 0.800375 0.810167 0.02025 0.018333300000000004
1 0.679 0.512833 0.014500000000000002 0.029000000000000005
1 0.9841250000000002 0.16933299999999998 0.01475 0.024666699999999996
1 0.09725 0.8335000000000001 0.0215 0.0276667
1 0.398 0.6446670000000002 0.022 0.018000000000000002
1 0.38049999999999995 0.6335000000000001 0.012 0.030333300000000004
1 0.533375 0.303 0.01475 0.0306667
1 0.5586250000000001 0.9285 0.015250000000000001 0.031
1 0.1245 0.906333 0.021 0.022666699999999998
1 0.009375 0.353333 0.01875 0.022666699999999998
1 0.224125 0.08649999999999998 0.01325 0.029000000000000005
1 0.100625 0.9519999999999997 0.015250000000000001 0.0273333
1 0.825125 0.21583300000000005 0.022250000000000002 0.019
1 0.325375 0.1295 0.01375 0.0263333
1 0.208125 0.0361667 0.01875 0.0256667
1 0.49925 0.141667 0.022 0.018666700000000005
1 0.36987500000000006 0.11799999999999997 0.01975 0.02
1 0.11537500000000002 0.8429999999999999 0.02075 0.018000000000000002
1 0.657875 0.8791670000000003 0.01475 0.029666699999999997
1 0.842875 0.536 0.01675 0.025333300000000003
1 0.90075 0.684167 0.017 0.027000000000000003
1 0.80375 0.198 0.018 0.022666699999999998
1 0.4706249999999999 0.623833 0.014250000000000002 0.031
1 0.900625 0.7196670000000001 0.02025 0.018666700000000005
1 0.773 0.797833 0.0225 0.019
1 0.9242500000000001 0.10949999999999999 0.017 0.029666699999999997
1 0.611625 0.23600000000000002 0.015250000000000001 0.028000000000000008
1 0.745125 0.07700000000000001 0.01575 0.0313333
1 0.458375 0.766833 0.02175 0.019
1 0.425375 0.619667 0.01575 0.0233333
1 0.055 0.124 0.0155 0.024666699999999996
1 0.592875 0.815833 0.01325 0.029666699999999997
1 0.538625 0.325 0.01775 0.0233333
1 0.71925 0.870167 0.013499999999999998 0.029666699999999997
1 0.522625 0.0668333 0.024250000000000004 0.0203333
1 0.08325 0.24683299999999997 0.0215 0.017
1 0.505875 0.426833 0.022250000000000002 0.0196667
1 0.5223749999999999 0.371167 0.01375 0.027000000000000003
1 0.065375 0.096 0.01325 0.0313333
1 0.16475 0.978833 0.013000000000000001 0.031
1 0.08900000000000001 0.903333 0.022 0.016
1 0.6945 0.545833 0.018499999999999996 0.0223333
1 0.4586249999999999 0.601 0.01625 0.025333300000000003
1 0.078875 0.817667 0.015250000000000001 0.026000000000000002
1 0.8782499999999999 0.629333 0.018 0.02
1 0.06975 0.333667 0.020500000000000004 0.018000000000000002
1 0.46325000000000005 0.788333 0.019 0.021999999999999992
1 0.6575 0.622167 0.015 0.028333299999999995
1 0.9335 0.1455 0.014500000000000002 0.0336667
1 0.0725 0.556333 0.013499999999999998 0.0333333
1 0.97025 0.6058329999999998 0.0215 0.0163333
1 0.769375 0.4193330000000001 0.01725 0.028000000000000008
1 0.19824999999999998 0.055833299999999995 0.019 0.0256667
1 0.6362500000000001 0.9275 0.0155 0.0276667
1 0.101625 0.628 0.02075 0.0233333
1 0.5563749999999998 0.44833300000000004 0.02025 0.0166667
1 0.27475 0.10783300000000001 0.014000000000000002 0.029000000000000005
1 0.764875 0.731333 0.01825 0.02
1 0.6103750000000001 0.853167 0.01875 0.0223333
1 0.480625 0.490667 0.01725 0.025333300000000003
1 0.21275 0.973167 0.0215 0.021
1 0.352 0.837667 0.019499999999999997 0.018000000000000002
1 0.037125000000000005 0.4015000000000001 0.014250000000000002 0.030333300000000004
1 0.800875 0.692167 0.02175 0.0196667
1 0.078625 0.36450000000000005 0.01475 0.029666699999999997
1 0.7646250000000001 0.705333 0.01475 0.0286667
1 0.49525000000000013 0.469333 0.017 0.0273333
1 0.6736249999999999 0.163167 0.02375 0.015666699999999995
1 0.9404999999999998 0.5678329999999999 0.018499999999999996 0.0236667
1 0.7091249999999999 0.592667 0.014250000000000002 0.0233333
1 0.720875 0.11066700000000002 0.01775 0.0233333
1 0.825375 0.575 0.015250000000000001 0.0306667
1 0.26674999999999993 0.6145 0.019499999999999997 0.0196667
1 0.744875 0.771167 0.01825 0.027000000000000003
1 0.6402500000000001 0.176333 0.022 0.021999999999999992
1 0.057374999999999995 0.42950000000000005 0.01625 0.030333300000000004
1 0.76925 0.2615 0.024 0.0196667
1 0.10549999999999998 0.189667 0.022 0.019333300000000005
1 0.43750000000000006 0.0863333 0.0165 0.0326667
1 0.9565000000000002 0.6303330000000001 0.013499999999999998 0.03
1 0.150625 0.1295 0.01475 0.031
1 0.24675 0.6851669999999999 0.019 0.023
1 0.666375 0.897667 0.01725 0.026000000000000002
1 0.8740000000000001 0.369667 0.019499999999999997 0.024
1 0.068625 0.274833 0.022250000000000002 0.0176667
1 0.6969999999999998 0.8533329999999999 0.014000000000000002 0.029333299999999996
1 0.3925 0.773 0.013499999999999998 0.034
1 0.28225 0.9331669999999999 0.017 0.0243333
1 0.091 0.6396669999999999 0.02 0.02
1 0.4911249999999999 0.402833 0.019250000000000003 0.0223333
1 0.552875 0.891333 0.01575 0.024
1 0.42675 0.3725 0.018 0.0256667
1 0.854375 0.24533300000000005 0.01475 0.028000000000000008
1 0.689875 0.811667 0.01975 0.022666699999999998
1 0.252375 0.802333 0.01375 0.0313333
1 0.40425 0.0491667 0.019499999999999997 0.0243333
1 0.11699999999999999 0.0775 0.0165 0.0336667
1 0.868125 0.5846669999999999 0.01725 0.0266667
1 0.5265 0.403667 0.019499999999999997 0.0273333
1 0.640125 0.570167 0.01825 0.0276667
1 0.5686250000000002 0.4366670000000001 0.01725 0.025333300000000003
1 0.225875 0.580833 0.02125 0.0176667
1 0.12774999999999997 0.886333 0.017 0.021999999999999992
1 0.382875 0.381333 0.02025 0.020666699999999996
1 0.158625 0.8815 0.02075 0.021
1 0.200125 0.6840000000000002 0.01625 0.029333299999999996
1 0.21 0.943667 0.017 0.024666699999999996
1 0.426375 0.645167 0.019250000000000003 0.0203333
1 0.382125 0.0848333 0.019250000000000003 0.0243333
1 0.194375 0.5395 0.022250000000000002 0.0196667
1 0.082375 0.884167 0.01775 0.0336667
1 0.4603749999999999 0.076 0.01625 0.0266667
1 0.5135 0.763333 0.02 0.019333300000000005
1 0.7254999999999999 0.564833 0.015 0.021666699999999997
1 0.16075 0.8241669999999999 0.022 0.0203333
1 0.470625 0.2790000000000001 0.01775 0.028000000000000008
1 0.4302500000000001 0.8696670000000001 0.0165 0.03
1 0.72675 0.430667 0.019 0.024666699999999996
1 0.48125000000000007 0.771833 0.014500000000000002 0.023
1 0.55075 0.429333 0.019499999999999997 0.024666699999999996
1 0.8255 0.532167 0.0225 0.018333300000000004
1 0.34287500000000004 0.0481667 0.02075 0.021666699999999997
1 0.130625 0.138167 0.023250000000000003 0.021666699999999997
1 0.770625 0.1045 0.02175 0.015
1 0.8065000000000001 0.8728329999999999 0.017500000000000005 0.023
1 0.17800000000000002 0.970167 0.017 0.0236667
1 0.34674999999999995 0.1005 0.017500000000000005 0.0276667
1 0.096 0.320667 0.0155 0.024
1 0.412 0.6025 0.019 0.0203333
1 0.086125 0.606 0.022250000000000002 0.019333300000000005
1 0.6651250000000001 0.851 0.02025 0.018666700000000005
1 0.10075 0.07 0.0155 0.0326667
1 0.6984999999999999 0.6645 0.023 0.0203333
1 0.3455 0.661167 0.015 0.0343333
1 0.9043749999999998 0.144167 0.01725 0.028333299999999995
1 0.40975 0.31133299999999997 0.0155 0.036000000000000004
1 0.043 0.367833 0.022 0.0203333
1 0.1815 0.12799999999999997 0.0165 0.0306667
1 0.65225 0.8970000000000001 0.014000000000000002 0.0306667
1 0.06012500000000001 0.6245000000000002 0.02175 0.0196667
1 0.409875 0.0113333 0.01575 0.022666699999999998
1 0.76975 0.3895 0.014500000000000002 0.027000000000000003
1 0.009875 0.3233330000000001 0.01975 0.019333300000000005
1 0.734875 0.888667 0.02025 0.019333300000000005
1 0.1705 0.581667 0.0165 0.0266667
1 0.12975 0.1795 0.022 0.0163333
1 0.5472500000000001 0.344 0.0225 0.0213333
1 0.4752499999999999 0.0881667 0.0225 0.0223333
1 0.298 0.136667 0.018 0.021999999999999992
1 0.512875 0.125333 0.01825 0.025333300000000003
1 0.272625 0.716667 0.01975 0.024666699999999996
1 0.727 0.583333 0.0225 0.019333300000000005
1 0.074875 0.48783299999999996 0.01975 0.0236667
1 0.6137012925916827 0.09422050154072478 0.01861105569972121 0.026738250437232703
1 0.6523550236603346 0.12987150212370172 0.01670222947410884 0.028011500458053312
1 0.6444811154796832 0.14515050237354898 0.024814740932961713 0.022918500374770893
1 0.8754490887787884 0.17602681537844866 0.021951501594543055 0.01464237523943696
1 0.6595131220063812 0.43035850703736456 0.018611055699721307 0.02037200033312967
1 0.8422832331087723 0.5054802582657802 0.014793403248496276 0.02291850037477086
1 0.8711542297711605 0.6639998858579456 0.024814740932961807 0.020372000333129733
1 0.7668845971970809 0.8220633095903205 0.023383121263752336 0.018462125301898766
1 0.680033003931715 0.8596241852045283 0.015747816361302645 0.018462125301898766
1 0.21499521471688446 0.8351141223037317 0.02386032782015552 0.020372000333129733
1 0.49153641415248656 0.5725063055094818 0.02338312126375243 0.019735375322719458
1 0.4390436929481445 0.37005955219900555 0.025291947489364797 0.015915625260257523
1 0.5471309779734491 0.2914363634133332 0.020997088481736866 0.015279000249847241
1 0.3385917128252899 0.0732118761971848 0.018133849143318163 0.014005750229026656
