1 0.085 0.5125 0.023 0.0176667
1 0.0815 0.8938330000000001 0.0155 0.0256667
1 0.800875 0.35316700000000006 0.01625 0.0223333
1 0.9276250000000001 0.8234999999999999 0.01825 0.0223333
1 0.04787499999999999 0.374333 0.01575 0.03
1 0.83625 0.16716699999999998 0.019499999999999997 0.019
1 0.992625 0.635 0.014250000000000002 0.024666699999999996
1 0.5773749999999999 0.5798330000000002 0.02075 0.0223333
1 0.228875 0.125667 0.01375 0.0266667
1 0.5651249999999999 0.06066669999999999 0.01875 0.0166667
1 0.54275 0.787833 0.018499999999999996 0.019
1 0.515 0.33466699999999994 0.017 0.024
1 0.99375 0.3435 0.0125 0.029000000000000005
1 0.14275 0.16716699999999998 0.013499999999999998 0.0243333
1 0.932625 0.16216700000000003 0.02025 0.019
1 0.700875 0.4125 0.01975 0.0223333
1 0.15649999999999997 0.2675 0.013499999999999998 0.0263333
1 0.209125 0.0836667 0.02075 0.025333300000000003
1 0.83475 0.6011669999999999 0.016 0.0223333
1 0.9766249999999999 0.19550000000000003 0.024250000000000004 0.021666699999999997
1 0.17037500000000003 0.2445 0.01825 0.0236667
1 0.662 0.744833 0.021 0.018333300000000004
1 0.828625 0.892 0.01975 0.0233333
1 0.9166250000000002 0.777 0.024250000000000004 0.018666700000000005
1 0.9250000000000002 0.506167 0.018499999999999996 0.017
1 0.4903749999999999 0.5461817061984688 0.016250000000000007 0.02169741239693808
1 0.245875 0.6445000000000001 0.02075 0.015666699999999995
1 0.34325000000000006 0.353833 0.0165 0.0236667
1 0.876375 0.435333 0.01775 0.026000000000000002
1 0.07175 0.582833 0.0155 0.018333300000000004
1 0.83675 0.939 0.014500000000000002 0.021999999999999992
1 0.8844999999999998 0.09266670000000002 0.017 0.0306667
1 0.353125 0.4365 0.02125 0.021666699999999997
1 0.249875 0.129167 0.01725 0.0223333
1 0.535 0.9058329999999999 0.016 0.0243333
1 0.20075000000000004 0.252333 0.014000000000000002 0.0333333
1 0.8716876819698912 0.5781008625343531 0.01437536393978337 0.026801150045804367
1 0.48537499999999995 0.6466669999999999 0.01675 0.020666699999999996
1 0.40037500000000004 0.471333 0.02175 0.019333300000000005
1 0.836875 0.906833 0.01125 0.025
1 0.58625 0.5955 0.0155 0.0256667
1 0.069375 0.747167 0.02275 0.0176667
1 0.8955000000000001 0.48033300000000007 0.022 0.0173333
1 0.853625 0.888 0.024250000000000004 0.02
1 0.358375 0.919 0.015250000000000001 0.0233333
1 0.9166250000000002 0.866333 0.02075 0.018666700000000005
1 0.17974999999999997 0.2685 0.013499999999999998 0.0336667
1 0.542125 0.6686669999999999 0.01475 0.03
1 0.85 0.158833 0.019 0.0223333
1 0.78275 0.718833 0.017500000000000005 0.0203333
1 0.8348749999999999 0.757333 0.01775 0.0213333
1 0.7490000000000001 0.632667 0.018499999999999996 0.018000000000000002
1 0.9343749999999998 0.5938330000000002 0.01475 0.028333299999999995
1 0.276 0.629833 0.014000000000000002 0.029666699999999997
1 0.517 0.0668333 0.019499999999999997 0.0196667
1 0.7440000000000001 0.3688330000000001 0.021 0.021666699999999997
1 0.396625 0.6868330000000001 0.022250000000000002 0.021
1 0.681875 0.603167 0.01775 0.025
1 0.094 0.9178329999999998 0.017 0.0243333
1 0.9096249999999999 0.7531669999999999 0.01475 0.0276667
1 0.7923750000000002 0.899667 0.019250000000000003 0.0213333
1 0.796875 0.6161670000000001 0.02025 0.015666699999999995
1 0.7667500000000002 0.7785 0.017 0.0243333
1 0.192875 0.308 0.02175 0.018666700000000005
1 0.788125 0.925333 0.01625 0.0233333
1 0.15525000000000003 0.16150000000000003 0.0165 0.0243333
1 0.558375 0.561333 0.014250000000000002 0.028000000000000008
1 0.9703749999999998 0.159167 0.022250000000000002 0.015666699999999995
1 0.61625 0.953667 0.0125 0.0233333
1 0.5726250000000002 0.2929020125801593 0.01625 0.03313732516031875
1 0.23875 0.134333 0.016 0.0273333
1 0.526875 0.802667 0.01825 0.021999999999999992
1 0.613875 0.916833 0.01325 0.0263333
1 0.796125 0.3754999999999999 0.01675 0.027000000000000003
1 0.24925 0.629833 0.018499999999999996 0.021
1 0.085625 0.560667 0.02125 0.0166667
1 0.9428750000000001 0.7785 0.022250000000000002 0.0196667
1 0.68025 0.618833 0.0155 0.027000000000000003
1 0.43250000000000005 0.0291667 0.014000000000000002 0.031
1 0.206625 0.882 0.02025 0.019333300000000005
1 0.43512500000000004 0.670667 0.01825 0.018666700000000005
1 0.30525 0.5903329999999999 0.0215 0.018000000000000002
1 0.12287499999999998 0.144833 0.02275 0.017
1 0.115 0.0768333 0.0265 0.015
1 0.75975 0.352167 0.014500000000000002 0.023
1 0.09387499999999999 0.470833 0.01625 0.0223333
1 0.871625 0.8736669999999997 0.02025 0.024
1 0.5986249999999999 0.5948329999999998 0.02075 0.021666699999999997
1 0.325625 0.05050000000000001 0.01625 0.023
1 0.7646250000000001 0.855 0.01625 0.0273333
1 0.278125 0.05 0.02125 0.018000000000000002
1 0.84775 0.606667 0.019499999999999997 0.0213333
1 0.6162500000000001 0.7971670000000002 0.018 0.0256667
1 0.9436250000000002 0.22633300000000006 0.01825 0.0233333
1 0.5816249999999998 0.972167 0.024250000000000004 0.019
1 0.3208750000000001 0.2965 0.01875 0.028333299999999995
1 0.9084999999999998 0.5028329999999999 0.0225 0.017
1 0.055374999999999994 0.556833 0.01375 0.029000000000000005
1 0.1125 0.4595 0.014500000000000002 0.0243333
1 0.106375 0.1705 0.01825 0.0243333
1 0.806125 0.655 0.02075 0.018666700000000005
1 0.34287500000000004 0.8289999999999997 0.019250000000000003 0.0213333
1 0.792625 0.6721670000000001 0.014250000000000002 0.025
1 0.897125 0.10266700000000001 0.01725 0.0273333
1 0.48449999999999993 0.6611670000000001 0.017500000000000005 0.0223333
1 0.398875 0.6175 0.01675 0.029000000000000005
1 0.086375 0.612333 0.022250000000000002 0.018666700000000005
1 0.778125 0.338667 0.01475 0.0266667
1 0.66775 0.9205 0.021 0.021
1 0.9039999999999999 0.743 0.0165 0.024
1 0.23 0.662333 0.014500000000000002 0.03
1 0.793625 0.723833 0.01675 0.025
1 0.845625 0.7855 0.01475 0.025
1 0.454375 0.536667 0.02175 0.018666700000000005
1 0.11125 0.107167 0.019499999999999997 0.019
1 0.6585 0.959833 0.0165 0.0243333
1 0.32250000000000006 0.139833 0.0165 0.030333300000000004
1 0.55 0.0426667 0.014500000000000002 0.03
1 0.876875 0.471167 0.023250000000000003 0.018333300000000004
1 0.090875 0.533167 0.01775 0.0223333
1 0.913875 0.8875 0.01625 0.0256667
1 0.09574999999999999 0.130667 0.0215 0.024666699999999996
1 0.768125 0.728167 0.01475 0.0256667
1 0.549875 0.8913330000000002 0.02025 0.0173333
1 0.179125 0.20383300000000001 0.01875 0.0236667
1 0.804125 0.520833 0.01725 0.029000000000000005
1 0.7808750000000001 0.747667 0.01875 0.0286667
1 0.074 0.8379999999999999 0.018499999999999996 0.029333299999999996
1 0.495625 0.676667 0.01375 0.024666699999999996
1 0.766125 0.670333 0.02125 0.0173333
1 0.3772499999999999 0.912333 0.018499999999999996 0.021999999999999992
1 0.9365000000000001 0.52 0.019499999999999997 0.02
1 0.44824999999999987 0.06000000000000001 0.0225 0.0173333
1 0.6845 0.4545 0.0155 0.0243333
1 0.80525 0.7695000000000001 0.017500000000000005 0.0276667
1 0.534 0.429333 0.018 0.0286667
1 0.39324999999999993 0.20116700000000004 0.017500000000000005 0.019
1 0.6055000000000001 0.949 0.019 0.022666699999999998
1 0.231875 0.105833 0.01875 0.019
1 0.494 0.7716670000000001 0.0155 0.0213333
1 0.386375 0.8529999999999999 0.02075 0.019333300000000005
1 0.38087499999999996 0.08200000000000002 0.015250000000000001 0.028000000000000008
1 0.67175 0.956 0.0225 0.0213333
1 0.505 0.542333 0.017 0.0233333
1 0.70875 0.3691670000000001 0.0215 0.018333300000000004
1 0.820625 0.9161669999999998 0.01975 0.0203333
1 0.891125 0.7753330000000002 0.02275 0.019333300000000005
1 0.695875 0.7120000000000001 0.01875 0.026000000000000002
1 0.676625 0.40783299999999995 0.01875 0.021
1 0.143625 0.887 0.02025 0.0213333
1 0.199375 0.904333 0.02175 0.0213333
1 0.644875 0.7843329999999998 0.015250000000000001 0.0233333
1 0.963625 0.402667 0.01775 0.0233333
1 0.519875 0.534 0.01875 0.019333300000000005
1 0.836125 0.742667 0.01725 0.0233333
1 0.08537500000000002 0.640667 0.01375 0.0313333
1 0.5681250000000001 0.872167 0.014250000000000002 0.0263333
1 0.81625 0.7911669999999998 0.0165 0.029000000000000005
1 0.052749999999999984 0.8335000000000001 0.014500000000000002 0.0323333
1 0.5244999999999999 0.326333 0.016 0.0266667
1 0.836125 0.35416700000000007 0.015250000000000001 0.0276667
1 0.9605000000000001 0.6829999999999999 0.0165 0.021999999999999992
1 0.4515 0.683833 0.014500000000000002 0.025
1 0.40225 0.661 0.020500000000000004 0.018666700000000005
1 0.19925 0.048 0.017 0.0286667
1 0.421625 0.08066669999999998 0.014250000000000002 0.028000000000000008
1 0.5 0.322667 0.014500000000000002 0.0326667
1 0.5757499999999999 0.923833 0.015 0.0276667
1 0.11899999999999998 0.571333 0.02 0.020666699999999996
1 0.11925 0.18683299999999994 0.0155 0.029000000000000005
1 0.332375 0.2905 0.01675 0.0203333
1 0.85125 0.9335 0.02 0.0256667
1 0.8535 0.195333 0.022 0.016
1 0.04375000000000001 0.624833 0.0155 0.0316667
1 0.5021249999999999 0.9 0.01725 0.0286667
1 0.700875 0.896167 0.01775 0.027000000000000003
1 0.748125 0.3885 0.01275 0.0276667
1 0.7810000000000001 0.684167 0.017 0.030333300000000004
1 0.417375 0.838167 0.01675 0.0223333
1 0.17087499999999994 0.877 0.02175 0.018666700000000005
1 0.4347500000000001 0.0503333 0.019 0.024
1 0.521875 0.895833 0.01725 0.0236667
1 0.5669999999999998 0.18816699999999997 0.017500000000000005 0.0316667
1 0.18925 0.816 0.0225 0.0173333
1 0.660375 0.897333 0.02275 0.020666699999999996
1 0.076 0.2551669999999999 0.0235 0.021666699999999997
1 0.925625 0.532 0.02025 0.019333300000000005
1 0.611875 0.576667 0.019250000000000003 0.0233333
1 0.288875 0.532333 0.015250000000000001 0.0306667
1 0.501625 0.6451669999999998 0.015250000000000001 0.0263333
1 0.682375 0.38366699999999987 0.02125 0.018000000000000002
1 0.21925 0.333833 0.0225 0.019
1 0.9372500000000001 0.5643329999999999 0.0155 0.03
1 0.38012499999999994 0.9286670000000002 0.02375 0.02
1 0.951875 0.198833 0.01375 0.029000000000000005
1 0.5572500000000001 0.29316700000000007 0.02 0.018333300000000004
1 0.581625 0.314 0.01475 0.0313333
1 0.07487499999999998 0.23216700000000007 0.02175 0.021
1 0.6605 0.598833 0.016 0.0316667
1 0.44325 0.637833 0.0215 0.021
1 0.95075 0.850167 0.021 0.023
1 0.4645 0.7679999999999998 0.015 0.029333299999999996
1 0.44262499999999994 0.5144999999999998 0.01625 0.025
1 0.7758749999999999 0.6405 0.022250000000000002 0.0196667
1 0.548125 0.925167 0.015250000000000001 0.029666699999999997
1 0.853625 0.904833 0.02025 0.018333300000000004
1 0.5216249999999999 0.678333 0.01875 0.024666699999999996
1 0.26012500000000005 0.779 0.01825 0.0233333
1 0.408 0.8916669999999999 0.0155 0.0273333
1 0.927625 0.4275 0.01375 0.0316667
1 0.37200000000000005 0.6215 0.0165 0.028333299999999995
1 0.856875 0.7325 0.02075 0.0163333
1 0.0605 0.940167 0.015 0.0323333
1 0.42675 0.693 0.019 0.022666699999999998
1 0.010125 0.4975 0.02025 0.021
1 0.31012500000000004 0.34566700000000006 0.01675 0.021999999999999992
1 0.45975 0.512667 0.018499999999999996 0.024
1 0.08287499999999998 0.167667 0.015250000000000001 0.0286667
1 0.5345 0.563 0.0225 0.02
1 0.68525 0.3663330000000001 0.019 0.020666699999999996
1 0.41725 0.6380000000000001 0.016 0.0286667
1 0.07075 0.7785 0.020500000000000004 0.0243333
1 0.6895 0.922667 0.019499999999999997 0.020666699999999996
1 0.63175 0.939833 0.019499999999999997 0.027000000000000003
1 0.19699999999999998 0.09016670000000002 0.022 0.021666699999999997
1 0.90675 0.605333 0.020500000000000004 0.020666699999999996
1 0.699125 0.6029999999999999 0.01875 0.021999999999999992
1 0.811 0.595333 0.018499999999999996 0.0233333
1 0.4670000000000001 0.0798333 0.022 0.021
1 0.4709999999999999 0.6795000000000002 0.0225 0.0203333
1 0.19238582321391373 0.06897831987795629 0.020472161269693402 0.024510062900796648
1 0.2165324749679111 0.10574341422915126 0.017322597997432868 0.02521035041224797
1 0.1695514894900249 0.17857331542008986 0.01364810751312894 0.02801150045805329
1 0.1509165734624835 0.18452575926742615 0.018372452421519712 0.021708912854991325
1 0.1561658455829177 0.1971309344735502 0.017322597997432892 0.021708912854991325
1 0.16928902588400324 0.21883984732854153 0.021522015693780264 0.01610661276338068
1 0.1887113327296098 0.23424617258047087 0.014173034725172362 0.024510062900796655
1 0.19159843239584862 0.26961069190876313 0.011548398664955252 0.028011500458053326
1 0.13779339316139796 0.19467992818347057 0.019422306845606578 0.015406325251929318
1 0.0401569317213217 0.38515813129823306 0.021522015693780254 0.022409200366442682
1 0.0677156103536013 0.568983603054208 0.017847525209476314 0.017507187786283348
1 0.2322802913292138 0.8574914914196538 0.014173034725172338 0.03431408806111536
1 0.5621970440985037 0.7923647528546798 0.018897379633563086 0.018907762809186022
1 0.43122770469367017 0.652657394320139 0.023621724541953926 0.015406325251929223
1 0.4047188804854775 0.6235954625949086 0.019947234057649973 0.02310948787789402
1 0.44461334860077734 0.536059523663492 0.01994723405765002 0.017507187786283348
1 0.49526882456296756 0.5588188677856604 0.01837245242151966 0.015406325251929285
1 0.5708583430972201 0.5626704490986426 0.015222889149259228 0.018907762809185956
1 0.584506450610349 0.27765343193795017 0.02467157896604082 0.014706037740478012
1 0.8661435609289273 0.09313823902302726 0.019947234057650753 0.019608050320637324
1 0.8847784769564692 0.12114973948108058 0.01732259799743282 0.022409200366442658
1 0.8627315340506455 0.11099557056503624 0.01942230684560651 0.024510062900796655
1 0.7837299886381106 0.3687013747791268 0.023096797329910455 0.028711787969504625
1 0.6994791711051416 0.4254246632066848 0.020472161269693444 0.01610661276338068
1 0.9139119372248788 0.4863496767029506 0.017847525209476335 0.023109487877893957
1 0.8438341544170822 0.5525268465351015 0.020472161269693444 0.01260517520612395
1 0.878479350411948 0.5696838905656592 0.01837245242151985 0.024510062900796624
1 0.7510683313168546 0.7533292559910808 0.021794535245714584 0.01829460037220225
1 0.7427423290881547 0.7698270652552989 0.013958297853997008 0.02907534702010715
1 0.926510190313921 0.8545311851212459 0.01622502291770593 0.027374875447642954
1 0.9427352132316267 0.8615340602357591 0.01717943603051193 0.019735375322719333
1 0.9172046624640603 0.8290661847048338 0.015747816361302645 0.01718887528107821
1 0.8651891478161214 0.8936836232614794 0.02147429503813996 0.015279000249847241
