0 0.629125 0.212667 0.022250000000000002 0.018000000000000002
0 0.794 0.544833 0.025 0.018333300000000004
1 0.03525 0.792333 0.0225 0.0173333
0 0.8086249999999999 0.980833 0.01625 0.031
0 0.791 0.477 0.012 0.0326667
0 0.79375 0.469333 0.017500000000000005 0.020666699999999996
0 0.9921249999999999 0.5724999999999999 0.01575 0.0196667
0 0.05550000000000001 0.963167 0.023 0.019
0 0.81125 0.480167 0.014000000000000002 0.0276667
0 0.877375 0.0883333 0.01975 0.0166667
0 0.9739433803307908 0.5474999999999994 0.014386760661580811 0.024999999999999994
0 0.9035 0.14133299999999996 0.017500000000000005 0.021999999999999992
0 0.008625 0.38300000000000006 0.01475 0.0333333
0 0.045249999999999985 0.428 0.014500000000000002 0.026000000000000002
0 0.174875 0.429667 0.01775 0.024
0 0.7808750000000001 0.0466667 0.01375 0.0266667
2 0.47625000000000006 0.32000000000000006 0.012 0.022666699999999998
0 0.97175 0.1205 0.014000000000000002 0.031
0 0.6332496360602177 0.48149999999999943 0.024499272120433454 0.0223333
0 0.4697499999999995 0.916271812463563 0.012999999999999998 0.03630907523943781
0 0.590875 0.3235 0.01975 0.019
0 0.622 0.122333 0.018499999999999996 0.019333300000000005
0 0.4789999999999999 0.0826667 0.022 0.0153333
0 0.649 0.821667 0.0225 0.018666700000000005
0 0.6971250000000001 0.820167 0.01625 0.0276667
0 0.27175 0.627833 0.023 0.019
2 0.8412500000000002 0.18100143755725676 0.014999999999999998 0.02733617511451316
0 0.029636032782015556 0.734167 0.0155 0.028333299999999995
0 0.50125 0.750833 0.015 0.0263333
0 0.66 0.862333 0.017500000000000005 0.024
0 0.7555 0.7688330000000001 0.014500000000000002 0.017
0 0.95825 0.073 0.019499999999999997 0.016
0 0.783625 0.701 0.01375 0.0266667
0 0.067625 0.9513329999999999 0.01825 0.022666699999999998
0 0.43375 0.342667 0.0225 0.0166667
0 0.45899999999999996 0.057166699999999994 0.023 0.019
0 0.0345 0.4215 0.014000000000000002 0.028333299999999995
0 0.7765 0.5455 0.0235 0.0196667
0 0.7567499999999999 0.7388329999999997 0.0225 0.0163333
2 0.603625 0.039 0.02125 0.018000000000000002
0 0.48112500000000014 0.912667 0.015250000000000001 0.032
0 0.008375 0.616333 0.01675 0.020666699999999996
0 0.22237499999999996 0.607333 0.01675 0.028000000000000008
0 0.47624999999999995 0.0433333 0.024 0.018666700000000005
0 0.418 0.9628330000000002 0.023 0.018333300000000004
1 0.530125 0.1545 0.01575 0.0243333
0 0.28875 0.423 0.014500000000000002 0.029333299999999996
0 0.8320000000000001 0.549 0.016 0.028000000000000008
0 0.442375 0.258 0.01725 0.0286667
0 0.7291250000000001 0.0138333 0.02125 0.0203333
0 0.35025 0.709667 0.022 0.0233333
0 0.787 0.065 0.012 0.0273333
0 0.508875 0.740167 0.015250000000000001 0.0263333
0 0.801125 0.49700000000000005 0.01575 0.026000000000000002
0 0.1225 0.931833 0.017500000000000005 0.029000000000000005
0 0.79925 0.39050000000000007 0.015 0.030333300000000004
0 0.03593161966920934 0.936667 0.023363239338418662 0.021999999999999985
0 0.7702500000000001 0.576833 0.013499999999999998 0.029000000000000005
0 0.778125 0.5645 0.01625 0.025
0 0.25175 0.0981667 0.018 0.0263333
0 0.806125 0.5325 0.01975 0.0236667
0 0.54175 0.912833 0.0125 0.028333299999999995
0 0.92625 0.848833 0.0225 0.017
0 0.981125 0.680167 0.02175 0.0203333
0 0.79975 0.039 0.023 0.018000000000000002
0 0.13725 0.21583300000000002 0.0215 0.0203333
0 0.4541250000000001 0.464833 0.02275 0.017
0 0.912625 0.233667 0.01275 0.0286667
0 0.38325 0.129333 0.016 0.0266667
0 0.223875 0.4765 0.01325 0.029666699999999997
0 0.175375 0.45899999999999996 0.01725 0.029333299999999996
0 0.79 0.08383330000000001 0.019499999999999997 0.021
0 0.5951250000000001 0.0875 0.01575 0.029666699999999997
0 0.6573750000000002 0.746667 0.014250000000000002 0.028000000000000008
0 0.741625 0.7183329999999999 0.01575 0.024
0 0.773 0.0366667 0.020500000000000004 0.019333300000000005
0 0.118875 0.132833 0.01675 0.0276667
0 0.51225 0.0641667 0.0165 0.021666699999999997
0 0.754125 0.31583300000000003 0.01575 0.03300000000000001
0 0.517875 0.046 0.02625 0.018000000000000002
0 0.7461249999999999 0.7491670000000002 0.019250000000000003 0.0196667
0 0.787125 0.483 0.01475 0.029333299999999996
0 0.5435000000000001 0.353333 0.014000000000000002 0.03
0 0.831375 0.596 0.02175 0.019333300000000005
0 0.28275 0.32366700000000004 0.018 0.024666699999999996
0 0.6807500000000001 0.09700000000000003 0.013499999999999998 0.0306667
0 0.208125 0.549667 0.01775 0.025333300000000003
0 0.214375 0.9406669999999999 0.01675 0.025333300000000003
0 0.1875 0.12283300000000001 0.019499999999999997 0.0236667
0 0.747125 0.680167 0.02175 0.017
0 0.24487500000000004 0.035 0.01575 0.0326667
0 0.750125 0.4765 0.022250000000000002 0.0176667
0 0.990125 0.174 0.01975 0.021999999999999992
0 0.601125 0.675 0.02175 0.0213333
0 0.87925 0.8956669999999999 0.0245 0.019333300000000005
0 0.118 0.48899999999999993 0.017 0.024
0 0.9339999999999999 0.5445 0.0235 0.0196667
0 0.11925 0.15433299999999997 0.0245 0.022666699999999998
1 0.5138750000000001 0.7154999999999998 0.01625 0.0243333
0 0.460125 0.771333 0.01775 0.028000000000000008
0 0.446 0.330333 0.0165 0.032
0 0.608875 0.738833 0.014250000000000002 0.0316667
0 0.663375 0.469333 0.01975 0.019333300000000005
0 0.763125 0.0946667 0.01775 0.024
0 0.6705 0.1235 0.014000000000000002 0.03300000000000001
0 0.4739999999999999 0.868833 0.019499999999999997 0.023
0 0.621875 0.0771667 0.01675 0.028333299999999995
0 0.689375 0.117167 0.014250000000000002 0.0263333
1 0.49375 0.542667 0.019 0.025333300000000003
0 0.58475 0.351333 0.0215 0.022666699999999998
0 0.5762500000000002 0.3055 0.018499999999999996 0.0276667
0 0.364625 0.332833 0.01725 0.021
0 0.40825 0.32599999999999996 0.013000000000000001 0.036000000000000004
0 0.382875 0.885 0.02025 0.018666700000000005
2 0.609 0.5 0.017 0.0286667
0 0.5977499999999999 0.7605 0.024 0.0176667
1 0.0405 0.816167 0.016 0.0316667
0 0.546375 0.3251670000000001 0.01875 0.0256667
0 0.575125 0.3275 0.01725 0.0256667
0 0.8535 0.303 0.014000000000000002 0.0306667
0 0.5191249999999998 0.42066700000000007 0.01775 0.0266667
0 0.652875 0.454167 0.01375 0.0316667
0 0.22400000000000003 0.35850000000000004 0.015 0.03300000000000001
0 0.593125 0.452 0.02125 0.020666699999999996
0 0.8685 0.214833 0.020500000000000004 0.0243333
0 0.55375 0.18333300000000002 0.0215 0.02
0 0.2695 0.09183330000000002 0.0245 0.021
0 0.5716250000000002 0.277167 0.02175 0.0223333
0 0.322875 0.104333 0.01825 0.025333300000000003
0 0.23674999999999996 0.08066670000000001 0.013499999999999998 0.0313333
0 0.402625 0.8761670000000003 0.015250000000000001 0.025
0 0.43075 0.217167 0.021 0.025
0 0.045249999999999985 0.133333 0.024 0.020666699999999996
0 0.659 0.426 0.0215 0.02
0 0.22375 0.0975 0.017 0.0276667
0 0.8025 0.368 0.020500000000000004 0.021999999999999992
0 0.192 0.1505 0.016 0.03300000000000001
0 0.632625 0.45049999999999996 0.01875 0.0236667
0 0.801 0.0611667 0.019499999999999997 0.0203333
0 0.5395 0.8740000000000001 0.02 0.0273333
0 0.5493749999999998 0.7396670000000001 0.01625 0.0266667
0 0.59325 0.413 0.015 0.03
0 0.028875 0.0803333 0.02275 0.02
0 0.756875 0.768333 0.01625 0.0333333
0 0.38762500000000005 0.336667 0.01725 0.026000000000000002
0 0.32049999999999995 0.381 0.02 0.0233333
0 0.5801250000000001 0.0335 0.014250000000000002 0.0336667
0 0.633375 0.667 0.01725 0.025333300000000003
1 0.387375 0.268667 0.024250000000000004 0.020666699999999996
0 0.6501249999999998 0.490333 0.02625 0.0166667
0 0.49900000000000005 0.6886670000000003 0.023 0.020666699999999996
0 0.785375 0.7985 0.01475 0.031
0 0.459125 0.584667 0.022250000000000002 0.020666699999999996
0 0.209 0.501667 0.014000000000000002 0.034666699999999995
0 0.10375 0.12300000000000001 0.017500000000000005 0.026000000000000002
0 0.81625 0.555833 0.02 0.0236667
0 0.8075 0.460333 0.019 0.019333300000000005
2 0.678125 0.413667 0.02125 0.018666700000000005
0 0.128375 0.438167 0.02175 0.0203333
1 0.490625 0.723 0.022250000000000002 0.0173333
0 0.5798750000000001 0.8315 0.01975 0.0236667
0 0.922625 0.785667 0.02075 0.021999999999999992
0 0.5120000000000001 0.647 0.014500000000000002 0.032
0 0.638625 0.7186670000000001 0.02125 0.025333300000000003
0 0.36199999999999993 0.115333 0.017 0.0273333
0 0.725375 0.074 0.01625 0.028000000000000008
0 0.083 0.0856667 0.024 0.0213333
0 0.395875 0.567333 0.01575 0.034666699999999995
0 0.197375 0.587667 0.01475 0.0333333
1 0.598875 0.13600000000000004 0.02175 0.018000000000000002
0 0.111625 0.454833 0.015250000000000001 0.0343333
0 0.5386250000000001 0.18433299999999997 0.01475 0.024
0 0.411125 0.10400000000000002 0.02175 0.0233333
0 0.46225 0.0351667 0.0215 0.021
0 0.032 0.8485 0.0155 0.0316667
0 0.69 0.35050000000000003 0.021 0.0196667
0 0.809 0.519833 0.019 0.0196667
0 0.490625 0.7515 0.015250000000000001 0.0316667
0 0.12287499999999998 0.242167 0.022250000000000002 0.0196667
0 0.84325 0.349333 0.021 0.020666699999999996
0 0.350875 0.0306667 0.019250000000000003 0.0266667
0 0.427125 0.592167 0.022250000000000002 0.021666699999999997
0 0.24910182244242335 0.07833670753098773 0.016225022917705702 0.025465000416412097
2 0.41636272046171335 0.0812015200778341 0.012884577022883995 0.017188875281078177
0 0.4919999596516063 0.06560420732278169 0.015270609804899552 0.022918500374770893
2 0.4982036448848466 0.04746039452608807 0.015270609804899552 0.01718887528107817
0 0.45668667447777606 0.24736064779492306 0.020042675368930684 0.013369125218616367
2 0.684075598603858 0.23555125385181197 0.015747816361302645 0.01782550029148846
2 0.6893248707242923 0.08976412646785265 0.012884577022883995 0.02928475047887392
0 0.7988437754188058 0.0751217512284157 0.021951501594543055 0.016552250270667864
1 0.9847293901951006 0.5455876339216293 0.018133849143318306 0.021645250353950242
1 0.612985482757078 0.35078038073607665 0.019088262256124398 0.022918500374770924
2 0.6074976073584423 0.3294534428873315 0.019565468812527492 0.02610162542682239
1 0.5896023614933257 0.3405943805695118 0.020997088481736773 0.01145925018738543
0 0.45359849291843934 0.44181775722475 0.018133849143318212 0.014005750229026616
0 0.4471562044069973 0.45264038240172505 0.02433753437655852 0.015279000249847241
1 0.24456836015659383 0.9208780775585026 0.019565468812527492 0.0299213754892842
0 0.23383121263752382 0.9167400149908357 0.013361783579287093 0.0165522502706678
2 0.4378370154998532 0.9073710609853007 0.010975750797271528 0.015915625260257523
0 0.4571638810341792 0.7526711834555974 0.01813384914331812 0.015915625260257523
0 0.678110516648819 0.7517162459399818 0.019088262256124398 0.015279000249847241
