2 0.944625 0.7315 0.014250000000000002 0.030333300000000004
2 0.48492449048430386 0.2113330000000001 0.02934898096860794 0.021333300000000003
2 0.821875 0.8656669999999999 0.022250000000000002 0.0166667
2 0.7550623180301088 0.8920171437557258 0.02527419933247712 0.03190488769467329
2 0.564125 0.75 0.015250000000000001 0.024666699999999996
2 0.7030003639397829 0.9459814186870176 0.021499272120434555 0.0340364626259648
2 0.9230000000000002 0.588333 0.02 0.019333300000000005
2 0.53375 0.923167 0.0165 0.0356667
2 0.4560003639397834 0.3790304123969383 0.022148835392695753 0.05574250036644315
2 0.8689999999999999 0.30716699999999997 0.019499999999999997 0.0176667
2 0.33524999999999977 0.7634481311755653 0.016000000000000004 0.04764163783208674
2 0.7018376091819353 0.22619884995419465 0.01987463606021664 0.04200575022902678
2 0.21015875142023618 0.3304842938015324 0.07701692053681967 0.028969287603061646
2 0.5011623908180652 0.7803329999999999 0.029173762604737953 0.026269000091610664
2 0.6914490537565644 0.5042089128549909 0.03139810751312942 0.06575112570998322
2 0.8013625363939787 0.22300000000000011 0.02962390818065095 0.017333299999999996
2 0.5242870268782822 0.21061944384733636 0.028074053756564337 0.03590488769467252
2 0.7323878275458044 0.26790057502290265 0.03227419933247775 0.02586842506870782
2 0.5891249999999999 0.761167 0.025250000000000005 0.0163333
2 0.6055124636060216 0.615767862534354 0.01302492721204342 0.032868425068707845
2 0.573 0.7795000000000001 0.015 0.029000000000000005
2 0.7185516741230016 0.896332999999999 0.04889665175399758 0.016666699999999975
2 0.524375 0.9405 0.01375 0.0323333
2 0.860625 0.227667 0.01975 0.0233333
2 0.4725 0.479167 0.012 0.0316667
2 0.739375 0.960333 0.01975 0.0213333
2 0.45775 0.3171669999999999 0.019 0.023
2 0.8320000000000001 0.210333 0.018 0.025333300000000003
2 0.5149633370615008 0.23471599370992027 0.03767303472517245 0.033571587694672694
2 0.105875 0.270833 0.015250000000000001 0.030333300000000004
2 0.07296488247403551 0.1345930585532948 0.020997088481736828 0.04271753819853132
2 0.2212568198763019 0.1731088716831181 0.0278211422383013 0.027311212946601993
2 0.2931718479262506 0.1741593029502951 0.023621724541953926 0.044818400732885316
2 0.39579511788073934 0.20462180969842808 0.015747816361302645 0.03711523810692067
2 0.37742266545921965 0.20707281598850777 0.040944322539386846 0.05322185087030132
2 0.13490629349515923 0.2721995545534817 0.030445778298518415 0.022409200366442682
2 0.1860866966693927 0.30056119876726073 0.0351701232069092 0.02170891285499129
2 0.254589697841059 0.26344596066034015 0.03569505041895267 0.04411811322143398
2 0.4590488469319716 0.049157982156232176 0.028870996662388192 0.02591063792369932
2 0.46692275511262293 0.23263331015648142 0.03097070551056188 0.023109487877893957
2 0.7320109971945505 0.1356434898204718 0.036219977630996006 0.022409200366442658
2 0.7296488247403552 0.21827741617172908 0.020997088481736773 0.040616675664177315
2 0.5488114001913967 0.34047758691998664 0.020472161269693444 0.03571466308401802
2 0.5708583430972203 0.3341749993169247 0.02677128781421441 0.0385158131298233
2 0.6582587239024498 0.2651966794389684 0.03884461369121311 0.019608050320637352
2 0.6705945133854702 0.34327873696579203 0.027821142238301254 0.1393572147788153
2 0.6448730799953427 0.3467801745230487 0.06036662938499338 0.021708912854991345
2 0.7566825761605912 0.374791674981102 0.023621724541953975 0.04271753819853131
2 0.7485462043739183 0.3912484315002084 0.05669213890068945 0.030812650503858636
2 0.8189001118450199 0.10623141433951579 0.034645195994865735 0.028011500458053326
2 0.9125996191947704 0.23473417269083544 0.053017648416385496 0.02731121294660196
2 0.8855658677745343 0.30686378637032274 0.01889737963356318 0.04131696317562869
2 0.8401596639327785 0.3331245680497477 0.04776837629595136 0.021008625343540012
2 0.9309720716162905 0.3432787369657921 0.025721433390127568 0.04691926326723931
2 0.9144368644369224 0.34467931198869467 0.01259825308904212 0.04271753819853131
2 0.8769045687758178 0.36428736230933195 0.02362172454195407 0.04972041331304458
2 0.9073503470743363 0.3986014503704473 0.034120268782822503 0.023109487877893957
2 0.8538077714459074 0.37759282502690733 0.05406750284047254 0.030112362992407302
2 0.8328106829641705 0.4553247387980053 0.025721433390127568 0.037115238106920564
2 0.9023635385599238 0.5253534899431386 0.01889737963356318 0.04691926326723931
2 0.7708692719430469 0.525003346187413 0.030970705510561785 0.06862817612223067
2 0.7622079729443304 0.5656200218515902 0.013648107513128959 0.033613800549663966
2 0.7446229113408758 0.5757741907676346 0.030970705510561785 0.0343140880611153
2 0.6876683088341646 0.5673707406302185 0.03884461369121311 0.024510062900796624
2 0.5876696749398929 0.528154639988944 0.0194223068456066 0.04271753819853131
2 0.9666671220352427 0.5715724656989265 0.02992085108647494 0.02731121294660196
2 0.7853047702742408 0.45812588884381056 0.036744904843039425 0.06512673856497393
2 0.7577460916419614 0.5165998960499968 0.015222889149259131 0.054622425893203985
2 0.4548630902929074 0.434666257210191 0.02992085108647494 0.021008625343539956
2 0.4585375807772113 0.5257036336988643 0.027821142238301254 0.05182127584739859
2 0.4013205146644785 0.5379586651492627 0.042519104175517054 0.028711787969504625
2 0.4517135270206468 0.5614182967828822 0.02992085108647494 0.035014375572566696
2 0.23701829729488771 0.5099471646912093 0.03412026878282236 0.055322713404655256
2 0.29817231749794626 0.5701718906760239 0.020997088481736866 0.03571466308401802
2 0.23754322450693113 0.397901162858996 0.06771561035360128 0.11554743938946992
2 0.14435498331194074 0.39369943779028804 0.025196506178084218 0.04411811322143391
2 0.16482714458163417 0.4203103632254387 0.030445778298518415 0.06372616354207132
2 0.16535207179367759 0.5064457271339527 0.023096797329910504 0.03991638815272597
2 0.14383005609989735 0.5246532024316872 0.028346069450344746 0.049720413313044706
2 0.09002501686544669 0.5621185842943336 0.017322597997432892 0.051821275847398714
2 0.06640329232349275 0.5614182967828824 0.03097070551056183 0.036414950595469356
2 0.2154826205438243 0.6013346849356082 0.03097070551056183 0.029412075480956024
2 0.28083605844323023 0.6104384225844754 0.033595341570778946 0.018207475297734678
2 0.10656022404481445 0.6668115672563079 0.024146651753997363 0.03151293801531003
2 0.3157437180441177 0.6359989167524491 0.04251910417551711 0.03291351303821257
2 0.33516602488972425 0.6776660236838035 0.01627274357334607 0.046218975755787914
2 0.4225664056949538 0.7592495187678838 0.06614082871747104 0.018907762809186022
2 0.13254412104096377 0.7998661944320611 0.026771287814214454 0.04972041331304458
2 0.4852952075341426 0.6046876997857226 0.02467157896604082 0.05112098833594738
2 0.5495987910094616 0.6663130007934397 0.04514374023573426 0.027311212946602024
2 0.5971047036993913 0.7429944832973608 0.033070414358735464 0.022409200366442682
2 0.5498612546154835 0.7601515273279184 0.0362199776309961 0.0315129380153099
2 0.48582013474618607 0.8897047169464151 0.020472161269693444 0.03571466308401802
2 0.5432996644649406 0.9257695237861587 0.016797670785389494 0.033613800549663904
2 0.6908042110491419 0.8424353099234501 0.023096797329910556 0.06302587603062006
2 0.7606195302509171 0.7941154716333082 0.02204694290582371 0.042017250687080024
2 0.7398849053752019 0.8581917789311051 0.024671578966040726 0.058123863450460715
2 0.8333219491189309 0.8130232344424941 0.020472161269693537 0.04061667566417723
2 0.8089128337589117 0.8816514105647247 0.039894468115299946 0.018207475297734678
2 0.6742690038697742 0.9334726864121233 0.030970705510561785 0.018207475297734678
2 0.8845023522931643 0.7307394518469625 0.027296215026257918 0.02451006290079656
2 0.9396333706150066 0.7272380142897057 0.027296215026257918 0.06372616354207127
2 0.9246729450717693 0.7076299639690685 0.014173034725172482 0.041316963175628565
2 0.7719191263671336 0.8876038544120611 0.01732259799743301 0.06512673856497393
2 0.9422580066752237 0.6267467563964395 0.015747816361302833 0.023809775389345228
2 0.9031509293779889 0.646354806717077 0.011023471452911762 0.035014375572566696
