0 0.566625 0.0671667 0.02125 0.0203333
0 0.545375 0.0453333 0.023250000000000003 0.0166667
0 0.7611250000000002 0.805333 0.01775 0.016
3 0.3135 0.7429999999999999 0.017500000000000005 0.019333300000000005
0 0.369 0.8165000000000002 0.025 0.0196667
0 0.12500000000000003 0.20816699999999996 0.015 0.0223333
0 0.172875 0.502 0.01675 0.0173333
0 0.4165257362132761 0.04495607500473194 0.014448527573447384 0.031985449858041366
0 0.918125 0.7506669999999999 0.023250000000000003 0.0166667
0 0.35275 0.8169999999999998 0.018499999999999996 0.020666699999999996
0 0.49675 0.32833299999999993 0.022 0.0173333
0 0.58875 0.242667 0.019 0.0166667
0 0.303625 0.547667 0.01875 0.0233333
0 0.9692499999999998 0.429333 0.018 0.024666699999999996
0 0.281875 0.816833 0.02475 0.0203333
0 0.7985 0.6991669999999999 0.017500000000000005 0.0243333
3 0.5831250000000001 0.898667 0.01675 0.02
0 0.7435 0.8853329999999999 0.0165 0.026000000000000002
0 0.616 0.222 0.020500000000000004 0.019333300000000005
0 0.1355 0.324 0.016 0.0313333
0 0.6131249999999999 0.348833 0.02075 0.018333300000000004
0 0.09425 0.17416699999999996 0.019499999999999997 0.021
0 0.681 0.195 0.0215 0.016
0 0.5576250000000001 0.7191670000000001 0.01675 0.028333299999999995
0 0.75275 0.912333 0.017500000000000005 0.021999999999999992
0 0.877375 0.12649999999999997 0.01775 0.0243333
0 0.701874999999999 0.7704307499716075 0.02075 0.021527499943218117
0 0.5341249999999998 0.059166699999999996 0.01325 0.0263333
0 0.2415 0.0371667 0.017 0.031
0 0.26525 0.938333 0.016 0.0286667
0 0.5494999999999999 0.6964999999999999 0.017500000000000005 0.03300000000000001
0 0.554875 0.554667 0.02025 0.019333300000000005
0 0.283375 0.317333 0.02375 0.016
0 0.67275 0.401 0.022 0.02
0 0.8011654396445382 0.2050692500283917 0.01683087928907677 0.023194199943216462
0 0.868125 0.2375 0.02175 0.0163333
0 0.6487499999999998 0.16633300000000006 0.0245 0.0173333
0 0.83725 0.6871670000000001 0.013499999999999998 0.0263333
0 0.7326250000000001 0.797 0.02175 0.018666700000000005
0 0.273625 0.2775 0.022250000000000002 0.023
0 0.409875 0.247833 0.024250000000000004 0.0163333
0 0.5741250000000001 0.4545 0.01725 0.0256667
0 0.7908750000000001 0.589333 0.02025 0.0166667
1 0.77275 0.0683333 0.0165 0.028000000000000008
0 0.352625 0.9585000000000001 0.01325 0.030333300000000004
0 0.6451249999999998 0.351167 0.01875 0.021
0 0.410375 0.8454999999999999 0.014250000000000002 0.0316667
0 0.9303492637867231 0.6295882499905361 0.020698527573446056 0.027945000113566945
0 0.296875 0.698833 0.024250000000000004 0.0196667
1 0.353 0.590667 0.021 0.018000000000000002
0 0.937375 0.2665 0.014250000000000002 0.0256667
0 0.1975 0.6676670000000001 0.0225 0.018666700000000005
0 0.29437500000000005 0.7325 0.015250000000000001 0.031
0 0.7916250000000001 0.690167 0.01575 0.0323333
1 0.810625 0.38299999999999995 0.02075 0.018000000000000002
3 0.805 0.900833 0.0165 0.0196667
0 0.2785 0.504833 0.019 0.0263333
0 0.9678749999999999 0.9863330000000002 0.019250000000000003 0.0273333
0 0.6281250000000002 0.24433300000000002 0.01975 0.0233333
0 0.4973750000000001 0.153167 0.014250000000000002 0.0276667
0 0.6277500000000001 0.48083299999999995 0.0155 0.029666699999999997
0 0.745125 0.828833 0.01825 0.021666699999999997
0 0.505625 0.1585 0.01625 0.029000000000000005
0 0.29737500000000006 0.5835 0.02375 0.0176667
0 0.35 0.631 0.0155 0.029333299999999996
0 0.069375 0.20183300000000004 0.014250000000000002 0.0323333
0 0.409375 0.658167 0.01825 0.027000000000000003
0 0.7923750000000002 0.8590000000000001 0.01775 0.0213333
0 0.272625 0.8213329999999999 0.01375 0.0286667
0 0.6423749999999998 0.9034999999999997 0.01325 0.030333300000000004
0 0.181625 0.6865000000000001 0.01625 0.027000000000000003
0 0.800625 0.5775000000000001 0.01575 0.029000000000000005
0 0.903875 0.376333 0.01975 0.0233333
0 0.52575 0.3035 0.0155 0.027000000000000003
0 0.3147499999999999 0.714667 0.017500000000000005 0.025333300000000003
0 0.3115 0.5145000000000001 0.017 0.0263333
0 0.765 0.5758330000000002 0.021 0.021
1 0.199 0.615333 0.021 0.018666700000000005
0 0.613125 0.147 0.01725 0.02
0 0.231875 0.9079999999999999 0.02375 0.024666699999999996
0 0.894 0.171667 0.016 0.024666699999999996
0 0.7872499999999999 0.0761667 0.0155 0.030333300000000004
0 0.8848749999999999 0.7729999999999998 0.02175 0.019333300000000005
0 0.740875 0.869167 0.01625 0.021666699999999997
0 0.3208750000000001 0.978667 0.02125 0.016
0 0.018375 0.646833 0.022250000000000002 0.018333300000000004
0 0.2866250000000001 0.547667 0.01775 0.026000000000000002
0 0.040625 0.7625 0.02075 0.0203333
0 0.293125 0.2825 0.02275 0.019
0 0.4495000000000001 0.0665 0.014500000000000002 0.0336667
0 0.6113750000000001 0.668833 0.01325 0.03300000000000001
1 0.094 0.267667 0.014500000000000002 0.0273333
0 0.90225 0.0925 0.019 0.0263333
0 0.0875 0.312667 0.022 0.022666699999999998
0 0.589 0.619167 0.0225 0.021
0 0.9542500000000003 0.534833 0.019499999999999997 0.0176667
0 0.92375 0.2685 0.014500000000000002 0.029666699999999997
0 0.660625 0.156 0.01575 0.022666699999999998
0 0.680625 0.828167 0.01475 0.0323333
0 0.9541249999999999 0.23150000000000007 0.01825 0.025
0 0.90575 0.271667 0.014000000000000002 0.029333299999999996
0 0.706625 0.257667 0.01475 0.03
0 0.57875 0.0781667 0.0215 0.0176667
0 0.75825 0.88 0.016 0.0233333
0 0.46162499999999995 0.059 0.01625 0.026000000000000002
1 0.5451250000000001 0.26283299999999993 0.015250000000000001 0.029000000000000005
0 0.8485 0.376 0.016 0.0286667
0 0.6046250000000001 0.9238330000000002 0.022250000000000002 0.021
0 0.937 0.151167 0.014000000000000002 0.029666699999999997
0 0.610875 0.253167 0.01725 0.0243333
0 0.323875 0.7956669999999998 0.019250000000000003 0.0266667
0 0.8348749999999999 0.5974999999999998 0.02275 0.021
0 0.88475 0.521 0.014000000000000002 0.029333299999999996
0 0.236875 0.45433299999999993 0.01225 0.0306667
0 0.87775 0.4366670000000001 0.0165 0.0266667
0 0.31949999999999995 0.695 0.014500000000000002 0.032
0 0.7972499999999999 0.605833 0.0225 0.019
1 0.7445073517156305 0.15345637500473194 0.018985296568738486 0.022912050009463912
0 0.3178750000000001 0.7695000000000001 0.01775 0.0336667
0 0.5420000000000001 0.20033300000000004 0.021 0.018000000000000002
0 0.9395 0.22066700000000006 0.0225 0.0233333
0 0.13637499999999997 0.18233299999999997 0.014250000000000002 0.0313333
0 0.6722499999999999 0.49666700000000014 0.014000000000000002 0.032
0 0.393125 0.4635000000000001 0.022250000000000002 0.021
0 0.14062500000000003 0.2915 0.01975 0.029000000000000005
0 0.417875 0.833333 0.01825 0.0306667
0 0.22949999999999995 0.6924999999999999 0.013000000000000001 0.0323333
0 0.1035 0.24050000000000002 0.016 0.028333299999999995
0 0.78775 0.9035 0.014000000000000002 0.031
0 0.544875 0.3964999999999999 0.023250000000000003 0.019
0 0.483375 0.850833 0.01725 0.021
0 0.64925 0.2165 0.018 0.0223333
0 0.53275 0.647 0.018 0.0266667
0 0.73225 0.8239999999999997 0.0215 0.02
0 0.4615000000000001 0.9308330000000001 0.023 0.021
0 0.913125 0.621833 0.023250000000000003 0.0196667
0 0.9903750000000001 0.531333 0.019250000000000003 0.0173333
0 0.502875 0.20233300000000004 0.02275 0.020666699999999996
0 0.9001249999999998 0.5445 0.022250000000000002 0.0203333
0 0.41325 0.265 0.0225 0.021999999999999992
0 0.51075 0.7609999999999999 0.0215 0.021999999999999992
0 0.23125 0.2985 0.0225 0.0196667
0 0.179125 0.6426669999999999 0.02075 0.0213333
0 0.750875 0.813167 0.02175 0.019
0 0.456375 0.24566700000000005 0.01375 0.0333333
0 0.9519999999999998 0.550833 0.0225 0.0203333
0 0.659375 0.274667 0.02275 0.0173333
0 0.13625000000000004 0.8531669999999998 0.014000000000000002 0.0316667
0 0.90325 0.751833 0.022 0.023
0 0.8383749999999999 0.354 0.02075 0.0213333
0 0.60525 0.901333 0.017 0.025333300000000003
0 0.4488750000000001 0.8445 0.01475 0.031
0 0.338125 0.942667 0.02175 0.022666699999999998
1 0.47318015349293846 0.33901799996214377 0.025154417279662694 0.0243150000378546
0 0.509875 0.18066700000000002 0.019250000000000003 0.02
0 0.788375 0.875 0.01675 0.026000000000000002
0 0.757875 0.861667 0.022250000000000002 0.019333300000000005
0 0.4356250000000001 0.44299999999999995 0.02125 0.02
0 0.66475 0.368333 0.016 0.0286667
0 0.8941250000000001 0.0535 0.01625 0.0276667
0 0.690625 0.7340000000000001 0.02025 0.0233333
0 0.704625 0.806167 0.01575 0.0243333
0 0.757625 0.927333 0.019250000000000003 0.018000000000000002
0 0.029125 0.5078330000000001 0.01575 0.028333299999999995
0 0.821125 0.8561669999999999 0.01475 0.028333299999999995
0 0.6189999999999999 0.43766700000000003 0.0165 0.0266667
0 0.23399999999999999 0.649333 0.018499999999999996 0.02
0 0.904 0.017000000000000005 0.017 0.028000000000000008
0 0.6435 0.188167 0.0225 0.0203333
0 0.253 0.8269999999999998 0.019499999999999997 0.022666699999999998
0 0.03325 0.889667 0.014500000000000002 0.03
0 0.14725 0.08450000000000003 0.0225 0.0203333
0 0.6321250000000002 0.737167 0.01675 0.0243333
0 0.42325 0.599833 0.017500000000000005 0.0243333
0 0.6346249999999999 0.262167 0.01875 0.027000000000000003
0 0.26475 0.19750000000000004 0.019 0.0256667
0 0.33525 0.576 0.02 0.025333300000000003
0 0.4759999999999999 0.949 0.017 0.032
0 0.403125 0.6040000000000001 0.015250000000000001 0.035333300000000005
0 0.5275 0.150167 0.02 0.0203333
0 0.30437500000000006 0.609333 0.02025 0.022666699999999998
0 0.779375 0.620167 0.01575 0.031
0 0.30649999999999994 0.532833 0.0215 0.025
0 0.662 0.7620000000000001 0.018499999999999996 0.021999999999999992
1 0.272875 0.489 0.02025 0.020666699999999996
0 0.6658750000000001 0.18183299999999997 0.02475 0.019
0 0.029000000000000005 0.8590000000000001 0.014500000000000002 0.0313333
0 0.8342500000000002 0.7236670000000001 0.016 0.032
0 0.9768750000000002 0.543333 0.01775 0.025333300000000003
0 0.6555 0.22950000000000004 0.0225 0.0196667
0 0.4395 0.3691670000000001 0.0165 0.030333300000000004
0 0.144 0.5085 0.014000000000000002 0.0336667
0 0.2824999999999999 0.853 0.020500000000000004 0.0233333
0 0.023874999999999997 0.669667 0.01575 0.0286667
0 0.446625 0.562167 0.02375 0.019
0 0.3955 0.816167 0.024 0.0196667
1 0.3052500000000001 0.645833 0.014500000000000002 0.0323333
0 0.289875 0.192667 0.01825 0.022666699999999998
0 0.7723749999999999 0.8693330000000001 0.01175 0.032
0 0.083 0.245167 0.020500000000000004 0.023
0 0.4348750000000001 0.2615 0.02075 0.027000000000000003
0 0.472875 0.897167 0.01575 0.0316667
0 0.92025 0.640167 0.016 0.0276667
0 0.4205 0.448167 0.018499999999999996 0.0316667
0 0.581125 0.276167 0.01775 0.023
0 0.6013750000000001 0.852667 0.019250000000000003 0.0213333
0 0.7304999999999999 0.7765 0.0215 0.023
0 0.442875 0.391333 0.02275 0.02
0 0.631125 0.11183300000000002 0.02175 0.021666699999999997
0 0.14728329627168707 0.15365812751266844 0.010845603554616168 0.02488625040694817
2 0.4162542644261671 0.12240562700161725 0.012580900123354779 0.041091250671937724
2 0.4307873731893527 0.05845375095585505 0.032970634806033024 0.01620500026498951
2 0.5422801777308066 0.0659775010788859 0.012147075981170036 0.03472500056783467
2 0.555294901996346 0.06684562609308177 0.015617669118647214 0.0306737505015873
2 0.7867400818518542 0.20661375337861634 0.016051493260831867 0.012732500208206054
1 0.8058283441079785 0.1950387531893381 0.019522086398309046 0.02083500034070079
1 0.5158169050575433 0.2963200048455226 0.014750020834277924 0.01967750032177297
2 0.2468459369030632 0.4737068827462114 0.01735296568738581 0.01909875031230905
2 0.419507945492552 0.6670093859071577 0.012147075981170036 0.015626250255525564
2 0.6336001596606744 0.49367375807271635 0.011713251838985483 0.030095000492123367
0 0.700878253963687 0.782389996441569 0.022125031251416932 0.01273250020820612
2 0.4755066120987637 0.810459371900569 0.013014724265539335 0.009838750160886546
2 0.2536055633713178 0.928234998826475 0.023860327820155475 0.02778000045426764
