1 0.484375 0.6614999999999999 0.01875 0.021666699999999997
1 0.762875 0.850833 0.014250000000000002 0.018333300000000004
1 0.49325 0.673333 0.02 0.0166667
1 0.510875 0.05600000000000001 0.02375 0.016
1 0.391375 0.8165 0.02275 0.018333300000000004
1 0.776875 0.0076666699999999996 0.01725 0.0153333
1 0.49499999999999994 0.645167 0.020500000000000004 0.0196667
1 0.549875 0.6605 0.022250000000000002 0.017
1 0.7225 0.439833 0.018 0.0243333
1 0.50825 0.33466699999999994 0.022 0.018000000000000002
1 0.9685000000000001 0.6134999999999998 0.0155 0.0243333
1 0.0405 0.409333 0.017 0.024666699999999996
1 0.25712499999999994 0.8818330000000002 0.01825 0.018333300000000004
1 0.769125 0.289 0.01275 0.0306667
1 0.009499999999999998 0.7688330000000001 0.016 0.025
1 0.8448750000000002 0.675167 0.01575 0.0163333
1 0.7415 0.3811669999999999 0.0155 0.027000000000000003
1 0.081625 0.534833 0.02475 0.015666699999999995
1 0.8327500000000001 0.6894999999999999 0.022 0.015666699999999995
1 0.201 0.808167 0.017500000000000005 0.031
1 0.88925 0.698833 0.019499999999999997 0.0176667
1 0.5905000000000001 0.877333 0.017500000000000005 0.02
1 0.7801249999999998 0.757333 0.01975 0.022666699999999998
1 0.3145 0.8593330000000001 0.020500000000000004 0.020666699999999996
1 0.2884999999999999 0.2945 0.025 0.018333300000000004
1 0.071125 0.267 0.014250000000000002 0.0273333
1 0.23125000000000043 0.6245941758609918 0.01800000000000003 0.024522351721981788
1 0.59875 0.916333 0.015 0.0286667
1 0.006125 0.38550000000000006 0.01225 0.0263333
1 0.96125 0.31533300000000003 0.018499999999999996 0.0166667
1 0.37549999999999994 0.6395000000000001 0.019 0.028333299999999995
1 0.29287500000000005 0.5205000000000001 0.02025 0.018333300000000004
1 0.914875 0.674167 0.01975 0.0203333
1 0.54625 0.440167 0.014000000000000002 0.0236667
1 0.7325473542396245 0.4094638227572561 0.015012799512846002 0.021419888966809585
1 0.091 0.1215 0.022 0.0203333
1 0.874875 0.08499999999999998 0.019250000000000003 0.0173333
1 0.205125 0.558333 0.02275 0.020666699999999996
1 0.902875 0.6686669999999999 0.01275 0.026000000000000002
1 0.548375 0.21 0.015250000000000001 0.0213333
1 0.7131740615009886 0.39747147034439656 0.015 0.0323333
1 0.9548749999999999 0.515 0.01625 0.025333300000000003
1 0.953125 0.559833 0.014250000000000002 0.0236667
1 0.74225 0.11600000000000002 0.02 0.02
1 0.7866250000000001 0.473 0.02025 0.020666699999999996
1 0.88475 0.199833 0.020500000000000004 0.0203333
1 0.766375 0.31 0.015250000000000001 0.0213333
1 0.295375 0.152667 0.01825 0.026000000000000002
1 0.237375 0.0243333 0.014250000000000002 0.0233333
1 0.278375 0.632333 0.02075 0.0213333
1 0.6736249999999999 0.733 0.02175 0.0173333
1 0.667 0.20200000000000004 0.02 0.018666700000000005
1 0.599375 0.535 0.01625 0.0213333
1 0.334375 0.024 0.022250000000000002 0.019333300000000005
1 0.688 0.738 0.0155 0.0266667
1 0.30750000000000005 0.621167 0.019 0.023
1 0.15712499999999996 0.18099999999999997 0.01175 0.029333299999999996
1 0.363875 0.11466700000000002 0.022250000000000002 0.024666699999999996
1 0.7502499999999999 0.0741667 0.015 0.029000000000000005
1 0.6346249999999999 0.672667 0.015250000000000001 0.0266667
1 0.503875 0.691833 0.019250000000000003 0.021666699999999997
1 0.0085 0.850667 0.017 0.016
1 0.202625 0.166167 0.01775 0.028333299999999995
1 0.87725 0.698167 0.0165 0.023
1 0.403 0.22116700000000006 0.02 0.019
1 0.971375 0.251 0.015250000000000001 0.029333299999999996
1 0.446625 0.0161667 0.02275 0.0196667
1 0.6206250000000001 0.593833 0.019250000000000003 0.018333300000000004
1 0.2555 0.7111670000000001 0.0155 0.0223333
1 0.150125 0.581833 0.01175 0.035
1 0.5281249999999998 0.0455 0.02025 0.0203333
1 0.643875 0.21883299999999997 0.01475 0.028333299999999995
1 0.03193515375247062 0.38416700000000026 0.014870307504941222 0.027666700000000013
1 0.193375 0.614333 0.023250000000000003 0.0173333
1 0.500875 0.6244999999999998 0.01175 0.025
1 0.601 0.20549999999999996 0.02 0.015666699999999995
1 0.91925 0.852833 0.015 0.030333300000000004
1 0.804875 0.748667 0.015250000000000001 0.0306667
1 0.56175 0.0616667 0.021 0.0173333
1 0.3715 0.6370000000000001 0.018 0.018666700000000005
1 0.134375 0.0778333 0.02175 0.0176667
1 0.47712499999999997 0.3461670000000001 0.022250000000000002 0.0176667
1 0.23137499999999997 0.7306669999999998 0.01675 0.026000000000000002
1 0.42137500000000006 0.0075 0.02625 0.0143333
1 0.4975 0.354667 0.0225 0.026000000000000002
1 0.0275 0.412167 0.020500000000000004 0.0236667
1 0.16225 0.8363330000000001 0.020500000000000004 0.0213333
1 0.4495 0.5383329999999998 0.0165 0.028000000000000008
1 0.29425 0.6373330000000001 0.016 0.0286667
1 0.856 0.6836670000000001 0.015 0.024666699999999996
1 0.861875 0.320667 0.01375 0.032
1 0.535125 0.6176670000000001 0.02025 0.0133333
1 0.007125000000000001 0.476833 0.014250000000000002 0.0196667
1 0.807 0.700833 0.0155 0.0256667
1 0.734875 0.8718330000000002 0.01475 0.0256667
1 0.1435 0.734333 0.0155 0.0273333
1 0.3455 0.765667 0.017500000000000005 0.025333300000000003
1 0.7609999999999999 0.17216699999999996 0.0165 0.031
1 0.9600000000000002 0.544667 0.017500000000000005 0.022666699999999998
1 0.7716787539960477 0.4331670000000004 0.020357507992093283 0.02433330000000002
1 0.771875 0.6531670000000002 0.01775 0.0236667
1 0.298375 0.131833 0.023250000000000003 0.0203333
1 0.732 0.9205 0.014000000000000002 0.0263333
1 0.725875 0.970167 0.01575 0.0276667
1 0.3875 0.511667 0.0215 0.020666699999999996
1 0.7810000000000001 0.210333 0.017500000000000005 0.0273333
1 0.726 0.7525 0.014000000000000002 0.0316667
1 0.440375 0.647333 0.01325 0.034666699999999995
1 0.07649999999999998 0.2455 0.014500000000000002 0.031
1 0.29112499999999997 0.375667 0.01325 0.028000000000000008
1 0.8773749999999998 0.7218329999999997 0.014250000000000002 0.0256667
1 0.4065 0.3195 0.0235 0.018333300000000004
1 0.562875 0.0376667 0.01325 0.03
1 0.94225 0.3176669999999999 0.019 0.0213333
1 0.5402499999999999 0.7753330000000003 0.019 0.024
1 0.684125 0.498167 0.01875 0.021
1 0.009749999999999998 0.5145 0.019499999999999997 0.017
1 0.3233750000000001 0.270167 0.02075 0.0223333
1 0.6452500000000001 0.421167 0.013499999999999998 0.028333299999999995
1 0.894125 0.21850000000000006 0.01875 0.019
1 0.336 0.0423333 0.017500000000000005 0.0213333
1 0.11099999999999997 0.21866700000000006 0.018499999999999996 0.024
1 0.1193323382554356 0.652623705516596 0.012164676510870241 0.024753288966813388
1 0.38775 0.561667 0.016 0.020666699999999996
1 0.780625 0.6106669999999998 0.01375 0.028000000000000008
1 0.37775 0.153333 0.024 0.02
1 0.68425 0.197667 0.014000000000000002 0.0266667
1 0.629125 0.23216699999999998 0.02125 0.018333300000000004
1 0.6046250000000001 0.5971670000000001 0.01725 0.023
1 0.054125 0.7581669999999999 0.022250000000000002 0.0196667
1 0.059375 0.6963329999999999 0.02275 0.0173333
1 0.82975 0.618167 0.015 0.027000000000000003
1 0.021375 0.7756669999999999 0.02125 0.018000000000000002
1 0.973625 0.591833 0.024250000000000004 0.017
1 0.950375 0.330167 0.01825 0.021666699999999997
1 0.76575 0.189333 0.019499999999999997 0.02
1 0.881625 0.533 0.01575 0.0233333
1 0.8171250000000001 0.055166700000000006 0.01375 0.0276667
1 0.07 0.5990000000000001 0.024 0.0146667
1 0.8012406150098825 0.7295722937925286 0.016 0.0223333
1 0.413125 0.9589999999999997 0.01225 0.03
1 0.009125 0.532667 0.01825 0.021999999999999992
1 0.074875 0.886333 0.02275 0.018000000000000002
1 0.595 0.0935 0.0235 0.018333300000000004
1 0.911375 0.970333 0.01775 0.024
1 0.728 0.5085 0.021 0.0196667
1 0.3353749999999999 0.877 0.01725 0.022666699999999998
1 0.023375 0.852667 0.02025 0.020666699999999996
1 0.819 0.624167 0.013000000000000001 0.0276667
1 0.9120000000000001 0.5845 0.015 0.0276667
1 0.213125 0.034 0.01775 0.028000000000000008
1 0.163875 0.613833 0.01625 0.031
1 0.775625 0.7070000000000001 0.01675 0.0273333
1 0.222125 0.272833 0.01575 0.028333299999999995
1 0.8305 0.4338330000000001 0.016 0.029666699999999997
1 0.31149999999999994 0.7814999999999999 0.0215 0.0176667
1 0.04637500000000001 0.7731670000000002 0.02075 0.017
1 0.96625 0.20066699999999998 0.021 0.0153333
1 0.629125 0.574833 0.01875 0.0163333
1 0.23200000000000007 0.0873333 0.023 0.019333300000000005
1 0.7715 0.3305 0.019499999999999997 0.0176667
1 0.305 0.256667 0.020500000000000004 0.0173333
1 0.5799999999999998 0.06449999999999999 0.019 0.0236667
1 0.6238749999999998 0.9020000000000001 0.015250000000000001 0.0306667
1 0.4306249999999999 0.955833 0.01575 0.028333299999999995
1 0.600125 0.8925 0.01625 0.0276667
1 0.9063749999999999 0.20683300000000002 0.02125 0.018333300000000004
1 0.578 0.9484999999999999 0.017500000000000005 0.0223333
1 0.5975 0.055333299999999995 0.015 0.0266667
1 0.302125 0.036000000000000004 0.01775 0.019333300000000005
1 0.791375 0.607333 0.01075 0.0266667
1 0.784875 0.5088329999999999 0.01375 0.029000000000000005
1 0.6225 0.7615 0.018 0.0236667
1 0.028625 0.877333 0.01575 0.026000000000000002
1 0.808125 0.6688330000000002 0.01575 0.023
1 0.7695000000000001 0.7935 0.014500000000000002 0.0256667
1 0.48275000000000007 0.7760000000000001 0.018 0.0233333
1 0.533375 0.0258333 0.014250000000000002 0.0323333
1 0.6237499999999999 0.709 0.022 0.018000000000000002
1 0.70125 0.505 0.02 0.018000000000000002
1 0.51 0.7666669999999998 0.020500000000000004 0.02
1 0.427875 0.19383299999999998 0.019250000000000003 0.021666699999999997
1 0.9166250000000001 0.634833 0.01625 0.023
1 0.662875 0.1875 0.02025 0.0196667
1 0.457125 0.7986670000000001 0.023250000000000003 0.020666699999999996
1 0.826875 0.3280000000000001 0.01625 0.029333299999999996
1 0.590625 0.552 0.019250000000000003 0.018666700000000005
1 0.525875 0.333667 0.01725 0.0213333
1 0.24887500000000007 0.6510000000000002 0.02475 0.020666699999999996
1 0.172 0.20616699999999993 0.016 0.0316667
1 0.005625 0.41699999999999987 0.01125 0.03
1 0.05125 0.3811669999999999 0.014500000000000002 0.0336667
1 0.602125 0.613 0.022250000000000002 0.0173333
1 0.880875 0.30383299999999996 0.01625 0.0236667
1 0.45324999999999993 0.5668329999999999 0.018 0.021666699999999997
1 0.31000000000000005 0.8935 0.0165 0.0316667
1 0.043125 0.128333 0.01775 0.024
1 0.09825 0.217833 0.019499999999999997 0.027000000000000003
1 0.33324999999999994 0.983 0.014000000000000002 0.0326667
1 0.8809999999999999 0.605333 0.022 0.018000000000000002
1 0.593375 0.223333 0.014250000000000002 0.0273333
1 0.9275 0.79 0.014500000000000002 0.0313333
1 0.4908749999999999 0.031 0.01875 0.022666699999999998
1 0.834625 0.6573329999999998 0.01475 0.03
1 0.969375 0.5765 0.02075 0.0196667
1 0.89225 0.7283329999999999 0.016 0.03
1 0.968875 0.338167 0.01625 0.027000000000000003
1 0.9635000000000001 0.6988330000000001 0.015 0.029666699999999997
1 0.177 0.256667 0.015 0.024666699999999996
1 0.56925 0.327833 0.020500000000000004 0.0163333
1 0.32800000000000007 0.6865000000000001 0.022 0.0223333
1 0.05725 0.0521667 0.019499999999999997 0.0256667
1 0.8825 0.421667 0.014000000000000002 0.0306667
1 0.568875 0.8716669999999997 0.01775 0.0213333
1 0.779375 0.6305 0.01825 0.023
1 0.8859999999999999 0.152333 0.02 0.0166667
1 0.150875 0.284167 0.014250000000000002 0.03300000000000001
1 0.658375 0.6505 0.01625 0.0256667
1 0.505875 0.6566669999999999 0.014250000000000002 0.0333333
1 0.8942500000000001 0.100667 0.0155 0.0233333
1 0.662125 0.6204999999999999 0.01375 0.0336667
1 0.558375 0.6490000000000002 0.02075 0.018666700000000005
1 0.3142499999999999 0.504833 0.024 0.018333300000000004
1 0.215375 0.4395 0.01875 0.025
1 0.517875 0.671167 0.02175 0.019
1 0.7432500000000001 0.895 0.022 0.020666699999999996
1 0.258625 0.9875 0.01775 0.025
1 0.14525 0.17 0.0125 0.029333299999999996
1 0.701125 0.193667 0.01975 0.02
1 0.3010618610138358 0.6873330000000049 0.012123722027670099 0.025333300000000128
1 0.845875 0.337333 0.01125 0.03
1 0.76 0.214667 0.021 0.0213333
1 0.430375 0.142167 0.02275 0.017
1 0.618625 0.0786667 0.01725 0.0286667
1 0.2025 0.525333 0.0255 0.019333300000000005
1 0.7197499999999999 0.1705 0.0155 0.029666699999999997
1 0.938125 0.236833 0.02175 0.0176667
1 0.9159999999999999 0.255833 0.02 0.0196667
1 0.38800000000000007 0.588833 0.022 0.0176667
1 0.24249999999999997 0.4495 0.0215 0.0203333
1 0.8903750000000002 0.24883299999999997 0.02025 0.015666699999999995
1 0.618 0.21616700000000005 0.021 0.019
1 0.8576407847465422 0.841239293792529 0.021281569493080656 0.020854712414943383
1 0.597625 0.5203329999999999 0.02175 0.018666700000000005
1 0.756375 0.5115 0.01725 0.025
1 0.10075 0.104833 0.017500000000000005 0.0276667
1 0.6721249999999999 0.256667 0.01625 0.025333300000000003
1 0.9464999999999999 0.576667 0.024 0.0173333
1 0.809625 0.6409999999999999 0.01475 0.0286667
1 0.2618750000000001 0.39716699999999994 0.023250000000000003 0.0176667
1 0.7546250000000001 0.3206669999999999 0.015250000000000001 0.0233333
1 0.537875 0.963167 0.023250000000000003 0.018333300000000004
1 0.04125 0.06633329999999998 0.015 0.032
1 0.33399999999999996 0.37383300000000014 0.0245 0.017
1 0.11537500000000002 0.131167 0.02125 0.023
1 0.887375 0.678333 0.01475 0.026000000000000002
1 0.3197499999999999 0.12400000000000003 0.018 0.024
1 0.8573750000000001 0.528833 0.01275 0.0336667
1 0.8925 0.38800000000000007 0.018499999999999996 0.025333300000000003
1 0.5125 0.21899999999999997 0.0115 0.032
1 0.289 0.8695 0.023 0.0196667
1 0.542375 0.18199999999999997 0.015250000000000001 0.034666699999999995
1 0.584 0.9135 0.014000000000000002 0.027000000000000003
1 0.610875 0.32183300000000004 0.01725 0.03300000000000001
1 0.332125 0.405167 0.01675 0.0263333
1 0.6178749999999998 0.383833 0.014250000000000002 0.03300000000000001
1 0.79125 0.246833 0.017500000000000005 0.030333300000000004
1 0.68825 0.44833300000000004 0.0165 0.024
1 0.671 0.902333 0.0225 0.018666700000000005
1 0.5123750000000001 0.604667 0.02275 0.019333300000000005
1 0.9364999999999999 0.7328329999999998 0.019 0.023
1 0.5663749999999999 0.6289999999999999 0.01775 0.024
1 0.8725 0.176833 0.02 0.0263333
1 0.362125 0.517 0.01475 0.0306667
1 0.52575 0.25049999999999994 0.0225 0.0203333
1 0.43725 0.3865 0.022 0.017
1 0.562375 0.677667 0.01475 0.0333333
1 0.6306250000000001 0.2515 0.01675 0.0336667
1 0.321375 0.6041669999999999 0.01825 0.019
1 0.903875 0.694 0.01775 0.021999999999999992
1 0.7602499999999999 0.353833 0.018 0.0196667
1 0.28387499999999993 0.765 0.02125 0.020666699999999996
1 0.644625 0.8128329999999999 0.022250000000000002 0.021
1 0.807 0.9491669999999999 0.02 0.021
1 0.24525000000000002 0.8713330000000002 0.016 0.026000000000000002
1 0.399125 0.9578330000000003 0.02075 0.0203333
1 0.9017500000000002 0.18583300000000003 0.023 0.018333300000000004
1 0.02775 0.4766669999999999 0.0155 0.034
1 0.889 0.442833 0.0215 0.0203333
1 0.0805 0.4913330000000001 0.013000000000000001 0.0326667
1 0.6629999999999999 0.23699999999999996 0.018499999999999996 0.021999999999999992
1 0.641875 0.317833 0.01875 0.023
1 0.9880000000000001 0.543167 0.0155 0.030333300000000004
1 0.214375 0.6125 0.02475 0.019
1 0.5766250000000002 0.21566700000000005 0.02075 0.018000000000000002
1 0.9025 0.536 0.023 0.016
1 0.324875 0.625833 0.02075 0.019
1 0.4912499999999999 0.946833 0.019499999999999997 0.025
1 0.2785 0.367167 0.0155 0.03300000000000001
1 0.6535 0.08616669999999997 0.022 0.0236667
1 0.114875 0.797667 0.02175 0.022666699999999998
1 0.31600000000000006 0.449833 0.018499999999999996 0.025
1 0.651375 0.6035000000000001 0.02025 0.0223333
1 0.5517499999999999 0.312167 0.018 0.023
1 0.5775 0.401 0.024 0.019333300000000005
1 0.74875 0.713667 0.013000000000000001 0.029333299999999996
1 0.015375000000000002 0.754333 0.01975 0.0266667
1 0.446125 0.617 0.01725 0.0266667
1 0.5781249999999999 0.377833 0.02075 0.021666699999999997
1 0.6508749999999999 0.18333299999999994 0.01375 0.0333333
1 0.9469999999999997 0.6080000000000001 0.021 0.019333300000000005
1 0.803875 0.272833 0.02125 0.0223333
1 0.061 0.314167 0.018499999999999996 0.0256667
1 0.327 0.329833 0.020500000000000004 0.027000000000000003
1 0.137625 0.670667 0.02375 0.020666699999999996
1 0.6167500000000001 0.248167 0.014000000000000002 0.031
1 0.8806249999999999 0.516333 0.02375 0.019333300000000005
1 0.46325000000000005 0.0498333 0.0225 0.019
1 0.708875 0.113167 0.015250000000000001 0.0323333
1 0.41725 0.675333 0.016 0.025333300000000003
1 0.358625 0.7063330000000001 0.01725 0.03
1 0.215375 0.2035 0.025250000000000005 0.017
1 0.5645000000000001 0.5195 0.020500000000000004 0.0203333
1 0.53525 0.42383299999999996 0.024 0.0196667
1 0.5106249999999999 0.2985 0.02475 0.0176667
1 0.57025 0.605667 0.0215 0.019333300000000005
1 0.267625 0.324833 0.015250000000000001 0.0336667
1 0.520375 0.35366700000000006 0.01975 0.0233333
1 0.36175 0.6586670000000001 0.023 0.018000000000000002
1 0.127 0.194833 0.017 0.0236667
1 0.78475 0.6743330000000001 0.0215 0.018000000000000002
1 0.071 0.0963333 0.015 0.032
1 0.35225 0.6244999999999999 0.0215 0.0223333
1 0.8897500000000003 0.271167 0.019 0.0176667
1 0.608 0.572833 0.018499999999999996 0.021
1 0.5015 0.7875 0.017 0.027000000000000003
1 0.9369999999999998 0.214667 0.0125 0.0313333
1 0.3475 0.639667 0.016 0.022666699999999998
1 0.24312499999999995 0.8984999999999999 0.02275 0.019
1 0.186125 0.17433299999999996 0.01825 0.0306667
1 0.41424999999999995 0.180167 0.019 0.023
1 0.389 0.4865 0.019 0.0223333
1 0.748625 0.608 0.01275 0.0306667
1 0.575 0.537167 0.019499999999999997 0.021
1 0.707375 0.237333 0.024250000000000004 0.019333300000000005
1 0.377125 0.6975 0.019250000000000003 0.0256667
1 0.70525 0.687333 0.014000000000000002 0.03
1 0.25475 0.43450000000000005 0.020500000000000004 0.0203333
1 0.101375 0.8575 0.015250000000000001 0.030333300000000004
1 0.201875 0.105167 0.01575 0.0336667
1 0.31112499999999993 0.5315 0.01475 0.03300000000000001
1 0.57025 0.559333 0.0165 0.026000000000000002
1 0.0085 0.561333 0.0155 0.028000000000000008
1 0.634375 0.494833 0.01725 0.025
1 0.498125 0.387667 0.023250000000000003 0.02
1 0.30899999999999994 0.589333 0.0215 0.02
1 0.069625 0.290833 0.02125 0.0203333
1 0.9620000000000002 0.233833 0.0215 0.0203333
1 0.397625 0.6759999999999999 0.01625 0.028000000000000008
1 0.19662499999999997 0.19383300000000003 0.01775 0.029666699999999997
1 0.5491249999999999 0.341667 0.01675 0.026000000000000002
1 0.9252500000000002 0.5691670000000001 0.013499999999999998 0.030333300000000004
1 0.5829999999999999 0.4425 0.020500000000000004 0.023
1 0.495 0.32800000000000007 0.019 0.0213333
1 0.590875 0.333333 0.022250000000000002 0.0213333
1 0.03748292738635178 0.3419219119017703 0.01694880194861124 0.016088467580890137
1 0.2732994314213563 0.30061368432921454 0.011407847465411403 0.025654583439797728
1 0.19262965291594697 0.15914538201637235 0.013689416958493692 0.02869834757672289
1 0.5726739427636528 0.03500328757463927 0.014993170954540738 0.02217599585474041
1 0.587178205969676 0.04761316757047206 0.0120597244634349 0.021306348958476082
1 0.6803966166870374 0.08326869031730957 0.016622863449599484 0.01434917378836143
1 0.7584588872003529 0.03478587585057319 0.016948801948611227 0.026959053784194227
1 0.8311638575119114 0.19023525855782214 0.01955630994070522 0.017827761373418773
1 0.8161706865573706 0.2080630199312409 0.024771325924893298 0.014349173788361445
1 0.8880401255894629 0.18762631786902934 0.015970986451575343 0.019567055165947166
1 0.8961885880647563 0.19654019855573854 0.0022815694930823365 0.0008696468962643149
1 0.7822730826601482 0.2987237088667973 0.014993170954540645 0.01652329102902223
1 0.6717592464632262 0.4037335715907151 0.015645047952564228 0.029133171024854985
1 0.641609935304639 0.44351991709480826 0.014015355457505395 0.01652329102902223
1 0.7283095760417655 0.3832968695285033 0.011407847465411403 0.02478493654353335
1 0.7385766387606358 0.3643820495347541 0.01173378596442315 0.025219759991665574
1 0.7498215169765413 0.3887321626301554 0.011407847465411403 0.0269590537841942
1 0.7208129905644952 0.3969938081446665 0.010104093469364498 0.0313072882655159
1 0.9481757786571312 0.3080724130016388 0.018904432942681817 0.02304564275100478
1 0.9116706667678146 0.5054822584536417 0.021511940934775618 0.014349173788361445
1 0.9064556507836266 0.5163528446569458 0.02346757192884649 0.014349173788361445
1 0.9662653653522836 0.5422248398208095 0.011407847465411309 0.026959053784194262
1 0.9027073580449914 0.6341899991007623 0.02248975643181115 0.017827761373418828
1 0.1119598744105377 0.6348422342729607 0.01597098645157598 0.020871525510343814
1 0.12467147587199612 0.6417994094430753 0.012711601461458446 0.03217693516178015
1 0.01140784746541141 0.5817937736008365 0.016296924950587724 0.023480466199136876
1 0.18382931344262957 0.8235556107623202 0.02020818693872879 0.02261081930287256
1 0.195237160908041 0.822685963866056 0.009778154970352636 0.03304658205804459
1 0.4582695296105269 0.6863688128766222 0.014993170954540738 0.0117402330995685
1 0.47309973131556177 0.6939782232189353 0.01597098645157598 0.027828700680458576
1 0.48401867103245555 0.688325518393217 0.022163817932799302 0.015653644132757917
1 0.47114410032149123 0.78529114732669 0.017274740447622977 0.025219759991665508
1 0.7770373816440228 0.775072796295584 0.022163817932799302 0.01434917378836132
1 0.80995717004421 0.7274596287251118 0.012385662962446649 0.02435011309540119
1 0.7904008601035047 0.7528968004408436 0.016948801948611227 0.02478493654353335
1 0.8652244306586395 0.8346436086896902 0.01531910945355248 0.01782776137341871
1 0.8078592548325707 0.9262974255415982 0.02118600243576406 0.016088467580890074
1 0.8223635180385941 0.9371680117449023 0.010430031968376155 0.01956705516594746
1 0.7218114910934676 0.9436903634668848 0.0120597244634349 0.025654583439797665
1 0.5854062292570483 0.891076726242893 0.020208186938728813 0.01521882068462576
1 0.31911447556444483 0.8695529655603508 0.020208186938728764 0.02435011309540119
1 0.07089162353505664 0.8623783786661698 0.017926617445646498 0.030872464817383677
1 0.06437285355482154 0.8704226124566153 0.017926617445646498 0.03043764136925152
1 0.31159720505523736 0.6821440594153877 0.009778154970352657 0.02869834757672289
