0 0.42143216134762296 0.15225570540911068 0.06509584036863979 0.05639100200337432
0 0.203318826086466 0.22951137815373351 0.06340503932010375 0.04849626172290191
0 0.17584330904775441 0.3569550426813594 0.047342429359010806 0.08007522284479153
0 0.31448899502771466 0.3056392308582888 0.037197623067794214 0.08796996312526396
1 0.39649284588171546 0.2441730386746108 0.042270026213402506 0.08909778316533142
0 0.3871934401147669 0.32763172163960474 0.06594124089290788 0.04624062164276697
0 0.36648112727019966 0.3637219629217644 0.07185904456278427 0.041729341482496976
1 0.3745124322507462 0.4071430344643626 0.0541056335531552 0.05187972184310439
1 0.254042857542549 0.4573310262473658 0.03973382464059835 0.08458650300506149
0 0.4586297844154171 0.31184224107866004 0.04311542673767051 0.06879702244411667
0 0.5047041129880258 0.28477456011704033 0.035506822019258165 0.08233086292492647
0 0.5216121234733869 0.20187978717208008 0.03381602097072197 0.08345868296499402
1 0.67420691810377 0.0665413823639817 0.034661421494990116 0.08345868296499398
1 0.7063321380259557 0.05695491202340806 0.038043023592062214 0.07781958276465656
0 0.5883987648905629 0.15845871562948183 0.05579643460169135 0.04624062164276696
0 0.6843517243949865 0.1460526951887395 0.06171423827156769 0.04849626172290192
0 0.8107391027730598 0.2847745601170403 0.04565162831047475 0.0642857422838467
0 0.7414162597830799 0.3084587809584576 0.06594124089290784 0.04172934148249703
0 0.7676236760353894 0.4088347645244637 0.03719762306779416 0.08909778316533142
0 0.658567008404811 0.4460528258466909 0.03719762306779416 0.08684214308519644
0 0.5562735449683769 0.4116543146246326 0.02874361782511368 0.08345868296499398
0 0.6217920855991508 0.27857154989666916 0.07354984561132029 0.06315792224377922
0 0.5854398630556247 0.4088347645244639 0.032970620446454005 0.09586470340573633
0 0.21557713368835274 0.4832708871689179 0.03550682201925808 0.09135342324546639
0 0.13906838624209422 0.6484965230388046 0.04311542673767057 0.07669176272458914
0 0.3436553131149623 0.5644739300537769 0.04649702883474271 0.07330830260438663
0 0.4281953655417673 0.5312032388717861 0.036352222543526116 0.08796996312526399
0 0.5135808184928404 0.51823330841101 0.036352222543526116 0.0890977831653315
0 0.4700426914930358 0.5768799504945192 0.043960827261938645 0.06428574228384673
1 0.38634803959049885 0.6524438931790406 0.03719762306779426 0.08458650300506142
0 0.4565162831047469 0.6146619218367801 0.05579643460169125 0.06090228216364423
0 0.5338704310752737 0.6451130629186023 0.0684774424657121 0.04511280160269941
0 0.41128735505640635 0.7370303961841023 0.038043023592062214 0.08458650300506154
1 0.7156315437929044 0.5560152797532709 0.03466142149499002 0.08120304288485901
1 0.5795220593857482 0.6964288747416727 0.06509584036863988 0.048496261722901994
0 0.6615259102397492 0.5842107807549579 0.043115426737670604 0.06992484248418411
0 0.7536745673849665 0.5469927194327309 0.029589018349381723 0.07443612264445411
0 0.7743868802295337 0.6315792224377924 0.06086883774729964 0.040601521442429477
0 0.7676236760353895 0.6998123348618752 0.03888842411633037 0.08684214308519653
0 0.7067548382880898 0.6468047929787035 0.04057922516486637 0.08007522284479161
0 0.6488449023757284 0.6490604330588384 0.05833263617449551 0.06203010220371183
0 0.6475768015893263 0.7037597050021115 0.05917803669876354 0.04736844168283439
0 0.6335188727298005 0.9295112474957822 0.053260233028887105 0.07781958276465664
0 0.6284464695841919 0.8691728753521716 0.041424625689134506 0.06541356232391415
0 0.562505228691284 0.9069548466944323 0.07524064665985639 0.05526318196330679
0 0.6457771803316871 0.17706774629059538 0.06425043984437176 0.04736844168283445
0 0.7159454238459351 0.188909856711304 0.06086883774729964 0.03496242124209208
0 0.7227086280400796 0.24699258877477953 0.06425043984437184 0.06315792224377924
1 0.9302544567478859 0.24022566853437463 0.046497028834742805 0.07218048256431914
0 0.9678747800778141 0.21090234749261996 0.03719762306779416 0.08120304288485901
0 0.9120783454761228 0.3597745927815283 0.049033230407546854 0.04736844168283439
