2 0.6457361183856755 0.7729405341883253 0.12241965694416723 0.10446780553838857
1 0.11800813777500814 0.6361024227084643 0.061761268368228546 0.042669948741031985
0 0.35457585322116925 0.6699441061927309 0.06506990774509795 0.04855545891220876
1 0.5707402925099693 0.6795080602208933 0.060658388575938756 0.038255816112649346
1 0.6236785225398795 0.6589087746217744 0.043012311899302054 0.0794543873108872
1 0.7543697779262203 0.6993716570486151 0.05955550878364891 0.04855545891220876
0 0.7538183380300754 0.6574373970789802 0.06948142691425713 0.04414132628382611
0 0.7797360131488855 0.7295348966758962 0.061761268368228484 0.0470840813694145
0 0.6997772282078754 0.6831865040778788 0.06065838857593883 0.05149821399779715
3 0.6815797116350937 0.4874932908862494 0.03308639376869393 0.06032647925456245
0 0.776978813668161 0.48013640317227835 0.060658388575938756 0.06032647925456245
0 0.8448059208939834 0.4720438266869102 0.06176126836822858 0.04708408136941457
0 0.8266084043212019 0.4102459698895536 0.05404110982220003 0.07356887713971028
0 0.4935387070496835 0.5720974995969161 0.04080655231472238 0.07945438731088704
0 0.42185152055084685 0.5662119894257394 0.07389294608341629 0.050026836455003026
0 0.367258970832502 0.5308989283986785 0.041909432107012215 0.08828265256765237
0 0.6082382054478223 0.43378801057426086 0.06286414816051843 0.04708408136941457
1 0.6771681924659344 0.4426162758310261 0.06396702795280816 0.044141326283826186
1 0.6093410852401121 0.5301632396272814 0.05404110982220003 0.06915474451132776
0 0.5602629344832161 0.5220706631419132 0.05514398961448976 0.04708408136941457
0 0.620921323059155 0.5728331883683133 0.04852671086075104 0.057383724168974
0 0.4483206355658019 0.4977929336858088 0.03639503314556323 0.08092576485368133
0 0.3176293801794612 0.5389915048840467 0.05073247044533056 0.0397271936554436
0 0.14392581289381837 0.5132423978851479 0.034189273560983655 0.08533989748206397
0 0.17921796624709177 0.5147137754279423 0.0452180714838816 0.07062612205412189
1 0.2023784418851775 0.4308452554886725 0.06286414816051837 0.041198571198237784
1 0.1803208460393816 0.38449686289065504 0.05845262899135919 0.04561270382662039
2 0.8001392893062467 0.349183801863594 0.02757199480724493 0.03678443856985507
1 0.5630201339639407 0.2925357664660171 0.04080655231472248 0.08533989748206397
1 0.40641120345878967 0.2712007920955011 0.05845262899135919 0.06032647925456245
0 0.3942795257436019 0.34256260292102003 0.03860079273014286 0.07945438731088712
0 0.32920961799850396 0.41245303620374485 0.049629590653040824 0.07209749959691608
1 0.12462541652874691 0.37419722009109546 0.037497912937853026 0.07798300976809294
1 0.24042779471917544 0.36978308746271293 0.05955550878364896 0.057383724168974
0 0.14999165175141219 0.43452369934565793 0.033086393768693864 0.06915474451132769
0 0.33472401695995296 0.48675760211485225 0.0518353502376204 0.0676833669685335
0 0.3860079273014284 0.4470304084594088 0.04852671086075098 0.0676833669685335
0 0.4185428811739774 0.4970572449144117 0.03639503314556323 0.07945438731088712
