0 0.169191711759738 0.04822587333829465 0.01896369448795663 0.019764702187825677
0 0.15333924839871174 0.05079528462271197 0.016296924950587707 0.020950584319095203
0 0.1346718616371295 0.0466446971632686 0.021037848572576894 0.017392937925286595
0 0.15052432499815568 0.01877646707843439 0.01896369448795661 0.024903524756660345
2 0.16504340359049752 0.11206586140497159 0.00888923179122967 0.017788231969043104
2 0.17896986673009066 0.07866351470754618 0.0071113854329837335 0.0237176426253908
0 0.2579358758088475 0.1306446814615277 0.013926463139593184 0.024903524756660366
0 0.23912033518407808 0.13321409274594503 0.01244492450772149 0.029251759237981997
2 0.16074694155806984 0.24350113095401227 0.021037848572576866 0.012649409400208417
1 0.2536394137764199 0.2462681892603079 0.009481847243978374 0.02213646645036474
