0 0.09663432767162973 0.01209587519779575 0.02242870815094616 0.016552250270667868
0 0.043664399910884555 0.056977938431722094 0.015747816361302628 0.029921375489284217
0 0.18658776355361595 0.05634131342131179 0.013361783579287065 0.03374112555174604
0 0.264849638803726 0.06238925102020966 0.017179436030511978 0.03183125052051513
0 0.25291947489364824 0.09262893901469903 0.020042675368930583 0.01973537532271938
0 0.23812607164515182 0.10758962675934114 0.02099708848173682 0.01782550029148846
0 0.3750843533328443 0.025465000416412104 0.021951501594543055 0.02037200033312968
0 0.37269832055082897 0.05856950095774782 0.018133849143318163 0.0254650004164121
0 0.07372841296428048 0.21422431600306685 0.0243375343765586 0.019735375322719396
3 0.18873519305742995 0.17920994043050015 0.012884577022883972 0.015915625260257554
2 0.2417051208181751 0.2400076289246842 0.02338312126375238 0.01782550029148846
0 0.19756351435088743 0.24732881654440259 0.014316196692093275 0.02228187536436058
0 0.18372452421519728 0.2578331292161725 0.017179436030511953 0.014005750229026646
0 0.17895245865116619 0.2775685045388919 0.012407370466480857 0.021645250353950273
2 0.22094663561463984 0.2581514417213777 0.006680891789643497 0.02355512538518121
0 0.38224245167889104 0.18557619053460317 0.019088262256124398 0.01973537532271936
0 0.31996699606828516 0.2406442539350944 0.014793403248496368 0.02928475047887392
0 0.34907659600887486 0.2740670669816354 0.018611055699721307 0.018462125301898686
0 0.7697341754782161 0.04329050070790058 0.014316196692093365 0.030558000499694524
0 0.7208205034468973 0.05061168832761906 0.015747816361302645 0.028648125468463622
0 0.7236837427853162 0.08116968882731358 0.017656642586915024 0.02100862534353999
1 0.6628399068439198 0.14737868990998507 0.01717943603051193 0.02610162542682242
1 0.7053112903637964 0.1680690027483199 0.014316196692093275 0.02419175039559152
1 0.7325120640787737 0.17793669040967955 0.012407370466480806 0.0299213754892842
0 0.6640329232349274 0.1079079392645463 0.017656642586915024 0.019735375322719396
0 0.6649873363477334 0.12987150212370172 0.020519881925333775 0.014005750229026646
0 0.7129465952662462 0.14928856494121598 0.020997088481736773 0.017188875281078177
0 0.6163122675946164 0.15215337748806232 0.019565468812527586 0.021645250353950304
0 0.5872026676540267 0.12477850204041932 0.02147429503813996 0.022918500374770893
0 0.5743180906311426 0.10758962675934114 0.018611055699721307 0.01782550029148846
0 0.5518893824801965 0.05888781346295298 0.01670222947410893 0.027374875447643002
0 0.5509349693673902 0.07384850120759509 0.02147429503813996 0.019098750312309076
1 0.5285062612164442 0.060797688494183905 0.019565468812527586 0.024828375406001798
2 0.48412605147095483 0.08467112638457026 0.01670222947410884 0.021645250353950273
0 0.47076426789166775 0.09167400149908357 0.018611055699721307 0.026738250437232717
0 0.5678758021197006 0.13050812713411206 0.02290591470734924 0.02037200033312971
0 0.6167894741510194 0.2307765662737347 0.014793403248496467 0.027374875447643013
0 0.6430358347531905 0.24350906648194073 0.019565468812527492 0.02355512538518121
0 0.703402464138184 0.2801150045805331 0.01717943603051193 0.03183125052051517
0 0.7632918869667742 0.2782051295493022 0.014793403248496467 0.025465000416412108
0 0.6542501888286637 0.2848896921586104 0.012407370466480806 0.02610162542682242
0 0.5967467987820887 0.2606979417630189 0.01670222947410884 0.02100862534353999
0 0.5635809431120726 0.2568781917005571 0.015270609804899552 0.028648125468463608
2 0.5750339004657473 0.2661092543515065 0.006680891789643497 0.05220325085364484
1 0.4774451596813114 0.2855263171690207 0.020519881925333674 0.01718887528107821
0 0.4681396318314507 0.27183887944519924 0.015270609804899552 0.026738250437232734
0 0.5313695005548628 0.2960306298407907 0.025291947489364898 0.017825500291488428
0 0.8200931282360276 0.060479375988978734 0.020997088481736866 0.016552250270667864
0 0.9391561640586036 0.08594437640539083 0.019565468812527586 0.022918500374770893
0 0.8942987477567113 0.1059980642333154 0.011930163910077713 0.02355512538518119
0 0.9730378295632245 0.170297190284756 0.014793403248496467 0.03119462551010483
0 0.858031049470075 0.2034016908260917 0.019565468812527586 0.02228187536436058
0 0.9506091214122783 0.20021856577404015 0.020519881925333775 0.015915625260257554
1 0.9926032983757519 0.2406442539350944 0.011930163910077713 0.028011500458053326
0 0.9226925378626963 0.23873437890386345 0.013361783579286994 0.030558000499694513
0 0.9343840984945726 0.2533767541433004 0.015747816361302645 0.02928475047887392
0 0.9102851673962156 0.2673825043723271 0.012407370466480995 0.02928475047887392
0 0.8613714953648968 0.29348412979914945 0.0195654688125274 0.020372000333129733
0 0.678362780984304 0.3237238177936388 0.024814740932961713 0.01718887528107821
0 0.9873540262553178 0.3628762559338725 0.02242870815094615 0.01909875031230905
0 0.9348613050509758 0.3714706935744115 0.02147429503813996 0.018462125301898766
3 0.8172298888976092 0.44213606972995506 0.01813384914331812 0.015915625260257586
0 0.7683162168662904 0.45359531991734053 0.0195654688125274 0.01718887528107821
0 0.8057769315439345 0.4637813200839054 0.021951501594543055 0.015915625260257586
1 0.9413035935624179 0.5166211959479606 0.013361783579286994 0.027374875447643013
0 0.9398719738932084 0.4392712571831086 0.018133849143318306 0.020372000333129612
0 0.8420446298305708 0.5366748837758851 0.014316196692093275 0.025465000416412045
0 0.9265101903139212 0.5538637590569632 0.022905914707349425 0.017825500291488428
0 0.9076605313359981 0.5640497592235281 0.023383121263752336 0.015279000249847303
0 0.8525431740714393 0.563731446718323 0.01717943603051212 0.021008625343539894
0 0.8320232921461055 0.5529088215413478 0.01145295735367462 0.02482837540600183
0 0.7654529775278717 0.5525905090361426 0.011930163910077713 0.028011500458053232
0 0.6628535679012031 0.5108915708542678 0.011930163910077807 0.0299213754892842
2 0.6652396006832185 0.467282757641162 0.010021337684465247 0.017825500291488428
0 0.5187371878674637 0.3164026301739204 0.02147429503813996 0.01782550029148849
1 0.6024869385162096 0.40075544405328534 0.020997088481736866 0.017188875281078146
1 0.5366324337325804 0.41444288177710686 0.011452957353674713 0.03055800049969454
2 0.40611644055633 0.39757231900123385 0.01479340324849642 0.04265387569749026
1 0.3359670767650728 0.3848398187930278 0.0224287081509462 0.021008625343539956
0 0.447872014241602 0.338684505538281 0.015270609804899462 0.02801150045805329
0 0.48199228302442443 0.35841988086100024 0.012884577022884086 0.028011500458053357
0 0.5216004272058825 0.41253300674587606 0.011930163910077807 0.02801150045805329
0 0.5628787943347515 0.42144575689162034 0.020997088481736866 0.021645250353950304
0 0.5091930567394016 0.41444288177710703 0.012884577022883995 0.022918500374770924
0 0.5884093451023178 0.5166211959479605 0.01670222947410884 0.013369125218616336
0 0.5289971288301307 0.5169395084531657 0.020042675368930684 0.014005750229026679
0 0.5029893715061611 0.519804321000012 0.02147429503813996 0.01464237523943696
0 0.33477406037406504 0.3501437557256664 0.016225022917705702 0.024191750395591485
0 0.3221280866293826 0.4777870703129321 0.010975750797271528 0.02355512538518114
0 0.3848807487963915 0.5538637590569632 0.01622502291770574 0.030558000499694482
0 0.2987449653656303 0.2877545047054568 0.02147429503813996 0.016552250270667864
0 0.2696353654250406 0.2909376297575083 0.01670222947410884 0.02928475047887392
0 0.14460724764742575 0.30621663000735555 0.019565468812527492 0.021645250353950304
2 0.1615480803997361 0.2995320673980474 0.012407370466480857 0.007002875114513339
0 0.1384035624141853 0.3705157560587962 0.015747816361302607 0.03055800049969454
1 0.05799425766026129 0.4001188190428752 0.017179436030511953 0.027374875447643013
0 0.09378474939049454 0.4278120069957233 0.018133849143318163 0.028011500458053357
0 0.17968192954305434 0.43226838206859547 0.014316196692093297 0.028011500458053357
0 0.15606020500110038 0.4637813200839055 0.017656642586915072 0.027374875447643013
0 0.2596140277405752 0.5086633833178318 0.01670222947410884 0.028011500458053357
0 0.15725322139210815 0.5038886957397546 0.012407370466480877 0.027374875447643013
3 0.16727455907657343 0.5057985707709854 0.009544131128062199 0.010822625176975152
0 0.10070424445833964 0.5239423835676792 0.013838990135690182 0.02801150045805329
0 0.08161598220221525 0.5223508210416533 0.018611055699721282 0.021008625343539956
0 0.26414749002640475 0.5261705711041151 0.020042675368930632 0.015915625260257586
0 0.26056844085338143 0.5373115087862954 0.024337534376558615 0.012732500208206054
0 0.027677980271380374 0.45168544488610957 0.021951501594543052 0.018462125301898766
0 0.028870996662388154 0.4796969453441629 0.01670222947410884 0.02355512538518121
0 0.1023608063484671 0.5592750716454506 0.02338312126375238 0.013369125218616273
0 0.2469782532664295 0.5504207008244957 0.017322597997432868 0.028711787969504625
0 0.05879184774886314 0.6172981581680981 0.017847525209476307 0.015406325251929347
0 0.08923762604738154 0.6243010332826113 0.01994723405765 0.022409200366442682
0 0.10314819716653219 0.6299033333742221 0.018372452421519726 0.021008625343540012
0 0.18241220618508872 0.6575646900765498 0.017322597997432892 0.02871178796950469
0 0.25039028014471176 0.6481108086719567 0.019947234057649973 0.018207475297734678
0 0.2955340203804459 0.6288529021070449 0.023096797329910556 0.02030833783208869
0 0.33254138882950707 0.6022419766718944 0.022571870117867085 0.023109487877893894
0 0.34855166879683147 0.578432201282549 0.01469796193721576 0.024510062900796693
0 0.3349035612837025 0.6229004582597085 0.015747816361302645 0.023809775389345353
0 0.31390647280196565 0.689777915603311 0.01469796193721576 0.030112362992407236
0 0.15170396428054858 0.6876770530689569 0.01364810751312894 0.023109487877893894
0 0.10997225092309668 0.6652678527025144 0.02362172454195394 0.02030833783208856
0 0.05223025759832037 0.7209407098628953 0.01627274357334605 0.03361380054966403
0 0.06299126544521048 0.7205905661071695 0.014697961937215785 0.03011236299240736
0 0.10918486010503152 0.7160386972827361 0.015747816361302628 0.028011500458053357
0 0.10236080634846706 0.7289940162445856 0.017847525209476325 0.027311212946602024
0 0.12598253089042102 0.7717115544431169 0.016797670785389473 0.030112362992407236
1 0.08425081753296906 0.8070760737714092 0.01627274357334605 0.023809775389345353
0 0.0328079507527138 0.7983224798782677 0.01942230684560657 0.025910637923699357
0 0.2241439195425407 0.7822158671148867 0.01469796193721576 0.027311212946602024
0 0.14041802922161506 0.8287797034501492 0.015222889149259207 0.03011236299240736
0 0.04724344908390787 0.9117637735571319 0.024146651753997356 0.02521035041224802
0 0.0553798208705809 0.9628847618930793 0.017322597997432885 0.029412075480956024
0 0.16325236294550385 0.9418761365495392 0.02099708848173682 0.018207475297734678
0 0.2677128781421447 0.953781024244212 0.014697961937215807 0.028011500458053357
0 0.36062499467383013 0.9835432434808937 0.016797670785389494 0.024510062900796693
0 0.39317048182052217 0.940125417770911 0.010498544240868433 0.03011236299240736
0 0.34986398682694003 0.778359002625653 0.013123180301085495 0.03151293801531003
0 0.45668667447777617 0.7384426144729271 0.017847525209476335 0.017507187786283348
0 0.4133801794841939 0.8490880412822377 0.02152201569378029 0.021708912854991345
0 0.41206786145408536 0.8816514105647246 0.01259825308904212 0.029412075480955903
0 0.4784711537775781 0.8497883287936889 0.017322597997432916 0.014706037740478012
0 0.4642981190524057 0.8690462353586007 0.014173034725172385 0.0252103504122479
1 0.44513827581282084 0.893906442015123 0.011548398664955183 0.027311212946602024
2 0.6432982983592122 0.8224771158470872 0.0341202687828224 0.010504312671770006
1 0.6658701684770792 0.8011183467478215 0.013123180301085542 0.028011500458053357
1 0.5976296309114347 0.9681369182289642 0.014173034725172291 0.02871178796950469
1 0.6013041213957386 0.7527985084576797 0.0194223068456066 0.014005750229026679
0 0.6265006275738229 0.7037783826560863 0.014173034725172291 0.02240920036644256
0 0.6002542669716517 0.7384426144729273 0.020472161269693354 0.01610661276338068
0 0.5637718257346339 0.7513979334347768 0.010498544240868433 0.02521035041224802
0 0.538312855950528 0.74789649587752 0.020472161269693444 0.015406325251929347
0 0.5270269208915945 0.7790592901371045 0.01994723405765002 0.02451006290079656
0 0.5543231359178524 0.7818604401829097 0.016797670785389504 0.02731121294660191
0 0.598154558123478 0.7829108714500868 0.0194223068456066 0.019608050320637227
0 0.6070783207282162 0.8021687780149983 0.018372452421519758 0.018907762809186022
0 0.620726428241345 0.8413848786562731 0.012073325876998792 0.03011236299240736
0 0.6039287574559556 0.8518891913280432 0.021522015693780195 0.02030833783208856
0 0.63988627148093 0.8483877537707863 0.020997088481736866 0.02030833783208869
0 0.6674449501132095 0.8326312847631314 0.011023471452911762 0.02661092543515069
0 0.6419859803291037 0.8742983916944859 0.013648107513128959 0.030112362992407236
0 0.6052410754860642 0.8827018418319018 0.014697961937215714 0.03011236299240736
0 0.5742703699755025 0.880250835541822 0.015747816361302555 0.029412075480955903
0 0.49106940686662 0.9394251302594597 0.0194223068456066 0.01330546271757522
0 0.6493486223549942 0.9838933872366189 0.018897379633563176 0.016806900274832327
0 0.7157519146784875 0.7429944832973606 0.014173034725172385 0.03221322552676136
1 0.9186362821332696 0.7002769450988293 0.017847525209476335 0.023809775389345353
1 0.874804859927644 0.7601515273279185 0.02362172454195388 0.01610661276338068
0 0.9086626651044447 0.7289887330683342 0.017847525209476335 0.021008625343539894
0 0.8498708173555818 0.7675045461981574 0.01259825308904212 0.030812650503858695
0 0.7580085552479829 0.8777998292517424 0.013648107513128959 0.024510062900796693
3 0.7377988575843112 0.973389074564849 0.008923762604738072 0.014005750229026554
0 0.8335980737822356 0.9495792991755035 0.016797670785389494 0.021008625343539894
1 0.8593195071723632 0.8487378975265121 0.020997088481736866 0.02661092543515069
0 0.9293972899801599 0.8774496854960168 0.015222889149259131 0.019608050320637352
0 0.9412081522511369 0.943276711572442 0.01259825308904212 0.03221322552676136
0 0.8469837176893428 0.9877449685496016 0.01627274357334607 0.02030833783208856
0 0.7892417243645664 0.9796916621679114 0.016272743573345978 0.015406325251929223
0 0.7737563716092857 0.9898458310839554 0.01259825308904212 0.017507187786283223
1 0.46015194379333685 0.5810250013249475 0.020113664774015338 0.015257954794957675
1 0.5147743471502217 0.5633994328549101 0.015775423352168853 0.01999318214511694
1 0.49663261029522743 0.5755005694164282 0.014986652184560386 0.01788863665615731
1 0.6441328186380066 0.5918107969558659 0.015775423352168853 0.021045454889596697
2 0.5003792733413674 0.6444244341798577 0.011437181930322475 0.025254545867516087
0 0.4993933093818569 0.5618210237381903 0.021296821525428094 0.01367954567823792
0 0.5021540084684862 0.5860232968612266 0.014986652184560476 0.021045454889596818
0 0.5078725994336477 0.5949676151893054 0.016958580103581616 0.021045454889596818
0 0.5366627470513561 0.589443183280786 0.016958580103581616 0.019467045772876935
0 0.5411981812651047 0.5783943194637478 0.014986652184560476 0.023676136750796453
2 0.7498281550975385 0.6070687517508234 0.014986652184560476 0.03577727331231462
0 0.7245874777340683 0.6015443198423042 0.018141736854994282 0.015257954794957675
0 0.8870085302400901 0.6275880702681802 0.01695858010358171 0.019993182145117066
0 0.9134323643549732 0.6546840934385361 0.012225953097930857 0.027885227728715715
