2 0.5059210526315789 0.35604395604395606 0.06447368421052632 0.1582417582417582
2 0.7578947368421054 0.2835164835164835 0.06315789473684211 0.17142857142857143
2 0.9427631578947369 0.09780219780219782 0.09605263157894736 0.09890109890109891
2 0.275 0.14505494505494507 0.07105263157894737 0.17582417582417587
2 0.2743421052631579 0.5153846153846154 0.09078947368421053 0.11648351648351647
2 0.575 0.798901098901099 0.07631578947368421 0.16043956043956042
2 0.8519736842105263 0.5032967032967033 0.09342105263157892 0.1582417582417582
2 0.0980263157894737 0.4065934065934065 0.08026315789473686 0.14945054945054945
0 0.043421052631578944 0.18461538461538463 0.08421052631578947 0.12307692307692308
0 0.34736842105263155 0.03846153846153847 0.08947368421052632 0.07252747252747255
2 0.9486842105263159 0.6516483516483517 0.10263157894736842 0.11648351648351647
