2 0.8758185498331197 0.11558573494961415 0.017482259799742897 0.04719899272673644
2 0.37775 0.3968330000000001 0.014000000000000002 0.023
2 0.6490951601335044 0.10770404671754413 0.025774199332477904 0.04413183909010452
2 0.16522097873170744 0.8568188885862456 0.04194195746341509 0.04102822282750791
2 0.7883838701001282 0.4914373162625965 0.024232259799743288 0.024873932525192936
2 0.629375 0.48633299999999996 0.02375 0.018000000000000002
2 0.8 0.7158781024244211 0.018499999999999996 0.0243333
2 0.7367798398664956 0.15358126505038586 0.027059679732991046 0.02916253010077171
2 0.78525 0.769167 0.016 0.0336667
2 0.3861217704338895 0.4477923674748069 0.031185498331194095 0.04536152282750825
2 0.889262099666239 0.24898141868701765 0.023024199332477367 0.03203646262596457
2 0.2627435408677792 0.7887341536366317 0.03401291826444201 0.037865692726736136
2 0.7718483896996148 0.8833109487877886 0.02919677939922974 0.028621897575579668
2 0.4054822597997434 0.9728329999999995 0.02496451959948652 0.025666700000000372
2 0.8273371086315795 0.22031800449466654 0.04617421726315759 0.03263600898933265
2 0.7215 0.39933300000000005 0.018 0.041333299999999996
2 0.8003548488318363 0.3368665768183159 0.037209697663671375 0.03093284636336818
2 0.5130862900333761 0.5093038930809122 0.017791939532734273 0.044221443938946815
2 0.901702419933248 0.2867296837374035 0.023059679732991056 0.025577095151157473
2 0.7952500000000003 0.1234373162625965 0.0309290391989725 0.035451127676350475
2 0.46508951959948674 0.03697059308091237 0.02867903919897309 0.02939221383817527
2 0.01227096976636717 0.7378966837374032 0.02454193953273434 0.029451127676350084
2 0.4542499999999999 0.4105 0.016 0.03633329999999999
2 0.7467854804005138 0.746645832879368 0.01746451959948585 0.05142043666568471
2 0.7219048398664958 0.48430389308091226 0.021809679732991062 0.027392213838175184
2 0.4957703238531454 0.21604863027785978 0.022892266972014963 0.049461005665978275
2 0.823920169098845 0.1184652390901046 0.02784033819768934 0.06693037818020914
2 0.9465895195994867 0.7330592138381751 0.015749999999999997 0.03878442767635079
2 0.894288709966624 0.6485115256061051 0.02138709966623881 0.037554743938947
2 0.28974435946598215 0.24115288858624598 0.023988718931964203 0.043694922827508184
2 0.7039249910346599 0.2386669999999999 0.04115001793068092 0.017333299999999992
2 0.6346459697663672 0.7084426702534042 0.01929193953273407 0.07178195949319167
2 0.81375 0.731333 0.020500000000000004 0.020666699999999996
2 0.6061580246059044 0.8669187349496125 0.09818395078819094 0.03282923010076857
2 0.739375 0.960167 0.019250000000000003 0.021
2 0.9882500000000001 0.529833 0.0235 0.018333300000000004
2 0.08600322956611044 0.9889999999999988 0.027006459132220918 0.021999999999999815
2 0.3197499999999999 0.919167 0.015 0.0323333
2 0.7440153292323495 0.49015994429312293 0.028030658464698023 0.029680811413754064
2 0.8902798398664953 0.11375173494961416 0.01755967973299144 0.036036462625964626
2 0.5572499999999999 0.5285 0.014000000000000002 0.029000000000000005
2 0.8983451601335044 0.8155530422228763 0.023893558798459728 0.08096694080617609
2 0.6699612900333762 0.22389668373740346 0.019232259799743034 0.038784427676350604
2 0.8284999999999999 0.33216699999999993 0.022 0.019
2 0.5442040123029525 0.8845141114137498 0.06059197539409603 0.04436152282751021
2 0.15792435174326316 0.1396766103578727 0.030603256462131436 0.02542043666568336
2 0.2064276261360753 0.2860367002512013 0.07679685112195249 0.10091143040013707
2 0.3271083921848577 0.2020722276281865 0.03406777606161802 0.026961069190876326
2 0.3966874941412131 0.28488122585730663 0.028870996662388144 0.04005644565501627
2 0.3320164616174637 0.2952804954023589 0.05658715345828076 0.03466423181684094
2 0.29275190615661584 0.28642185838249956 0.028870996662388144 0.02927201797866573
2 0.4688649857971836 0.33187051787569105 0.03349035612837021 0.05238150585655966
2 0.6591248538023216 0.1455897736307321 0.04446133486007777 0.020028222827508123
2 0.8245556646778056 0.17370631721550314 0.020787117596919494 0.04852992454357739
2 0.614086099008996 0.25189341786904446 0.029448416595635917 0.021568855352701054
2 0.5058198615250404 0.29734207736223595 0.030025836528883625 0.024650120403086954
2 0.8124298460796026 0.31891093271493703 0.024251637196406085 0.02465012040308689
2 0.8446740379563518 0.4302216326601264 0.019632277730423878 0.04852992454357739
2 0.8461175877894711 0.4625749156891779 0.03291293619512241 0.03466423181684097
2 0.7675884768677754 0.4826031385166861 0.02598389699614942 0.02850170171606923
2 0.743914259604617 0.46604133887086197 0.022519377396662744 0.04467834323059498
2 0.7317884410064142 0.4718187108403356 0.0028870996662387722 0.0007703162625964673
2 0.6945448553119333 0.3674408572585144 0.12010334611553469 0.02310948787789402
2 0.7049384141103929 0.34779779256230453 0.021941957463415027 0.040826761917612704
2 0.5617382706649479 0.4182817305898812 0.01963227773042397 0.044678343230595045
2 0.539796313201533 0.4252145769532494 0.01847743786392835 0.04313771070540211
2 0.4993769178741894 0.34510168564321686 0.017322597997432916 0.04005644565501629
2 0.4067010185879235 0.4121192004891094 0.04561617472657325 0.02310948787789402
2 0.3911106803902339 0.4748999758907214 0.05947425312451959 0.014636008989332818
2 0.14117917367907806 0.44293185099296806 0.03753229566110458 0.018487590302315216
2 0.16716307067522743 0.521889267909106 0.027138736862644862 0.0331235992916481
2 0.19545664740436777 0.5523167602816662 0.04330649499358222 0.026190752928279767
2 0.07044523185622709 0.5546277090694557 0.04041939532734341 0.02619075292827983
2 0.14984047267779452 0.6362812329046811 0.02829357672914038 0.02619075292827989
2 0.40130685360719526 0.6405179723489617 0.0519677939922986 0.01617664151452575
2 0.4091020227060401 0.6628571439642592 0.030603256462131436 0.03158296676645522
2 0.43826172933505214 0.6732564135093115 0.015012918264441859 0.07395036120926074
2 0.3002583652888367 0.7930405923430621 0.041574235193838946 0.02850170171606923
2 0.40708105293967295 0.8234680847156224 0.024251637196406037 0.08319415636041824
2 0.27369704835943953 0.9336233102669169 0.018477437863928393 0.04313771070540222
2 0.41314396223877436 0.906021415963231 0.022519377396662744 0.03851581312982337
2 0.4578940070654761 0.930671536366318 0.031180676395379248 0.03543454807943751
2 0.4841666140282493 0.8336116872791632 0.049080694326059875 0.02927201797866576
2 0.5335360183209331 0.849788328793689 0.04041939532734337 0.038515813129823245
2 0.569913474115542 0.8936963557616876 0.04619359465982111 0.02310948787789402
2 0.6758700318665066 0.9287457457098267 0.027138736862644862 0.02850170171606923
2 0.8854734676354447 0.7315447824851313 0.031758096328626965 0.02850170171606923
2 0.7841362693504622 0.723841619859167 0.021941957463415027 0.06239561727031379
2 0.7541104328215785 0.8139686225829533 0.023096797329910556 0.04236739444280564
2 0.7324571853247874 0.7546542703630256 0.02598389699614942 0.04852992454357739
2 0.7676798012529009 0.7793043907661124 0.02829357672914038 0.017717274039718692
2 0.5216075853042282 0.5501353026436637 0.036377455794609076 0.020028222827508144
2 0.5588511709987088 0.5767112137032417 0.032335516261874774 0.03928612939241977
2 0.5805044184955002 0.6005910178437321 0.021364537530167215 0.03928612939241977
2 0.715043262942229 0.6263966126407139 0.01905485779717616 0.05238150585655966
2 0.6547028799178378 0.6937992856179048 0.025406477062901608 0.03928612939241977
2 0.6445980310860017 0.7269228849095529 0.014435498331194053 0.03928612939241977
2 0.7364078004723962 0.6441138866804327 0.017900017930680627 0.02619075292827989
2 0.819556270860074 0.6367958821857661 0.04215165512708671 0.014636008989332818
2 0.819844980826698 0.6518170493063973 0.030025836528883625 0.023109487877893894
2 0.9330192877432593 0.7353963637981141 0.010393558798459844 0.04544865949319151
2 0.9154079797792026 0.6071387060758022 0.031758096328626965 0.020028222827508144
