2 0.2602965403624382 0.11318681318681317 0.07248764415156508 0.10329670329670329
2 0.22322899505766064 0.25164835164835164 0.08731466227347612 0.10329670329670329
2 0.37726523887973634 0.1 0.05930807248764415 0.12527472527472527
0 0.48105436573311366 0.05384615384615385 0.07907742998352553 0.09890109890109891
2 0.4365733113673806 0.28901098901098904 0.08896210873146623 0.11208791208791212
2 0.5584843492586491 0.23186813186813185 0.06919275123558484 0.09890109890109891
0 0.5683690280065896 0.15164835164835164 0.052718286655683705 0.0923076923076923
2 0.799835255354201 0.13076923076923078 0.09719934102141681 0.06813186813186813
0 0.9777594728171332 0.054945054945054944 0.04118616144975288 0.1054945054945055
2 0.05189456342668864 0.47582417582417585 0.09060955518945635 0.06373626373626373
2 0.1803953871499176 0.5065934065934066 0.10049423393739704 0.08131868131868131
2 0.11202635914332783 0.5934065934065934 0.06260296540362437 0.12307692307692308
2 0.24546952224052718 0.6153846153846152 0.08896210873146623 0.0835164835164835
2 0.17215815485996702 0.787912087912088 0.09390444810543658 0.0945054945054945
2 0.3756177924217463 0.7384615384615383 0.085667215815486 0.0791208791208791
2 0.2438220757825371 0.8901098901098901 0.06919275123558484 0.1054945054945055
2 0.6820428336079079 0.6857142857142855 0.08237232289950576 0.09670329670329672
2 0.6738056013179572 0.7747252747252747 0.09225700164744646 0.09890109890109891
2 0.5667215815485998 0.7725274725274726 0.08237232289950576 0.0945054945054945
2 0.40856672158154866 0.8604395604395603 0.07907742998352553 0.08131868131868131
2 0.4711696869851728 0.8769230769230769 0.05601317957166392 0.12747252747252746
2 0.7257001647446457 0.9164835164835164 0.060955518945634266 0.10989010989010989
2 0.6169686985172982 0.8472527472527471 0.08072487644151564 0.05934065934065933
2 0.9448105436573314 0.8296703296703296 0.10049423393739704 0.08131868131868131
2 0.9357495881383855 0.9395604395604396 0.085667215815486 0.06373626373626373
0 0.9785831960461288 0.7857142857142857 0.039538714991762765 0.06373626373626373
0 0.6112026359143328 0.9791208791208791 0.08896210873146623 0.03736263736263736
0 0.38056013179571674 0.9758241758241758 0.08896210873146623 0.03956043956043955
