0 0.50475 0.186833 0.016 0.030333300000000004
0 0.60575 0.45 0.021 0.022666699999999998
0 0.8495 0.584833 0.022 0.021
0 0.118625 0.415 0.015250000000000001 0.029333299999999996
0 0.804875 0.5755 0.01825 0.0196667
0 0.8385000000000001 0.8121670000000001 0.02 0.015
0 0.360875 0.356667 0.023250000000000003 0.018666700000000005
0 0.062375 0.397667 0.022250000000000002 0.019333300000000005
0 0.6226249999999999 0.48333299999999996 0.01775 0.0146667
0 0.438625 0.00733333 0.02125 0.0146667
0 0.662625 0.514167 0.023250000000000003 0.019
0 0.693 0.517833 0.02 0.023
0 0.796 0.24066700000000002 0.013499999999999998 0.0286667
0 0.532 0.567667 0.0225 0.018666700000000005
0 0.553375 0.2800000000000001 0.009749999999999998 0.028000000000000008
0 0.6115000000000002 0.5308330000000001 0.022 0.021
0 0.276875 0.106833 0.01875 0.027000000000000003
0 0.08537500000000002 0.165333 0.023250000000000003 0.02
0 0.9231250000000002 0.0746667 0.01575 0.0266667
0 0.78475 0.279833 0.017 0.021666699999999997
0 0.64475 0.0173333 0.017 0.0213333
0 0.8773566155023533 0.7854051249384844 0.02215441727966278 0.01877294995268071
0 0.6167500000000001 0.275 0.02 0.019333300000000005
0 0.636875 0.45399999999999996 0.01475 0.020666699999999996
0 0.625625 0.455 0.01625 0.024666699999999996
0 0.902 0.555833 0.018499999999999996 0.028333299999999995
0 0.8242499999999999 0.8284999999999999 0.019 0.025
0 0.026000000000000002 0.508833 0.018 0.025
0 0.851125 0.798167 0.01725 0.028333299999999995
0 0.8 0.823167 0.014500000000000002 0.029000000000000005
0 0.9154999999999999 0.575333 0.017 0.024666699999999996
0 0.527 0.187667 0.012 0.021999999999999992
0 0.8966249999999999 0.545833 0.01325 0.023
0 0.349875 0.347 0.02025 0.0173333
0 0.78675 0.554667 0.018499999999999996 0.0213333
0 0.9404999999999998 0.566667 0.0155 0.0286667
0 0.5965000000000001 0.277333 0.020500000000000004 0.0233333
0 0.6936250000000002 0.545667 0.022250000000000002 0.016
0 0.257 0.7506669999999999 0.020500000000000004 0.019333300000000005
0 0.078125 0.1485 0.02275 0.018333300000000004
0 0.9177500000000001 0.8120000000000002 0.017 0.020666699999999996
0 0.16537499999999994 0.598167 0.02675 0.015666699999999995
0 0.18224999999999983 0.8231736250709794 0.019999999999999983 0.03168125014195826
0 0.8993750000000001 0.445 0.02125 0.02
0 0.07249999999999998 0.718167 0.0245 0.0203333
0 0.713 0.065 0.016 0.0273333
0 0.743375 0.5941670000000001 0.01675 0.023
0 0.6352499999999999 0.4963330000000001 0.02 0.024666699999999996
0 0.26300000000000007 0.8345 0.0215 0.0203333
0 0.5753749999999999 0.0841667 0.01325 0.0163333
0 0.319875 0.5345 0.01625 0.030333300000000004
0 0.8848749999999999 0.848833 0.01625 0.027000000000000003
0 0.8335000000000001 0.644167 0.0245 0.0163333
0 0.776125 0.21349999999999997 0.023250000000000003 0.0236667
0 0.513625 0.8281669999999999 0.02575 0.023
0 0.837875 0.8275 0.015250000000000001 0.0256667
0 0.5695000000000001 0.9556669999999999 0.0155 0.03
0 0.594125 0.08 0.01825 0.0313333
0 0.41475 0.7161669999999998 0.015 0.0276667
0 0.4241249999999999 0.192833 0.01575 0.035
0 0.7326250000000001 0.758667 0.023250000000000003 0.018666700000000005
0 0.766125 0.629667 0.01725 0.021999999999999992
0 0.6076249999999999 0.0251667 0.02275 0.0203333
0 0.2921250000000001 0.489667 0.01875 0.026000000000000002
0 0.10975 0.491 0.014500000000000002 0.03
0 0.842375 0.606833 0.015250000000000001 0.0256667
0 0.6260000000000001 0.433167 0.02 0.0176667
0 0.776125 0.234667 0.01625 0.024
0 0.381875 0.555333 0.019250000000000003 0.024
0 0.80925 0.834 0.018 0.025333300000000003
0 0.953125 0.12300000000000003 0.02475 0.021999999999999992
0 0.8445 0.22683300000000003 0.014500000000000002 0.029666699999999997
0 0.706375 0.528 0.019250000000000003 0.0213333
0 0.07275 0.41816700000000007 0.018499999999999996 0.0256667
0 0.57425 0.051 0.022 0.02
0 0.453375 0.982833 0.015250000000000001 0.028333299999999995
0 0.320375 0.785333 0.022250000000000002 0.0213333
0 0.558125 0.952667 0.02125 0.020666699999999996
0 0.605625 0.468 0.01775 0.022666699999999998
0 0.90775 0.4084999999999999 0.023 0.019
0 0.66825 0.136 0.0235 0.02
0 0.40175 0.09650000000000002 0.017 0.0256667
0 0.3546250000000001 0.284667 0.02075 0.018666700000000005
0 0.39050000000000007 0.09600000000000002 0.016 0.0306667
0 0.6836249999999999 0.688167 0.02025 0.023
0 0.4957500000000001 0.8435000000000001 0.017500000000000005 0.0243333
0 0.759125 0.677833 0.02175 0.0203333
0 0.150875 0.0341667 0.02275 0.017
0 0.575875 0.9345 0.02275 0.019
0 0.71375 0.511167 0.02 0.0223333
0 0.661 0.3228329999999999 0.0215 0.018333300000000004
0 0.728 0.207667 0.018 0.0233333
0 0.380375 0.5275 0.02025 0.0223333
0 0.7822499999999999 0.6238330000000001 0.013499999999999998 0.03300000000000001
0 0.8759595603554615 0.8680256250331236 0.017580879289076562 0.0179487499337522
0 0.198375 0.0365 0.02475 0.015666699999999995
0 0.198625 0.8856669999999999 0.02275 0.0166667
0 0.972375 0.567667 0.022250000000000002 0.018666700000000005
0 0.18475000000000003 0.189333 0.0235 0.018000000000000002
0 0.785625 0.241 0.014250000000000002 0.029333299999999996
0 0.6218749999999998 0.0368333 0.01975 0.019
0 0.152125 0.6420000000000001 0.02025 0.0273333
0 0.18899999999999997 0.490667 0.021 0.020666699999999996
0 0.8470514724265539 0.9044999999999999 0.02110294485310787 0.017666699999999994
0 0.826 0.852 0.014500000000000002 0.0233333
0 0.6728749999999999 0.151167 0.02025 0.0176667
0 0.1315 0.608333 0.022 0.018666700000000005
0 0.020374999999999997 0.577 0.01375 0.034666699999999995
0 0.87025 0.8228329999999998 0.014500000000000002 0.03300000000000001
0 0.0158272086398309 0.5257362500283917 0.01811028615159961 0.02726000015142271
0 0.8647500000000002 0.8535 0.0155 0.029000000000000005
0 0.428125 0.2645 0.022250000000000002 0.018333300000000004
0 0.258875 0.073 0.02575 0.0173333
0 0.9285000000000001 0.53 0.017 0.0306667
0 0.063 0.16933300000000004 0.015 0.0306667
0 0.28575 0.8259999999999998 0.0165 0.025333300000000003
0 0.614 0.257 0.0155 0.0266667
0 0.705375 0.125833 0.02075 0.0236667
0 0.702375 0.185 0.02025 0.022666699999999998
0 0.5236249999999999 0.5859999999999999 0.02075 0.020666699999999996
0 0.9585000000000002 0.22 0.0155 0.0286667
0 0.78325 0.828833 0.0165 0.025
0 0.113875 0.6293329999999999 0.01625 0.029333299999999996
0 0.10462500000000001 0.19 0.02075 0.026000000000000002
0 0.0895 0.0566667 0.0275 0.016
0 0.909875 0.133333 0.01575 0.03
0 0.402375 0.0535 0.02025 0.021666699999999997
0 0.22612499999999996 0.481167 0.01675 0.0276667
0 0.559625 0.754833 0.022250000000000002 0.018333300000000004
0 0.8021249999999999 0.20783300000000002 0.015250000000000001 0.029666699999999997
0 0.9277500000000001 0.4445 0.022 0.019
0 0.105875 0.45050000000000007 0.014250000000000002 0.0323333
0 0.27949999999999997 0.899167 0.020500000000000004 0.0176667
0 0.02675 0.7468330000000001 0.025 0.0176667
0 0.40275 0.603167 0.023 0.0203333
0 0.86375 0.373667 0.014000000000000002 0.0286667
0 0.883375 0.0833333 0.019250000000000003 0.024666699999999996
0 0.11325000000000002 0.111 0.0225 0.024
0 0.096 0.529833 0.025 0.0203333
0 0.15574999999999997 0.17383299999999996 0.017 0.0223333
0 0.6138749999999998 0.791167 0.02125 0.0196667
0 0.922 0.722333 0.0215 0.029333299999999996
0 0.037875000000000006 0.599 0.01825 0.019333300000000005
0 0.691125 0.599167 0.01475 0.0316667
0 0.023375 0.478667 0.02175 0.022666699999999998
0 0.7505 0.6121670000000001 0.0235 0.021
0 0.840875 0.549333 0.01325 0.0286667
0 0.83225 0.9556669999999998 0.0125 0.0266667
0 0.14787500000000003 0.8128329999999998 0.02075 0.0243333
0 0.417875 0.135667 0.022250000000000002 0.0173333
0 0.041124999999999995 0.529333 0.02275 0.0153333
0 0.13 0.821 0.0235 0.018666700000000005
0 0.5094999999999998 0.161833 0.019 0.019
0 0.266625 0.120667 0.024250000000000004 0.018666700000000005
0 0.8495 0.104333 0.020500000000000004 0.018666700000000005
0 0.39362499999999995 0.573667 0.022250000000000002 0.018666700000000005
0 0.329625 0.7955 0.02125 0.0203333
0 0.5590000000000002 0.5796670000000002 0.022 0.021999999999999992
0 0.8828749999999999 0.35066699999999995 0.01675 0.0273333
0 0.717375 0.387667 0.015250000000000001 0.03
0 0.7 0.7594999999999998 0.0225 0.0196667
0 0.046 0.6453330000000002 0.0215 0.019333300000000005
0 0.759 0.301 0.018499999999999996 0.029333299999999996
0 0.682625 0.576333 0.01275 0.0313333
0 0.312875 0.15933300000000003 0.023250000000000003 0.02
0 0.7126249999999998 0.6936670000000003 0.014250000000000002 0.0326667
0 0.8155 0.588833 0.02 0.0203333
0 0.879375 0.885667 0.01875 0.021999999999999992
0 0.54675 0.7788330000000002 0.017 0.0196667
0 0.47512499999999996 0.585 0.01625 0.0306667
0 0.3885 0.0451667 0.015 0.030333300000000004
0 0.78275 0.533333 0.013499999999999998 0.0266667
0 0.6326250000000001 0.287833 0.019250000000000003 0.021
0 0.551875 0.4445 0.01375 0.0323333
0 0.511125 0.5986669999999998 0.01825 0.024666699999999996
0 0.1985 0.459167 0.014000000000000002 0.0343333
0 0.17974999999999997 0.151833 0.0155 0.029000000000000005
0 0.29387499999999994 0.527333 0.01625 0.028000000000000008
0 0.049125000000000016 0.7836669999999999 0.023250000000000003 0.0213333
0 0.5806249999999998 0.955833 0.015250000000000001 0.030333300000000004
0 0.19362500000000002 0.839667 0.02125 0.019333300000000005
0 0.585875 0.2535 0.01975 0.0243333
0 0.96575 0.162 0.0165 0.026000000000000002
0 0.43025000000000013 0.604167 0.0125 0.03300000000000001
0 0.70875 0.1605 0.015 0.028333299999999995
0 0.261 0.381667 0.019 0.0266667
0 0.366375 0.935 0.02025 0.020666699999999996
0 0.7289999999999999 0.6069999999999999 0.013000000000000001 0.03
0 0.804 0.8545 0.019 0.0243333
0 0.9769999999999999 0.19716699999999998 0.020500000000000004 0.025
0 0.27374999999999994 0.8454999999999999 0.0215 0.0196667
0 0.44087499999999996 0.840333 0.01975 0.0213333
0 0.66 0.16183300000000003 0.023 0.0223333
0 0.5156250000000001 0.848 0.02025 0.022666699999999998
0 0.7701249999999998 0.806333 0.01375 0.034
0 0.29649999999999993 0.4175 0.014000000000000002 0.03300000000000001
0 0.36237499999999995 0.0248333 0.02475 0.0223333
0 0.084375 0.8071670000000001 0.024250000000000004 0.021666699999999997
0 0.552 0.9195 0.019499999999999997 0.029000000000000005
0 0.578375 0.5715 0.014250000000000002 0.0316667
0 0.464125 0.791333 0.01975 0.0233333
0 0.5363749999999999 0.922 0.01275 0.03
0 0.572375 0.278167 0.01625 0.0276667
0 0.564625 0.417667 0.02125 0.022666699999999998
0 0.265 0.8865 0.014500000000000002 0.029000000000000005
0 0.2375 0.7490000000000001 0.022 0.018666700000000005
0 0.49512499999999987 0.45 0.01975 0.02
0 0.38762500000000005 0.8688329999999997 0.01725 0.025
0 0.5553749999999998 0.276833 0.019250000000000003 0.0256667
0 0.46887499999999993 0.21083299999999994 0.014250000000000002 0.0316667
0 0.5913749999999999 0.433333 0.01475 0.034
0 0.7120000000000001 0.588167 0.023 0.0196667
0 0.9236250000000001 0.827167 0.019250000000000003 0.021666699999999997
0 0.9145 0.537167 0.0165 0.027000000000000003
0 0.4657500000000001 0.6096669999999998 0.019 0.021999999999999992
0 0.102375 0.655 0.02475 0.018000000000000002
0 0.20800000000000002 0.790667 0.018 0.021999999999999992
0 0.057625 0.49200000000000005 0.01575 0.032
0 0.6048750000000002 0.0981667 0.02275 0.018333300000000004
0 0.008375 0.534167 0.01675 0.028333299999999995
0 0.62875 0.152 0.019 0.021999999999999992
0 0.376375 0.850167 0.01975 0.025
0 0.50275 0.317167 0.017 0.031
0 0.534375 0.26366700000000004 0.01625 0.0333333
0 0.740125 0.150167 0.01775 0.031
0 0.24187500000000003 0.368333 0.01325 0.0313333
0 0.0975 0.351333 0.017500000000000005 0.026000000000000002
0 0.7289999999999999 0.5455 0.015 0.0316667
0 0.5727499999999999 0.08383330000000001 0.014000000000000002 0.027000000000000003
0 0.4764999999999999 0.392 0.024 0.020666699999999996
0 0.5617499999999999 0.512333 0.013000000000000001 0.0366667
0 0.725875 0.517667 0.01575 0.0326667
0 0.653 0.4985 0.024 0.0203333
0 0.803375 0.902667 0.01225 0.028000000000000008
0 0.05425 0.0241667 0.0165 0.0263333
0 0.481625 0.9375 0.01375 0.0316667
0 0.698 0.057 0.019499999999999997 0.02
0 0.844375 0.9195 0.02025 0.0236667
0 0.413375 0.8844999999999998 0.01675 0.0243333
0 0.25975 0.8596670000000002 0.018499999999999996 0.020666699999999996
0 0.7907499999999998 0.6945000000000001 0.0155 0.0323333
0 0.18125 0.796333 0.0235 0.019333300000000005
0 0.288125 0.34600000000000003 0.015250000000000001 0.0313333
0 0.092625 0.0136667 0.02025 0.0273333
0 0.60425 0.0383333 0.018 0.024
0 0.736625 0.6928329999999999 0.02125 0.021666699999999997
0 0.9783750000000001 0.8675 0.02075 0.0203333
0 0.282 0.245 0.026000000000000002 0.0173333
0 0.49700000000000005 0.1785 0.0235 0.019
0 0.7552499999999999 0.537833 0.023 0.0203333
0 0.520875 0.009333330000000003 0.01975 0.018666700000000005
0 0.5768749999999999 0.6238330000000001 0.01325 0.030333300000000004
0 0.8433750000000001 0.05283329999999999 0.023250000000000003 0.0196667
0 0.033125 0.549167 0.01975 0.0236667
0 0.44762500000000005 0.1765 0.01575 0.0336667
0 0.4205 0.23566699999999996 0.014500000000000002 0.034666699999999995
0 0.719375 0.41200000000000003 0.01625 0.0313333
0 0.527375 0.7845 0.01325 0.029000000000000005
0 0.30500000000000005 0.916 0.0165 0.025333300000000003
0 0.280375 0.809833 0.015250000000000001 0.030333300000000004
0 0.38925 0.180333 0.0225 0.0213333
0 0.16837499999999994 0.8803329999999999 0.019250000000000003 0.024666699999999996
0 0.8738749999999998 0.900167 0.01825 0.028333299999999995
0 0.77325 0.1775 0.019 0.021666699999999997
0 0.622125 0.482333 0.01475 0.032
0 0.38525 0.39566700000000005 0.014000000000000002 0.0333333
0 0.418125 0.155167 0.02375 0.021666699999999997
0 0.6336249999999999 0.022 0.01575 0.029333299999999996
0 0.537875 0.8128329999999999 0.01725 0.027000000000000003
0 0.033375 0.015 0.014250000000000002 0.0273333
0 0.504625 0.935 0.01475 0.034
0 0.616375 0.6255 0.02125 0.023
0 0.19 0.422667 0.0125 0.0326667
0 0.30125 0.9641670000000001 0.022 0.027000000000000003
0 0.4429999999999999 0.343833 0.020500000000000004 0.0196667
0 0.6172499999999999 0.5775 0.018 0.0263333
0 0.706625 0.9783329999999999 0.01575 0.029333299999999996
0 0.4981250000000001 0.431833 0.02175 0.019
0 0.133125 0.16400000000000003 0.02025 0.0213333
0 0.00825 0.631333 0.0165 0.0273333
0 0.105 0.8184999999999999 0.022 0.018333300000000004
0 0.187 0.0153333 0.014500000000000002 0.0306667
0 0.8625000000000002 0.884667 0.012 0.034
0 0.43425 0.215667 0.017500000000000005 0.0326667
0 0.547875 0.5595 0.025250000000000005 0.0223333
0 0.5455 0.895167 0.013499999999999998 0.03300000000000001
0 0.555625 0.0686667 0.01725 0.032
0 0.51325 0.275 0.0225 0.0173333
0 0.564875 0.359333 0.014250000000000002 0.0313333
0 0.08562500000000002 0.3385 0.022250000000000002 0.0176667
0 0.23875 0.17700000000000002 0.0255 0.020666699999999996
0 0.32899999999999996 0.9015 0.022 0.021
0 0.442 0.278667 0.0165 0.034666699999999995
0 0.945375 0.526167 0.02275 0.017
0 0.356875 0.8531669999999998 0.02175 0.021666699999999997
0 0.5869999999999999 0.461167 0.021 0.0223333
0 0.657 0.007833329999999998 0.023 0.015666699999999995
0 0.603125 0.291333 0.02275 0.0273333
0 0.503125 0.8985 0.022250000000000002 0.0196667
0 0.83875 0.7731670000000002 0.0215 0.0196667
0 0.44875 0.224667 0.0165 0.0306667
0 0.522625 0.894167 0.02025 0.0203333
0 0.5675000000000001 0.444167 0.023 0.0223333
0 0.024 0.12400000000000003 0.014000000000000002 0.0306667
0 0.8752499999999999 0.386333 0.0215 0.02
0 0.581 0.190833 0.018499999999999996 0.018333300000000004
0 0.593125 0.565667 0.01625 0.026000000000000002
0 0.833625 0.6229999999999998 0.01625 0.025333300000000003
0 0.507 0.066 0.018499999999999996 0.026000000000000002
0 0.04225000000000002 0.1425 0.0155 0.031
0 0.376875 0.273833 0.01875 0.0236667
0 0.51475 0.0291667 0.0225 0.0203333
0 0.027625 0.39116700000000004 0.019250000000000003 0.023
0 0.569125 0.180167 0.015250000000000001 0.0323333
0 0.527125 0.18933299999999995 0.01775 0.034
0 0.17725 0.0415 0.020500000000000004 0.031
0 0.751875 0.17133300000000007 0.01975 0.02
0 0.506125 0.804167 0.01825 0.027000000000000003
0 0.528625 0.455 0.023250000000000003 0.02
0 0.220625 0.860167 0.015250000000000001 0.0323333
0 0.22275000000000003 0.0381667 0.016 0.0343333
0 0.715125 0.32 0.02125 0.020666699999999996
0 0.697375 0.20699999999999996 0.02075 0.0233333
0 0.1295 0.18083299999999994 0.018499999999999996 0.021666699999999997
0 0.691625 0.8746670000000001 0.02375 0.0213333
0 0.4422499999999999 0.4905 0.023 0.021666699999999997
0 0.8576250000000001 0.504833 0.019250000000000003 0.0256667
0 0.451875 0.5345 0.015250000000000001 0.031
0 0.377125 0.612667 0.01475 0.0306667
0 0.4941249999999999 0.597 0.01875 0.026000000000000002
0 0.594625 0.585667 0.02075 0.0213333
0 0.544625 0.18499999999999997 0.02175 0.019333300000000005
0 0.4582499999999999 0.564333 0.0215 0.021999999999999992
0 0.13025 0.204167 0.017500000000000005 0.03633329999999999
0 0.789625 0.917667 0.01675 0.03
0 0.057374999999999995 0.0523333 0.025250000000000005 0.018666700000000005
0 0.43162500000000004 0.36416699999999996 0.01675 0.029666699999999997
0 0.8376249999999998 0.276167 0.023250000000000003 0.0203333
0 0.37325 0.3785 0.0125 0.0343333
0 0.5606250000000002 0.814667 0.01725 0.0266667
0 0.7021250000000001 0.23833300000000002 0.02125 0.022666699999999998
0 0.5057499999999999 0.194667 0.0235 0.018666700000000005
0 0.5016250000000001 0.403167 0.022250000000000002 0.021
0 0.8205 0.629833 0.018 0.030333300000000004
0 0.470625 0.659667 0.01825 0.0286667
0 0.15624999999999997 0.203333 0.0155 0.0326667
0 0.8515 0.138833 0.024 0.0203333
0 0.94875 0.8213329999999999 0.02 0.024666699999999996
0 0.5390000000000001 0.7895 0.0155 0.025
0 0.2555 0.10266700000000001 0.018499999999999996 0.03
0 0.6500544802707622 0.4687474994889486 0.019088262256124398 0.013311250217669969
0 0.6350875473653917 0.47308812455992794 0.02038973468267834 0.01620500026498948
2 0.6693596545979787 0.5344356255631026 0.009110306985877505 0.024307500397484284
0 0.7531540630969367 0.5607687509937105 0.019088262256124398 0.015626250255525626
0 0.7390547784759357 0.5500618758186282 0.010845603554616095 0.027780000454267772
0 0.009544131128062195 0.5031831250520513 0.0182206139717551 0.021992500359628617
2 0.9357940269566725 0.8475393806830787 0.017352965687385716 0.015047500246061775
0 0.8587902417188978 0.8188912552146149 0.015183844976462664 0.01678375027445352
0 0.8830843936812377 0.7966093798502544 0.01952208639830914 0.015047500246061775
0 0.5030544451274889 0.8613893727333931 0.024727976104524818 0.016783750274453394
0 0.3928631130125889 0.8457631224778678 0.015183844976462618 0.03298875053944299
