2 0.3239171374764595 0.13567839195979897 0.13559322033898305 0.14572864321608037
2 0.1431261770244821 0.3379396984924623 0.12429378531073447 0.17839195979899497
2 0.4180790960451978 0.34422110552763824 0.1016949152542373 0.21105527638190957
2 0.6516007532956687 0.5678391959798995 0.10922787193973635 0.17085427135678388
2 0.13182674199623354 0.586683417085427 0.1544256120527307 0.11809045226130653
2 0.5207156308851224 0.6758793969849246 0.11487758945386065 0.1256281407035176
2 0.1591337099811676 0.7324120603015075 0.12617702448210927 0.1834170854271356
2 0.9171374764595103 0.9070351758793973 0.1167608286252354 0.1809045226130654
2 0.884180790960452 0.8341708542713571 0.1111111111111111 0.1608040201005025
0 0.5612052730696798 0.9597989949748744 0.08286252354048966 0.07537688442211053
0 0.5160075329566854 0.037688442211055266 0.07532956685499057 0.07537688442211053
