1 0.15052638134767388 0.5732026382520221 0.06198145114315984 0.05113701108501116
1 0.21877976504698676 0.5795947646376485 0.05976782788804698 0.04818679890702977
1 0.48552136728808526 0.7541489851682154 0.03541797208180561 0.08850636533944231
1 0.6415818067735413 0.8313462038253958 0.06271932556153076 0.06392126385626395
1 0.5345900161097537 0.7664415359098047 0.07157381858198213 0.044253182669721204
1 0.44715189753279594 0.7192381410621022 0.04132096742877324 0.0796557288054981
1 0.5338521416913825 0.6907194233416151 0.0641950743982727 0.061954455737609694
1 0.5545126254057692 0.72169665121042 0.06714657207175659 0.05113701108501108
0 0.6371545602633156 0.7251385654180648 0.07304956741872408 0.044253182669721204
0 0.5058129137932864 0.868715558079827 0.04353459068388593 0.08752296128011534
0 0.6936019532686933 0.615489012803089 0.030990725571579933 0.08260594098347951
0 0.631251564916348 0.5707441281037042 0.04648608835736982 0.07965572880549822
0 0.5788624812120106 0.5609100875104329 0.061243576724788945 0.052120415144338336
0 0.6201834486407837 0.48912159117955184 0.06567082323501465 0.052120415144338336
1 0.2645279789859857 0.7153045248247935 0.06124357672478884 0.04818679890702967
0 0.23206150457766386 0.6971115497272414 0.047961837194111755 0.08063913286482528
0 0.3515971603537579 0.6523666650278567 0.06862232090849837 0.05015360702568401
0 0.3132276905984684 0.7207132471510929 0.03320434882669277 0.08260594098347951
0 0.28481952549118683 0.6681011299770909 0.06788444649012744 0.04818679890702967
1 0.37779170220592645 0.48862988914988825 0.0634571999799018 0.0413029704917398
1 0.3800053254610395 0.5279660515229738 0.061981451143159776 0.039336162373085466
1 0.44087996497664284 0.5771362544893308 0.06271932556153076 0.06097105167828253
1 0.40361730684890984 0.5899205072605835 0.06345719997990167 0.047203394847702605
1 0.513191657976996 0.5304245616712917 0.045010339520627864 0.07572211256818955
1 0.4560063905532472 0.6390907102269403 0.05312695812270849 0.05900424355962831
0 0.21841082783780133 0.08899806736910594 0.054602706959450326 0.06982168821222676
1 0.34569416500679023 0.23503357017918589 0.03320434882669274 0.09047317345809666
0 0.2899846464197835 0.18340485706451112 0.047223962775740834 0.07768892068684387
0 0.3139655650168394 0.22274101943759667 0.04353459068388609 0.0737553044495353
2 0.6817959625747583 0.18635506924249257 0.10477816740867496 0.03245233395779552
2 0.7969043718406265 0.3510752491797882 0.025087730224612304 0.03540254613577695
1 0.7094662532636687 0.2256912316155781 0.02139835813275752 0.06392126385626398
1 0.7028253834983299 0.2694527122556357 0.05238908370433744 0.05900424355962826
0 0.6563392951409603 0.23454186814952233 0.053864832541079315 0.07178849633088105
0 0.6777376532737179 0.3107556827473755 0.047961837194111914 0.08063913286482528
0 0.6729414695543068 0.39483672981984586 0.042796716265515185 0.08555615316146095
0 0.6353098742173882 0.3338656781415632 0.0649329488166436 0.05408722326299257
0 0.5895616602783893 0.36189269383238665 0.06788444649012741 0.043269778610394036
1 0.578493544002825 0.39975375011648145 0.05460270695945029 0.046219990788375485
0 0.5371725765740519 0.43908991248956697 0.03984521859203138 0.09145657751742385
0 0.5117159091402541 0.4558077814981283 0.04648608835736982 0.09735700187338665
0 0.4729775021757792 0.4828513931296247 0.044272465102256964 0.0708050922715539
0 0.8778817837596076 0.2861096170963474 0.05534058137782134 0.06195445573760965
0 0.8797264698055349 0.3406885423890036 0.0516512092859667 0.05703743544097402
