0 0.95625 0.306167 0.02 0.017666699999999997
0 0.43737500000000007 0.187833 0.01725 0.0196667
0 0.921125 0.5275 0.018750000000000003 0.023666700000000006
0 0.80275 0.8336669999999999 0.018 0.017333300000000003
0 0.561375 0.306167 0.019750000000000004 0.0183333
0 0.82025 0.407667 0.019500000000000003 0.02
0 0.72875 0.8156669999999999 0.0175 0.020666700000000003
0 0.376125 0.7808329999999999 0.01625 0.0276667
0 0.25325 0.10549999999999998 0.019500000000000003 0.028333299999999995
0 0.5262499999999994 0.2603367189030727 0.016499999999999994 0.030007437806145253
0 0.8491250000000001 0.21500000000000008 0.02175 0.0166667
0 0.4508750000000001 0.3565 0.01825 0.021
0 0.185625 0.746 0.01175 0.0266667
0 0.694 0.873 0.0215 0.02
0 0.477 0.6934999999999999 0.019500000000000003 0.0183333
0 0.872375 0.8345 0.01675 0.026333299999999994
0 0.757375 0.406 0.01625 0.029333299999999996
0 0.8377500000000001 0.406 0.016 0.0273333
0 0.793375 0.264833 0.022250000000000002 0.017666699999999997
0 0.7175 0.5865 0.017 0.021666699999999997
0 0.825875 0.389833 0.023250000000000003 0.019
0 0.7239999999999999 0.7085000000000001 0.013500000000000002 0.023666700000000006
0 0.721125 0.7418330000000001 0.01375 0.024999999999999994
0 0.884375 0.2745 0.01775 0.0223333
0 0.6380000000000001 0.164667 0.016 0.026000000000000002
0 0.689125 0.8561669999999999 0.01925 0.0203333
0 0.768875 0.707167 0.019750000000000004 0.017666699999999997
0 0.49662500000000004 0.931667 0.02125 0.0186667
0 0.5280000000000001 0.797833 0.017 0.0296667
0 0.522875 0.610333 0.01725 0.028666700000000003
0 0.741625 0.401 0.024250000000000004 0.016
0 0.3165 0.22649999999999998 0.02 0.019
0 0.8611249999999999 0.5185 0.01625 0.023
0 0.824625 0.560667 0.01475 0.0266667
0 0.5974999999999993 0.23873151243877097 0.017 0.03242082585720673
0 0.602 0.354 0.027000000000000003 0.0193333
0 0.77275 0.777 0.019500000000000003 0.0233333
0 0.690125 0.19983299999999996 0.01775 0.0256667
0 0.5785 0.631 0.014500000000000002 0.029333299999999996
0 0.695 0.546333 0.019500000000000003 0.0193333
0 0.16987500000000005 0.460833 0.02375 0.0136667
0 0.455 0.855667 0.0225 0.0193333
0 0.769125 0.886833 0.01775 0.023
0 0.872375 0.37183299999999997 0.02175 0.019
0 0.7978749999999999 0.37799999999999995 0.01675 0.0193333
0 0.420875 0.29066699999999995 0.01925 0.020666700000000003
0 0.16825000000000004 0.7065 0.020500000000000004 0.021
0 0.61425 0.220167 0.017 0.030333299999999997
0 0.5391249999999999 0.6078329999999998 0.018750000000000003 0.017666699999999997
0 0.735625 0.715833 0.01525 0.028999999999999998
0 0.6107500000000001 0.485167 0.0175 0.028999999999999998
0 0.73875 0.7715 0.0185 0.017
0 0.38299999999999995 0.296 0.015 0.028000000000000004
0 0.4626291624234383 0.7934603059744694 0.021258324846876987 0.030413388051061595
0 0.65125 0.7245 0.017 0.023666700000000006
0 0.359 0.05050000000000001 0.0185 0.021666699999999997
0 0.5062500000000001 0.5001669999999999 0.017 0.0243333
0 0.8448033299387505 0.2744999999999996 0.023106659877501618 0.018333299999999976
0 0.6735 0.17783299999999996 0.014500000000000002 0.0316667
0 0.7602499999999999 0.8025 0.0185 0.0223333
0 0.705625 0.7825 0.01575 0.0276667
0 0.821875 0.603333 0.01475 0.0333333
0 0.9108750000000001 0.645833 0.018750000000000003 0.0196667
0 0.208875 0.500167 0.01325 0.031
0 0.084 0.887833 0.019500000000000003 0.0203333
0 0.732125 0.872667 0.01925 0.025333300000000003
0 0.7174016649693753 0.20723895024491618 0.018303329938750907 0.03314520048983249
0 0.70125 0.15016700000000002 0.015 0.0276667
0 0.6398749999999991 0.622460305974469 0.016249999999999983 0.03241338805106093
0 0.559875 0.2675 0.018750000000000003 0.021
0 0.08175 0.397 0.0245 0.018000000000000002
0 0.126875 0.7488330000000001 0.02175 0.0243333
0 0.4335 0.690167 0.02 0.019
0 0.797 0.8978330000000001 0.016500000000000004 0.023666700000000006
0 0.24875000000000003 0.961667 0.014500000000000002 0.03
0 0.419375 0.9656670000000002 0.01725 0.0233333
0 0.560625 0.887167 0.01675 0.0256667
0 0.29875 0.623167 0.019000000000000003 0.0223333
0 0.44762500000000005 0.168167 0.018750000000000003 0.023
0 0.451 0.397 0.020500000000000004 0.021333299999999996
0 0.38525 0.323167 0.019500000000000003 0.027000000000000003
0 0.907 0.7335 0.016 0.028333299999999995
0 0.7155 0.676833 0.019500000000000003 0.021666699999999997
0 0.42325 0.5585 0.020500000000000004 0.021
0 0.77875 0.544 0.017 0.0233333
0 0.230625 0.2935 0.01475 0.028333299999999995
0 0.13475000000000004 0.548333 0.019500000000000003 0.02
0 0.7215 0.13 0.02 0.02
0 0.434375 0.579333 0.02125 0.0186667
0 0.737875 0.8539999999999999 0.02125 0.02
0 0.618625 0.0766667 0.01625 0.03
0 0.730375 0.7908329999999999 0.01475 0.0256667
0 0.679 0.9064999999999999 0.016500000000000004 0.028333299999999995
0 0.64275 0.11333299999999999 0.016 0.0273333
0 0.226375 0.813333 0.01575 0.0273333
0 0.197125 0.7415 0.01475 0.0256667
0 0.80975 0.20683300000000002 0.015 0.028333299999999995
0 0.4603749999999999 0.949667 0.01675 0.029333299999999996
0 0.421625 0.597167 0.01425 0.031
0 0.8271250000000001 0.496833 0.01825 0.026333299999999994
0 0.556125 0.230667 0.01525 0.029333299999999996
0 0.7667500000000002 0.218 0.016500000000000004 0.0273333
0 0.23275 0.6736670000000001 0.022 0.021333299999999996
0 0.25725 0.8143329999999999 0.0235 0.018000000000000002
0 0.12475 0.772333 0.022 0.022666699999999998
0 0.47637500000000005 0.21483299999999997 0.01625 0.0296667
0 0.339375 0.4261670000000001 0.01675 0.0276667
0 0.1145 0.105 0.0155 0.025333300000000003
0 0.36575 0.34566699999999995 0.02 0.021999999999999992
0 0.07962500000000002 0.130167 0.01325 0.030333299999999997
0 0.735 0.455833 0.016500000000000004 0.024999999999999994
0 0.5902499999999999 0.597167 0.021 0.021
0 0.55875 0.8155000000000001 0.019000000000000003 0.0203333
0 0.44375 0.30950000000000005 0.018 0.0243333
0 0.80825 0.244333 0.016 0.025333300000000003
0 0.13925 0.7285 0.019500000000000003 0.023666700000000006
0 0.226375 0.9265000000000001 0.01925 0.0243333
0 0.475375 0.3425 0.01475 0.031
0 0.27212500000000006 0.962167 0.01825 0.024999999999999994
0 0.6939733350306244 0.7910866119489383 0.01705332993875043 0.033160076102122675
0 0.486875 0.36283299999999996 0.01675 0.023666700000000006
0 0.2720000000000001 0.603833 0.014000000000000002 0.028999999999999998
0 0.2705 0.636 0.0225 0.02
0 0.60175 0.629833 0.017 0.021
0 0.27225 0.49133299999999996 0.017 0.03
0 0.71675 0.7011669999999998 0.0185 0.023
0 0.722 0.38749999999999996 0.0215 0.0196667
0 0.252375 0.3955 0.01575 0.030333299999999997
0 0.202125 0.4205 0.02125 0.0223333
0 0.330125 0.8196669999999999 0.02075 0.020666700000000003
0 0.373125 0.5705 0.01575 0.028333299999999995
0 0.305125 0.5925 0.01375 0.0296667
0 0.699 0.7066669999999999 0.0175 0.025333300000000003
0 0.49437500000000006 0.19650000000000006 0.018750000000000003 0.023
0 0.73125 0.754167 0.0225 0.0156667
0 0.205375 0.2925 0.01925 0.021
0 0.36075 0.688 0.019500000000000003 0.020666700000000003
0 0.5798749999999999 0.197667 0.01725 0.024
0 0.61275 0.718833 0.017 0.0256667
0 0.47775 0.5399999999999999 0.018 0.029333299999999996
0 0.8121250000000001 0.27399999999999997 0.02075 0.021999999999999992
0 0.30887500000000007 0.842333 0.01725 0.0233333
0 0.595125 0.549667 0.02025 0.022666699999999998
0 0.820625 0.44 0.02125 0.02
0 0.331875 0.1235 0.018750000000000003 0.021666699999999997
0 0.8925 0.6355000000000001 0.017 0.028999999999999998
0 0.335875 0.3905000000000001 0.02175 0.021666699999999997
0 0.121875 0.34650000000000003 0.01575 0.030333299999999997
0 0.836625 0.533667 0.01425 0.025333300000000003
0 0.105625 0.521 0.02175 0.02
0 0.799375 0.42633299999999996 0.023250000000000003 0.021333299999999996
0 0.2225 0.322667 0.016 0.026000000000000002
0 0.360125 0.5985 0.01725 0.023666700000000006
0 0.4927500000000001 0.8561669999999999 0.021 0.0203333
0 0.181125 0.24183299999999996 0.01425 0.03366670000000001
0 0.512125 0.9391670000000001 0.01375 0.0256667
0 0.4040000000000001 0.561 0.016500000000000004 0.03
0 0.315 0.107667 0.016500000000000004 0.031333299999999994
0 0.70675 0.7304999999999999 0.016500000000000004 0.0276667
0 0.57125 0.679167 0.021 0.0196667
0 0.399625 0.310333 0.01825 0.028666700000000003
0 0.616875 0.242833 0.02125 0.0223333
0 0.299 0.24 0.022 0.020666700000000003
0 0.381875 0.6705 0.01775 0.0203333
0 0.5439293927756979 0.24660990010391204 0.023894121688447553 0.02045057708178781
0 0.6232759100807312 0.19548345739944245 0.015779136964069157 0.0312773531839108
0 0.7752064574204826 0.08962164662312898 0.015779136964069157 0.032480328306368884
0 0.8667790007747875 0.2445046936396103 0.02299245671907225 0.0198490895205588
0 0.4411395862669047 0.3302166711147504 0.02479578665782297 0.021653552204245884
0 0.5646676870713315 0.32209658903815813 0.018484131872195286 0.01864611439810069
0 0.8449136252674343 0.5049488076517905 0.02073829429563377 0.0174431392756425
0 0.8176382599438294 0.5653983075553104 0.020287461810946004 0.025262477571620204
0 0.8097486914617948 0.6050964865964279 0.018934964356882935 0.026465452694078358
2 0.780444579957095 0.5828414468309531 0.014426639510005978 0.018044626836871573
0 0.5054367642976042 0.5217904593662039 0.026148284111885925 0.02105206464301689
0 0.15441012600553378 0.7792271355722389 0.024795786657822942 0.024660990010391192
0 0.14223764891896618 0.7849412674039149 0.01217247708656763 0.031277353183910825
0 0.5836026514282147 0.6514110288110649 0.016680801933444463 0.032480328306368836
0 0.6368008846213621 0.7211835859136352 0.013975807025318431 0.02887140293899466
0 0.7233607216813985 0.769603334592574 0.02659911659657369 0.01864611439810072
0 0.9880529391557761 0.8303535782767085 0.015779136964069157 0.03308181586759785
0 0.8304869857574285 0.8577212623126305 0.018934964356882935 0.033683303428826986
0 0.7574521232380228 0.8183238270521274 0.018033299387507633 0.02105206464301689
