0 0.04174999999999999 0.762833 0.0215 0.0203333
1 0.049625 0.7531669999999999 0.02025 0.0223333
0 0.006749999999999999 0.566833 0.013499999999999998 0.0256667
0 0.291125 0.951667 0.014250000000000002 0.025333300000000003
0 0.01525 0.335333 0.013499999999999998 0.028000000000000008
0 0.007125000000000001 0.9055 0.014250000000000002 0.027000000000000003
0 0.06125 0.26899999999999996 0.02 0.021999999999999992
0 0.27362499999999995 0.6805 0.02075 0.021666699999999997
0 0.08499999999999998 0.10949999999999999 0.0215 0.015666699999999995
0 0.91275 0.297833 0.022 0.0196667
0 0.09477784635824593 0.327 0.0235 0.020666699999999996
0 0.5552500000000001 0.553167 0.019499999999999997 0.0196667
0 0.42225 0.230167 0.014500000000000002 0.031
0 0.0435 0.191 0.017 0.020666699999999996
0 0.34424999999999994 0.1545 0.016 0.0243333
0 0.21075 0.175167 0.013499999999999998 0.0276667
0 0.42875 0.263 0.015 0.029333299999999996
0 0.010875 0.200667 0.02175 0.018666700000000005
0 0.568125 0.3165 0.015250000000000001 0.0263333
0 0.308875 0.1115 0.02175 0.021
0 0.16350000000000006 0.21360005830629558 0.018999999999999972 0.0292008166125912
1 0.438625 0.5158330000000001 0.02025 0.021
0 0.30225 0.9228329999999998 0.023 0.023
0 0.779375 0.7765 0.02175 0.017
0 0.011 0.556 0.020500000000000004 0.021999999999999992
0 0.5522500000000001 0.613667 0.02 0.020666699999999996
0 0.6378749999999999 0.250333 0.01325 0.0233333
0 0.032 0.692667 0.017 0.029333299999999996
0 0.6575 0.545333 0.0235 0.018666700000000005
0 0.66125 0.15066699999999997 0.019499999999999997 0.019333300000000005
1 0.22349999999999998 0.6586669999999999 0.014500000000000002 0.025333300000000003
0 0.7403749999999999 0.7025 0.01675 0.0243333
0 0.243 0.10483300000000001 0.018 0.0203333
0 0.263 0.3176669999999999 0.016 0.0233333
2 0.1475 0.36616699999999996 0.014000000000000002 0.0223333
0 0.535375 0.6485 0.022250000000000002 0.017
0 0.6090000000000001 0.28466699999999995 0.016 0.021999999999999992
0 0.280625 0.294333 0.014250000000000002 0.0306667
0 0.15900000000000003 0.2555 0.019 0.0236667
0 0.899375 0.550833 0.01775 0.0236667
0 0.48675 0.869167 0.016 0.029000000000000005
1 0.153625 0.276333 0.01825 0.024
0 0.1027778463582459 0.5361552351093911 0.020555692716491925 0.030309770218782936
0 0.4515 0.65 0.015 0.032
0 0.15387500000000004 0.307333 0.02375 0.02
0 0.43450000000000005 0.533333 0.015 0.0326667
0 0.648375 0.1655 0.02275 0.018333300000000004
0 0.988125 0.992333 0.02375 0.0153333
1 0.6175 0.394167 0.014500000000000002 0.0243333
2 0.29787499999999995 0.3858835291531479 0.016749999999999994 0.0331003583062956
0 0.581375 0.9135 0.014250000000000002 0.0276667
0 0.7045 0.532667 0.014000000000000002 0.0313333
0 0.2956250000000001 0.8983330000000003 0.01625 0.0286667
0 0.2475 0.7461670000000001 0.019499999999999997 0.0243333
0 0.915625 0.7433330000000001 0.01825 0.026000000000000002
0 0.354 0.189833 0.020500000000000004 0.0176667
1 0.21575 0.0556667 0.014500000000000002 0.0273333
0 0.535125 0.2345 0.02075 0.018333300000000004
0 0.8873750000000001 0.8436669999999998 0.01975 0.024
1 0.024 0.402333 0.0215 0.018666700000000005
0 0.027125 0.3305 0.02125 0.0276667
0 0.417625 0.255 0.01575 0.024666699999999996
0 0.6978750000000001 0.6195 0.01975 0.015666699999999995
0 0.45975 0.4075 0.017 0.0236667
0 0.51625 0.4595 0.018 0.0256667
0 0.8215 0.257667 0.017500000000000005 0.025333300000000003
0 0.405 0.286167 0.014500000000000002 0.0256667
0 0.929 0.389 0.0235 0.020666699999999996
0 0.80125 0.223167 0.015 0.031
0 0.4977500000000001 0.824667 0.0255 0.018666700000000005
0 0.331375 0.16166699999999998 0.015250000000000001 0.025333300000000003
0 0.27375 0.14566699999999996 0.013499999999999998 0.0306667
0 0.25375 0.12547647021878255 0.014500000000000002 0.029000000000000005
0 0.212 0.0775 0.014000000000000002 0.030333300000000004
0 0.24975000000000006 0.0875 0.0165 0.031
0 0.03 0.762167 0.013000000000000001 0.029000000000000005
0 0.280125 0.887167 0.01875 0.028333299999999995
0 0.019875 0.623833 0.02025 0.025
0 0.22662499999999997 0.107333 0.02075 0.019333300000000005
0 0.8985 0.271167 0.014500000000000002 0.0323333
0 0.84775 0.613 0.019 0.018666700000000005
0 0.886875 0.7211669999999999 0.01575 0.031
0 0.2885 0.8716669999999997 0.021 0.0213333
0 0.83625 0.209667 0.016 0.03
0 0.05316207704231012 0.071790588087513 0.01932415408462026 0.028247876175026082
0 0.26774999999999993 0.125167 0.019 0.0223333
0 0.10737500000000001 0.7808329999999999 0.01825 0.029666699999999997
0 0.262375 0.5124999999999998 0.014250000000000002 0.031
0 0.781125 0.8186670000000003 0.02275 0.02
0 0.12125 0.419 0.0165 0.0313333
0 0.22525000000000003 0.9236670000000001 0.019499999999999997 0.0233333
0 0.626625 0.092 0.01775 0.032
0 0.139125 0.23416699999999996 0.01375 0.031
1 0.628625 0.6398330000000001 0.02025 0.023
0 0.5287500000000002 0.337333 0.016 0.03
1 0.8615 0.220667 0.022 0.0173333
0 0.6069999999999999 0.266667 0.021 0.018666700000000005
0 0.747875 0.669667 0.01275 0.032
0 0.782 0.792667 0.0215 0.0166667
0 0.841 0.889833 0.02 0.0223333
0 0.6545000000000001 0.5695 0.016 0.028333299999999995
0 0.36987500000000006 0.3018330000000001 0.02375 0.015666699999999995
0 0.11074999999999997 0.3394188238249741 0.015499999999999996 0.031162352350052193
0 0.422625 0.3075 0.02025 0.0223333
0 0.9464999999999999 0.5925 0.023 0.019
0 0.2785 0.844833 0.0155 0.03300000000000001
0 0.34362500000000007 0.6775 0.02175 0.018333300000000004
0 0.5923749999999999 0.272167 0.02175 0.0203333
0 0.339625 0.13450000000000004 0.019250000000000003 0.025
0 0.550875 0.901833 0.023250000000000003 0.0196667
0 0.7105 0.9231669999999998 0.016 0.0243333
0 0.19725 0.0653333 0.018499999999999996 0.024
0 0.431875 0.856 0.01975 0.0233333
0 0.31537500000000007 0.148167 0.01775 0.028333299999999995
0 0.748625 0.897333 0.01275 0.032
1 0.62125 0.267167 0.015 0.0243333
0 0.410375 0.8335000000000001 0.01775 0.029000000000000005
0 0.2975 0.2905 0.016 0.035
0 0.214125 0.931667 0.01625 0.0286667
0 0.072625 0.463667 0.01275 0.0333333
0 0.6454999999999999 0.630833 0.014500000000000002 0.0323333
0 0.64225 0.21949999999999995 0.017500000000000005 0.027000000000000003
0 0.708125 0.188 0.01575 0.022666699999999998
0 0.098125 0.613167 0.01725 0.0276667
0 0.65925 0.9285 0.022 0.018333300000000004
0 0.04825 0.6005000000000001 0.021 0.021666699999999997
0 0.302125 0.125333 0.02125 0.018000000000000002
0 0.815375 0.557333 0.024250000000000004 0.018666700000000005
0 0.911 0.85 0.022 0.019333300000000005
0 0.37575 0.542 0.0215 0.02
0 0.574875 0.892333 0.01325 0.034
0 0.777875 0.26350000000000007 0.02175 0.019
0 0.603875 0.6141670000000001 0.024250000000000004 0.0203333
0 0.351875 0.8184999999999999 0.02125 0.023
0 0.7810000000000001 0.837333 0.0215 0.02
0 0.14987500000000004 0.10183299999999999 0.01325 0.0316667
0 0.749125 0.956833 0.019250000000000003 0.023
0 0.8901250000000002 0.681333 0.02075 0.021999999999999992
1 0.493 0.805167 0.017500000000000005 0.0236667
0 0.048625 0.9093329999999998 0.01625 0.032
2 0.17075000000000004 0.3610000000000001 0.017 0.024666699999999996
0 0.426125 0.5161669999999999 0.015250000000000001 0.029666699999999997
0 0.07575 0.272667 0.02 0.0233333
0 0.08287499999999999 0.802833 0.02175 0.0196667
1 0.45000000000000007 0.607667 0.014500000000000002 0.0306667
0 0.6406250000000001 0.959 0.01175 0.032
0 0.14275 0.31300000000000006 0.018 0.028000000000000008
0 0.08987499999999998 0.36366699999999996 0.02375 0.0173333
0 0.262875 0.6875 0.02125 0.021
0 0.46125 0.217167 0.0165 0.0243333
0 0.9632499999999999 0.366833 0.018499999999999996 0.027000000000000003
1 0.39807415408462027 0.5476434702187826 0.015 0.026000000000000002
1 0.199 0.274667 0.020500000000000004 0.02
0 0.9832499999999997 0.927667 0.0235 0.019333300000000005
0 0.9008749999999999 0.791833 0.02075 0.0203333
0 0.264 0.06633329999999998 0.0225 0.020666699999999996
0 0.818 0.9025 0.018499999999999996 0.0336667
0 0.9129999999999999 0.131167 0.020500000000000004 0.023
0 0.359125 0.8753329999999999 0.02025 0.024666699999999996
0 0.043125 0.46216700000000005 0.02075 0.0223333
0 0.209875 0.8816669999999999 0.01675 0.0326667
0 0.7070000000000001 0.466667 0.017500000000000005 0.0266667
0 0.5598750000000001 0.7993330000000001 0.02025 0.0266667
0 0.4596249999999999 0.244833 0.01775 0.0236667
0 0.500875 0.8855 0.01675 0.021
0 0.992625 0.877 0.01325 0.034666699999999995
0 0.6381250000000002 0.3775 0.01775 0.028333299999999995
0 0.021125 0.782667 0.014250000000000002 0.029333299999999996
1 0.252 0.48183299999999996 0.0155 0.0316667
0 0.11899999999999998 0.154167 0.02 0.0243333
0 0.5045 0.405833 0.022 0.018333300000000004
0 0.39362499999999995 0.2973329999999999 0.02125 0.019333300000000005
0 0.875875 0.7588329999999999 0.01475 0.029666699999999997
0 0.729375 0.6416669999999999 0.015250000000000001 0.0313333
0 0.844375 0.63 0.022250000000000002 0.022666699999999998
0 0.606 0.377667 0.020500000000000004 0.024
0 0.240625 0.127333 0.01475 0.029333299999999996
0 0.467375 0.8115000000000001 0.015250000000000001 0.030333300000000004
0 0.657125 0.190833 0.01575 0.0276667
0 0.5754352309054978 0.37342594106563487 0.01672215364175353 0.023985065518678163
0 0.55525 0.6403329999999999 0.014000000000000002 0.0333333
0 0.37125 0.624 0.0245 0.020666699999999996
0 0.3765 0.187 0.014000000000000002 0.029333299999999996
0 0.493625 0.386833 0.02125 0.021
0 0.479875 0.833667 0.01375 0.034
0 0.678125 0.6065 0.01775 0.0236667
0 0.643375 0.6579999999999999 0.022250000000000002 0.018000000000000002
0 0.28625 0.7654999999999998 0.015 0.03300000000000001
0 0.065 0.6438330000000001 0.013499999999999998 0.03300000000000001
0 0.764375 0.8864999999999997 0.02025 0.0263333
0 0.7617499999999999 0.5355 0.0155 0.0343333
0 0.274 0.4045 0.020500000000000004 0.0196667
0 0.68475 0.5461669999999998 0.019499999999999997 0.023
0 0.378875 0.938 0.01825 0.0266667
0 0.47725000000000006 0.8834999999999998 0.014500000000000002 0.030333300000000004
0 0.51725 0.32466700000000004 0.013499999999999998 0.03
0 0.59125 0.293167 0.023 0.0196667
0 0.20337499999999997 0.899667 0.02125 0.019333300000000005
0 0.5181249999999998 0.122333 0.015250000000000001 0.03
0 0.43825 0.40716700000000006 0.0235 0.0203333
0 0.577125 0.3245 0.01325 0.029000000000000005
0 0.043375 0.669167 0.019250000000000003 0.0256667
0 0.249 0.8645 0.021 0.0236667
0 0.439125 0.7325 0.01675 0.027000000000000003
0 0.28025 0.07533329999999999 0.02 0.0233333
0 0.370125 0.98 0.02175 0.019333300000000005
0 0.424375 0.490667 0.01375 0.0273333
0 0.27037500000000003 0.6600000000000001 0.01775 0.0313333
0 0.48737499999999995 0.909667 0.02125 0.0213333
0 0.744875 0.6240000000000001 0.015250000000000001 0.0286667
0 0.731625 0.5828329999999999 0.02075 0.0236667
0 0.97175 0.330667 0.0215 0.0233333
0 0.546875 0.221 0.023250000000000003 0.02
0 0.7461249999999999 0.6431669999999998 0.02125 0.017
0 0.024874999999999998 0.58 0.02175 0.024666699999999996
0 0.752125 0.599333 0.01875 0.025333300000000003
0 0.55275 0.6708330000000001 0.015 0.030333300000000004
0 0.2588750000000001 0.395333 0.01725 0.0306667
0 0.03275 0.4195 0.018499999999999996 0.0223333
0 0.27325 0.7125 0.018499999999999996 0.021666699999999997
0 0.487625 0.4585 0.02025 0.023
0 0.2745000000000001 0.5430000000000001 0.017 0.03
0 0.446 0.8158330000000003 0.0225 0.0236667
0 0.5072499999999999 0.2155 0.0235 0.021
0 0.57375 0.675333 0.021 0.0233333
2 0.25926926057753197 0.2091105491471956 0.040297850786907806 0.05138822568834675
0 0.8072904005068411 0.20891290212531732 0.012741232234095866 0.02648470093168641
2 0.6509494983310485 0.37869169391873997 0.014222770865967467 0.015811761750260576
0 0.5832431828545155 0.3832375754219398 0.018074771308833622 0.029647053281738535
0 0.5879841064765049 0.3947011026908788 0.013926463139593184 0.028856465194225488
2 0.4324225501299857 0.45676226756065136 0.025778772194566056 0.033599993719303646
0 0.08055712506047795 0.32967523249293224 0.02192677175169984 0.018183526012799597
2 0.5336502152001544 0.6154728261288915 0.02074154084620263 0.012649409400208388
2 0.8305505570272252 0.5377975465307366 0.018963694487956654 0.05099293164459026
2 0.8693668691822616 0.5581551897841971 0.019556309940705313 0.014230585575234482
2 0.6831374631559999 0.5000469653519896 0.03348277308029849 0.020555290275338676
0 0.9340715308817132 0.8728092486143818 0.018074771308833712 0.01976470218782569
0 0.9266638377223554 0.8801221884238773 0.018667386761582277 0.016207055794017038
0 0.8961441419058004 0.8366398436106608 0.021037848572576914 0.014625879618990945
0 0.3048620739258399 0.9480188332460184 0.014815386318716085 0.03043764136925152
0 0.29093561078624675 0.9349741298020536 0.014222770865967467 0.02332234858163434
