2 0.10139561456809539 0.9483712868853251 0.02656347906135421 0.05408722326299247
1 0.37588489820208876 0.7212049491807565 0.06640869765338554 0.05015360702568401
0 0.44893446562081296 0.8864168311477155 0.057554204632934106 0.05015360702568401
0 0.5293627772232464 0.7462817526935983 0.059029953469676044 0.047203394847702605
2 0.38326364238579835 0.7807008947700481 0.07231169300035316 0.06687147603424534
2 0.4588957702688208 0.7290721816553734 0.074525316255466 0.07572211256818955
0 0.4647987656157884 0.7566074953165334 0.04648608835736989 0.05998764761895528
0 0.49874098886085205 0.7787340866513938 0.06567082323501458 0.039336162373085466
0 0.4290118563247973 0.6459745386422303 0.059029953469675975 0.06687147603424544
0 0.24897049824228545 0.6469579427015575 0.047223962775740834 0.049170202966356935
0 0.20137759825735915 0.7723419602657674 0.053864832541079356 0.07178849633088107
0 0.24048494243101948 0.6980949537865685 0.05976782788804698 0.04917020296635684
0 0.1847754238440128 0.6990783578458958 0.05312695812270842 0.039336162373085466
0 0.1320174029304898 0.5387834961755723 0.04501033952062797 0.0767055166275168
1 0.337146491237614 0.5466507286501894 0.061243576724788806 0.043269778610394036
1 0.15562938431836024 0.3598039573780333 0.04943758603085369 0.06883828415289965
0 0.20875634244106864 0.3253848153015834 0.04648608835736989 0.08653955722078807
0 0.22646532848197146 0.42913394356059653 0.04205884184714414 0.07965572880549822
0 0.3478456703039927 0.371604806089959 0.04427246510225702 0.07473870850886237
0 0.3482146075131783 0.49059669726854255 0.05091333486759562 0.06097105167828253
0 0.3906423865695079 0.347511406636444 0.0634571999799018 0.046219990788375534
0 0.4153611795849348 0.5156735007813846 0.04943758603085371 0.0678548800935725
1 0.4736532586362398 0.5220656271670109 0.06567082323501465 0.0531038192036654
0 0.46184726794230463 0.47977925261594406 0.05238908370433752 0.07277190039020823
0 0.5625671260499394 0.3027665219370593 0.030990725571579933 0.09243998157675092
1 0.5883927306929226 0.4596194693997377 0.05017546044922461 0.04818679890702967
0 0.7016564539128635 0.38340565480188454 0.04058309301040234 0.10030721405136803
0 0.664762732994316 0.4463435145988214 0.06124357672478889 0.047203394847702605
0 0.6064706539430109 0.4979722277134961 0.04353459068388601 0.0678548800935725
0 0.6913262120556702 0.5245241373153288 0.06567082323501458 0.058020839500301034
0 0.6422575632340021 0.5402586022645629 0.039845218592031294 0.0737553044495353
0 0.6223349539379863 0.5618934915697601 0.04869971161248274 0.06588807197491818
0 0.6252864516114701 0.20049249976703698 0.05017546044922461 0.05900424355962826
2 0.45594427259533693 0.09194827954708737 0.024349855806241324 0.08948976939876953
0 0.5585088167488991 0.12931763380151862 0.05386483254107939 0.059987647618955385
0 0.6024123446419707 0.11358316885228438 0.04279671626551511 0.07965572880549814
0 0.80593902796844 0.08506445113179739 0.032466474408321865 0.07572211256818957
0 0.7967155977388031 0.17258741241191267 0.03910734417366025 0.09145657751742381
0 0.8885809628259862 0.25175143918774723 0.06345719997990167 0.039336162373085466
0 0.7838027954173112 0.4066375785317714 0.06640869765338554 0.05802083950030114
0 0.8701341023667126 0.4425318266972119 0.0693601953268693 0.0413029704917398
1 0.7491226977538767 0.49121032763390526 0.04722396277574088 0.06982168821222676
0 0.8730856000401964 0.592992647774264 0.033942223245063664 0.08653955722078807
0 0.7624044372845538 0.5408722326299256 0.07083594416361122 0.047203394847702605
0 0.6745973814984108 0.6347873202956672 0.05312695812270842 0.07572211256818964
1 0.7804823605346423 0.6264283857913867 0.06419507439827254 0.05507062732231974
0 0.7118600396261435 0.6470798710372566 0.058292079051305075 0.039336162373085466
0 0.7808512977438276 0.6947749679146227 0.03541797208180561 0.07572211256818955
0 0.808521588432738 0.7444368729106431 0.03468009766343472 0.08457274910213383
0 0.7753172396060454 0.7975406921143086 0.03025285115320888 0.07277190039020835
0 0.7476469489171348 0.7262438978130912 0.05902995346967612 0.04228637455106697
0 0.7133357884628856 0.6859243313806783 0.07009806974524033 0.044253182669721204
0 0.7044812954424343 0.7523041053852602 0.050913334867595667 0.0826059409834796
0 0.7277243396211189 0.843760682902684 0.057554204632934175 0.0767055166275168
0 0.10920541391890065 0.8701906641688177 0.03836946975528941 0.08063913286482528
0 0.10367135578111852 0.797910465808273 0.03025285115320898 0.08162253692415235
0 0.3509803921568627 0.05313588850174217 0.06666666666666667 0.05400696864111499
0 0.6830065359477123 0.03832752613240418 0.06143790849673203 0.04878048780487805
