0 0.06333832475895822 0.2068631202065287 0.03730887622787949 0.07986750130601976
0 0.13969137378345578 0.23927312073650767 0.02863239338418657 0.0775525012681641
0 0.18155540350427407 0.2867306215125484 0.05856625919492711 0.06250500102210246
0 0.0882832129345753 0.3246387471324347 0.037742700370064136 0.09086375148583414
1 0.18025393107772011 0.3871437481545371 0.05075742463560348 0.06539875106942201
1 0.3047614598847133 0.31942999704725944 0.0663750937542507 0.04919375080443247
1 0.169408327523104 0.3260856221560944 0.05769861091055782 0.05440250088960765
0 0.13253327543740914 0.3402649973879603 0.049022128066864915 0.07581625123977236
2 0.2320959160687852 0.31885124703779555 0.021691207109232283 0.11980125195902966
0 0.21105544517282993 0.40248062340533075 0.06116920404803498 0.052087500851752046
2 0.1353531323616093 0.40739999848577396 0.06767656618080467 0.10359625169404019
1 0.21062162103064522 0.46498562442743313 0.06897803860735859 0.037040000605690335
0 0.28892687869497374 0.45543624927127857 0.05552949019963456 0.06771375110727762
0 0.10975750797271523 0.46064499935645387 0.05726478676837317 0.04224875069086551
0 0.26636802330137216 0.4976849999621443 0.06767656618080464 0.04109125067193774
0 0.26094522152406413 0.5408018756672055 0.06377214890114286 0.04630000075711291
0 0.25682389217331 0.583629376367535 0.06680891789643537 0.04051250066247376
0 0.32081295314554514 0.5318312505205149 0.04641918321375706 0.07118625116406116
0 0.3138717668705908 0.6258781270584006 0.04728683149812635 0.07176500117352501
0 0.42059250584801355 0.6496068774464209 0.036875052085694845 0.09375750153315364
0 0.38154833305139546 0.6577093775789158 0.05075742463560348 0.06482000105995817
0 0.35616962073359365 0.5755268762350402 0.059000083337111736 0.05208750085175198
0 0.5403413780728539 0.7830141948779417 0.0539887637586658 0.06694048321963295
0 0.6432376101776053 0.7050581891031791 0.05144811605237572 0.06863517899734518
0 0.5022316624785015 0.6207470741619958 0.06542167843697151 0.04236739444280564
1 0.4761900234890274 0.5711772226639134 0.06415135458382651 0.04829882966479849
0 0.44411434619711415 0.5266914584989675 0.06478651651039902 0.040672698665093404
0 0.44665499390340435 0.4898318253337265 0.053353601832093395 0.029657176109963962
0 0.514617320046666 0.5004236739444279 0.05970522109781865 0.04067269866509347
1 0.401933820073365 0.4233535318716515 0.0669807122567405 0.040056445655016246
0 0.4622742030977562 0.44184112217396665 0.04215165512708671 0.07240972868406781
1 0.5973904674777328 0.42104258308386205 0.027138736862644862 0.06624719858329606
3 0.6620615000014821 0.462254503132773 0.03522261592811355 0.0608549847451208
0 0.5999888571773476 0.5065476882320697 0.041574235193838904 0.07240972868406786
0 0.5754485100143178 0.5412119200489108 0.06640329232349278 0.046218975755787914
0 0.6124033857421746 0.594363742168067 0.03984197539409556 0.09551921656196181
0 0.677074418265924 0.5835793144917164 0.049080694326059875 0.07857225878483948
0 0.6406969624713149 0.6140068068642767 0.04330649499358223 0.09166763524897945
0 0.6949744361966047 0.5223391716152973 0.03984197539409566 0.08858637019859365
1 0.7385696411568107 0.5616253010077171 0.06467103252374938 0.04082676191761283
0 0.5255016857883863 0.3332265291478648 0.04965811425930769 0.07240972868406781
0 0.6874679770643837 0.4002440439937574 0.05254521392554637 0.050840873331366776
1 0.7440551305226646 0.3871486675296175 0.04677101459306891 0.07086909615887486
0 0.7053679949950644 0.43875985712358073 0.027138736862644862 0.07395036120926081
2 0.7631099883198408 0.23732215445460483 0.07333233152246596 0.05623308716954205
0 0.7192260733930107 0.3443961149555136 0.06178393285751059 0.05315182211915617
0 0.7619551484533453 0.3078060924821815 0.04792585445956435 0.08011289131003249
0 0.7172051036266436 0.28045986516000687 0.04734843452631655 0.07780194252224308
1 0.6640824697678492 0.21999003854618432 0.06351619265725393 0.06470656605810317
0 0.6092275761093119 0.19341412748660627 0.03810971559435232 0.09166763524897945
1 0.4518806442992964 0.3012584042501115 0.07217749165597043 0.04236739444280564
0 0.4241644875034038 0.25426911223172705 0.06524845245699717 0.04544865949319148
0 0.3863434818756753 0.23192994061642952 0.043883914926830005 0.08704573767340065
0 0.3721966935111051 0.30202872051270796 0.0687129720564838 0.05161118959396325
0 0.42705158716964264 0.3286046315722861 0.06524845245699726 0.044678343230595045
0 0.38461122207593207 0.3613430727326357 0.04503875479332549 0.07163941242147134
0 0.43484675626848746 0.3767493979845652 0.060051673057767346 0.04852992454357732
1 0.34845108404740005 0.0911842502394563 0.06230601863855528 0.06327070424778601
0 0.46050892353912987 0.04342107154259823 0.05207667229491191 0.07939853082075105
0 0.5925604854297993 0.08870304615130781 0.03533774191440449 0.10296996965816152
0 0.6581212960867867 0.07195491855630565 0.06602578094533468 0.057067694027414816
