0 0.5634248491512215 0.4734240889404217 0.036377455794609076 0.08781605393599716
0 0.6563894584041114 0.4892155723236493 0.049080694326059875 0.07163941242147134
0 0.6942104640318398 0.4283605875785284 0.0704452318562271 0.05161118959396325
0 0.6598539780035979 0.368275919096004 0.04677101459306883 0.07163941242147134
0 0.44476505286880624 0.40486594156933625 0.04041939532734337 0.08781605393599716
0 0.3864456396107821 0.44646301974954544 0.03580003586136131 0.10014111413754063
0 0.354976253248779 0.5581588778260331 0.031758096328626965 0.08935668646119009
0 0.4687279800985884 0.6024520629253297 0.049080694326059875 0.0793425750474361
0 0.36101386600768803 0.3364583333333334 0.051534184514003295 0.07604166666666669
0 0.37584946457990115 0.6104166666666666 0.051534184514003295 0.055208333333333366
0 0.5585615733113674 0.5458333333333334 0.05621911037891269 0.055208333333333366
0 0.5515341845140032 0.5911458333333335 0.054657468423942854 0.05625
0 0.44964764600430596 0.7514710516036801 0.036744904843039425 0.07423047621384127
0 0.38271942646876966 0.7143558134967596 0.06036662938499338 0.04902012580159339
0 0.30450527187430004 0.7682779518785122 0.058266920536819714 0.05882415096191205
0 0.5173632563579073 0.8662450853127953 0.04934315793208154 0.0868356514199653
0 0.5614571421695544 0.827729272182972 0.03464519599486583 0.07423047621384127
0 0.5890158208018343 0.8088215093737859 0.04671852187186453 0.07983277630545194
0 0.6632930213059782 0.859242210198282 0.0724399552619921 0.044818400732885365
0 0.6068633460113105 0.9565821742900174 0.041469249751430216 0.08263392635125727
0 0.786650916136182 0.7160334141064846 0.03989446811530004 0.08753593893141662
1 0.5738790370426723 0.6384142776446458 0.060784996372992 0.0615174567309538
1 0.7579807214597227 0.5535947539701488 0.036331262199949324 0.05592496066450345
2 0.6252318788060619 0.5549928779867614 0.06427838696914094 0.07736286225256309
0 0.7554626582695724 0.4608525275348474 0.06288103073068145 0.04380788585386106
0 0.8200903842983283 0.3872179959932511 0.03563258408071948 0.08109119296353004
0 0.33765314297015586 0.16311446860480178 0.06567574320760056 0.05219662995353656
0 0.45293503264307183 0.17057113002673552 0.03493390596148963 0.09134410241868895
0 0.48123149647187846 0.0629155807475664 0.06497706508837077 0.06058537405321209
0 0.5161654024333682 0.2661096044952622 0.056592927657613326 0.0568570433422452
1 0.6621891293523948 0.29080979545541796 0.0593876401345325 0.057789126019986925
0 0.651359618504333 0.23069046274107674 0.04331804339224718 0.06244953940869553
0 0.4592231357161398 0.27869272064477557 0.05170218082300471 0.07270244886385453
0 0.7907459032906768 0.2017958997310833 0.042619365273017434 0.06804203547514588
0 0.8179943499406389 0.1365501122891626 0.056592927657613326 0.0419437204983776
1 0.1386456859799602 0.3759397955925762 0.06255963879583569 0.057518822043441886
0 0.0913032566209494 0.4419172679365242 0.0524148325046191 0.040601521442429477
