1 0.497625 0.63 0.01625 0.022666699999999998
1 0.76625 0.357333 0.014500000000000002 0.0233333
1 0.34625 0.6820000000000002 0.017 0.020666699999999996
1 0.5384999999999999 0.326667 0.0155 0.034666699999999995
1 0.866 0.220167 0.019499999999999997 0.015666699999999995
1 0.49187500000000006 0.3270000000000001 0.01675 0.0286667
1 0.9140000000000001 0.866333 0.021 0.018666700000000005
1 0.329375 0.0526667 0.01825 0.02
1 0.71675 0.102 0.0225 0.0166667
1 0.66975 0.524 0.018 0.019333300000000005
1 0.5447500000000001 0.787 0.0215 0.016
1 0.8209351537524736 0.38523264620538883 0.022192831481221895 0.016608001381753782
1 0.542625 0.124833 0.01625 0.0243333
1 0.9179240615009886 0.4884785875850578 0.015348123001976048 0.016376124829886197
1 0.10549999999999998 0.549833 0.017 0.017
1 0.444875 0.433167 0.01625 0.0323333
1 0.585375 0.118667 0.01375 0.025333300000000003
1 0.12412500000000001 0.552 0.01325 0.03
1 0.39275 0.545833 0.0155 0.027000000000000003
1 0.992875 0.632667 0.014250000000000002 0.024
1 0.433 0.420833 0.0125 0.027000000000000003
1 0.83575 0.896333 0.014500000000000002 0.025333300000000003
1 0.24087499999999998 0.376833 0.015250000000000001 0.028333299999999995
1 0.821 0.3425 0.0165 0.021666699999999997
1 0.648875 0.5015 0.01575 0.0243333
1 0.266625 0.551167 0.01775 0.0236667
1 0.44125 0.41066699999999995 0.0215 0.0166667
1 0.86525 0.225167 0.019499999999999997 0.03300000000000001
1 0.837875 0.742833 0.01675 0.025
1 0.66975 0.9186669999999999 0.0215 0.018000000000000002
1 0.830875 0.355 0.019250000000000003 0.018000000000000002
1 0.794625 0.722167 0.01875 0.0223333
1 0.67475 0.132167 0.018 0.019
1 0.769125 0.727833 0.01575 0.028333299999999995
1 0.11750000000000002 0.771333 0.0225 0.019333300000000005
1 0.616 0.914667 0.0165 0.029333299999999996
1 0.879125 0.57 0.019250000000000003 0.018666700000000005
1 0.767625 0.347333 0.02025 0.020666699999999996
1 0.7511250000000002 0.752833 0.02025 0.018333300000000004
1 0.10037500000000002 0.447833 0.01175 0.0263333
1 0.46462500000000007 0.455667 0.015250000000000001 0.0266667
1 0.6002499999999998 0.597167 0.0155 0.025
1 0.6370000000000001 0.247833 0.014500000000000002 0.0263333
1 0.23037500000000002 0.24866700000000003 0.01575 0.024666699999999996
1 0.090625 0.894667 0.01675 0.024
1 0.6651250000000001 0.0943333 0.019250000000000003 0.016
1 0.36075 0.9186669999999999 0.015 0.0213333
1 0.659375 0.960333 0.01575 0.0233333
1 0.9111249999999999 0.752667 0.01475 0.025333300000000003
1 0.7490000000000001 0.130667 0.0215 0.02
1 0.712875 0.233333 0.01275 0.0273333
1 0.78675 0.678167 0.021 0.0163333
1 0.396625 0.565333 0.01775 0.028000000000000008
1 0.6299999999999999 0.2785 0.014500000000000002 0.0256667
2 0.552125 0.04 0.014250000000000002 0.0286667
1 0.8376249999999998 0.9395 0.01325 0.0276667
1 0.9172500000000001 0.21716699999999997 0.0235 0.017
1 0.818 0.790667 0.017500000000000005 0.024
1 0.708625 0.272333 0.01225 0.026000000000000002
1 0.58875 0.596 0.016 0.026000000000000002
1 0.010250000000000002 0.494 0.020500000000000004 0.018666700000000005
1 0.50475 0.897333 0.017500000000000005 0.029333299999999996
1 0.5432500000000001 0.2075 0.0225 0.0196667
1 0.5366249999999999 0.903 0.01475 0.03
1 0.50825 0.343667 0.013499999999999998 0.0266667
1 0.696 0.242833 0.017 0.0223333
1 0.5011250000000002 0.6371669999999999 0.02075 0.0223333
1 0.5525 0.889167 0.021 0.018333300000000004
1 0.6701250000000001 0.8696670000000001 0.01375 0.029333299999999996
1 0.8045 0.3390000000000001 0.0215 0.018666700000000005
1 0.6679999999999999 0.538333 0.016 0.0233333
1 0.57425 0.538333 0.0155 0.0266667
1 0.11925 0.08 0.0165 0.0273333
1 0.8865000000000001 0.0971667 0.016 0.028333299999999995
1 0.84725 0.786167 0.017 0.023
1 0.327375 0.716667 0.01475 0.0313333
1 0.808375 0.18666699999999994 0.01975 0.020666699999999996
1 0.2625 0.209167 0.0245 0.0176667
1 0.74375 0.77 0.016 0.0213333
1 0.657 0.1355 0.018499999999999996 0.0176667
1 0.9122499999999998 0.882 0.020500000000000004 0.018000000000000002
1 0.7985 0.867167 0.018 0.023
1 0.088875 0.7511670000000001 0.01575 0.031
1 0.35075 0.629833 0.0155 0.0256667
1 0.426125 0.161 0.01675 0.021999999999999992
1 0.33112499999999995 0.6836670000000001 0.01875 0.018666700000000005
1 0.8925000000000002 0.774333 0.0235 0.018000000000000002
1 0.782125 0.562667 0.015250000000000001 0.029333299999999996
1 0.9361249999999999 0.594 0.015250000000000001 0.029333299999999996
1 0.939625 0.5635 0.01375 0.030333300000000004
1 0.11675 0.815833 0.019 0.023
1 0.353625 0.656833 0.01575 0.031
1 0.843125 0.22300000000000003 0.01825 0.0233333
1 0.8831249999999998 0.21366699999999994 0.019250000000000003 0.021999999999999992
1 0.54275 0.528667 0.015 0.032
1 0.504625 0.613833 0.02025 0.019
1 0.6735 0.954667 0.019 0.019333300000000005
1 0.683875 0.8489999999999999 0.02175 0.0173333
1 0.9079999999999998 0.6045000000000001 0.0215 0.0203333
1 0.92925 0.823167 0.014500000000000002 0.0276667
1 0.17125 0.12 0.019 0.022666699999999998
1 0.727 0.244667 0.0215 0.0173333
1 0.206 0.37 0.0225 0.0166667
1 0.6408749999999999 0.204 0.01675 0.025333300000000003
1 0.9246250000000003 0.23716699999999996 0.01675 0.027000000000000003
1 0.781125 0.5984999999999999 0.01775 0.023
1 0.6417500000000003 0.582667 0.018 0.0286667
1 0.55875 0.525167 0.017 0.0176667
1 0.6523749999999999 0.682 0.02025 0.018000000000000002
1 0.5493749999999998 0.923333 0.01475 0.0286667
1 0.286625 0.140833 0.019250000000000003 0.0203333
1 0.333125 0.6256669999999999 0.01725 0.0233333
1 0.80675 0.769 0.018 0.0266667
1 0.379125 0.9095 0.01725 0.0223333
1 0.224125 0.460333 0.01625 0.028000000000000008
1 0.55 0.102333 0.020500000000000004 0.016
1 0.42475 0.179 0.021 0.0173333
1 0.9285 0.49983299999999997 0.018499999999999996 0.021666699999999997
1 0.78125 0.747833 0.018499999999999996 0.0223333
1 0.50325 0.467333 0.0225 0.018666700000000005
1 0.899875 0.4765 0.024250000000000004 0.0163333
1 0.61725 0.951833 0.014000000000000002 0.030333300000000004
1 0.24449999999999997 0.4865 0.0215 0.017
1 0.6018750000000002 0.214667 0.02025 0.018666700000000005
1 0.5796249999999998 0.318 0.02175 0.020666699999999996
1 0.4115 0.22450000000000003 0.018 0.0196667
1 0.9052500000000001 0.742833 0.017500000000000005 0.0263333
1 0.5692500000000001 0.8715000000000002 0.014000000000000002 0.029666699999999997
1 0.52575 0.2285 0.013000000000000001 0.03300000000000001
1 0.32525 0.4 0.0125 0.026000000000000002
1 0.456 0.162333 0.014500000000000002 0.028000000000000008
1 0.09125 0.221167 0.0215 0.018333300000000004
1 0.30987500000000007 0.3764999999999999 0.019250000000000003 0.019
1 0.854625 0.847167 0.01725 0.0276667
1 0.076375 0.940167 0.01825 0.0176667
1 0.84725 0.819333 0.0215 0.0213333
1 0.587 0.909 0.018 0.025333300000000003
1 0.289125 0.8640000000000001 0.02125 0.018666700000000005
1 0.0685 0.847333 0.019499999999999997 0.021999999999999992
1 0.8485 0.418667 0.021 0.018666700000000005
1 0.469 0.7605 0.02 0.0196667
1 0.7505 0.543833 0.018 0.0236667
1 0.939125 0.5171670000000002 0.01875 0.023
1 0.7985 0.8439999999999999 0.014000000000000002 0.0286667
1 0.8134999999999999 0.874167 0.018 0.015
1 0.91775 0.7760000000000001 0.0215 0.0173333
1 0.83725 0.7575 0.0165 0.0196667
1 0.620625 0.581667 0.01875 0.018666700000000005
1 0.374 0.265333 0.02 0.020666699999999996
1 0.60725 0.946667 0.017500000000000005 0.022666699999999998
1 0.395625 0.269833 0.01975 0.021666699999999997
1 0.805875 0.519 0.01325 0.0286667
1 0.16275000000000003 0.7483330000000001 0.0165 0.034666699999999995
1 0.553875 0.6033329999999999 0.015250000000000001 0.024666699999999996
1 0.5273750000000001 0.502667 0.01825 0.021999999999999992
1 0.768125 0.7788330000000002 0.019250000000000003 0.021
1 0.809375 0.36500000000000005 0.01775 0.0213333
1 0.413 0.412 0.018499999999999996 0.0233333
1 0.063375 0.632 0.022250000000000002 0.018666700000000005
1 0.406875 0.674833 0.01975 0.021666699999999997
1 0.84775 0.374333 0.016 0.024
1 0.12925 0.254667 0.021 0.018000000000000002
1 0.828875 0.412667 0.01575 0.0266667
1 0.64475 0.11233300000000002 0.017500000000000005 0.025333300000000003
1 0.498125 0.324167 0.01675 0.0276667
1 0.711375 0.368333 0.022250000000000002 0.018000000000000002
1 0.6655 0.744167 0.0225 0.0176667
1 0.115125 0.570833 0.023250000000000003 0.021666699999999997
1 0.76425 0.294833 0.019 0.0223333
1 0.42125 0.388833 0.0225 0.017
1 0.134125 0.148833 0.01825 0.0243333
1 0.112375 0.6836670000000001 0.02025 0.019333300000000005
1 0.11025 0.913833 0.019 0.0243333
1 0.48399999999999993 0.326 0.013000000000000001 0.03
1 0.22299999999999998 0.736 0.013499999999999998 0.0286667
1 0.541375 0.3705 0.01825 0.023
1 0.232125 0.7644999999999998 0.022250000000000002 0.019
1 0.9327499999999997 0.422833 0.016 0.0263333
1 0.464375 0.632333 0.01325 0.028000000000000008
1 0.5576250000000001 0.185667 0.019250000000000003 0.024
1 0.89875 0.10200000000000001 0.016 0.032
1 0.7638750000000001 0.3635 0.01975 0.0203333
1 0.881625 0.465333 0.022250000000000002 0.018000000000000002
1 0.211125 0.895167 0.01625 0.027000000000000003
1 0.4501250000000001 0.0611667 0.024250000000000004 0.0176667
1 0.21600000000000003 0.877667 0.017500000000000005 0.0233333
1 0.24862499999999998 0.816167 0.02025 0.021
1 0.58175 0.476333 0.018499999999999996 0.0306667
1 0.603125 0.42950000000000005 0.022250000000000002 0.018333300000000004
1 0.11687500000000002 0.5301670000000002 0.02125 0.019
1 0.151125 0.699833 0.01775 0.021666699999999997
1 0.85625 0.8635 0.0155 0.0256667
1 0.249625 0.502 0.02175 0.0153333
1 0.39625 0.215 0.017500000000000005 0.0233333
1 0.928125 0.529667 0.02125 0.019333300000000005
1 0.836125 0.17533300000000002 0.01375 0.0273333
1 0.30962499999999993 0.676833 0.01475 0.0323333
1 0.5761249999999999 0.449 0.01825 0.0213333
1 0.943125 0.778 0.023250000000000003 0.021999999999999992
1 0.26049999999999995 0.480167 0.022 0.0203333
1 0.40525 0.2874999999999999 0.017 0.023
1 0.637125 0.069 0.01625 0.026000000000000002
1 0.626375 0.5475 0.02025 0.018333300000000004
1 0.8551250000000001 0.904 0.01875 0.021999999999999992
1 0.528875 0.8015000000000001 0.01625 0.027000000000000003
1 0.22525000000000003 0.5086669999999999 0.0165 0.028000000000000008
1 0.46737500000000004 0.088 0.022250000000000002 0.020666699999999996
1 0.15574999999999997 0.848 0.017 0.03
1 0.198375 0.816833 0.01725 0.0276667
1 0.6278749999999998 0.469833 0.01575 0.0263333
1 0.32925 0.294333 0.013499999999999998 0.034
1 0.48150000000000004 0.1595 0.014000000000000002 0.029000000000000005
1 0.469375 0.326 0.014250000000000002 0.025333300000000003
1 0.9515000000000002 0.8489999999999999 0.017500000000000005 0.025333300000000003
1 0.381625 0.9271670000000001 0.02375 0.0163333
1 0.56875 0.6288330000000001 0.014000000000000002 0.030333300000000004
1 0.41775 0.56 0.019499999999999997 0.021999999999999992
1 0.528125 0.346167 0.01575 0.0236667
1 0.39975 0.241667 0.0215 0.018000000000000002
1 0.066375 0.5555 0.01475 0.0316667
1 0.294125 0.241667 0.01975 0.02
1 0.162625 0.6708330000000001 0.02075 0.0203333
1 0.6025 0.564667 0.016 0.03
1 0.852875 0.932 0.019250000000000003 0.026000000000000002
1 0.625125 0.816 0.015250000000000001 0.0273333
1 0.664 0.887 0.0155 0.0313333
1 0.215375 0.574833 0.01825 0.027000000000000003
1 0.21075 0.3378329999999999 0.020500000000000004 0.021
1 0.4795 0.6258329999999999 0.014000000000000002 0.028333299999999995
1 0.9615 0.6825 0.0165 0.0223333
1 0.410375 0.889333 0.01675 0.0266667
1 0.9181250000000002 0.3783329999999999 0.01875 0.024666699999999996
1 0.7705 0.677333 0.0165 0.0306667
1 0.822375 0.916667 0.01825 0.03
1 0.5831249999999999 0.970333 0.02075 0.02
1 0.6182499999999999 0.797833 0.017500000000000005 0.029000000000000005
1 0.33149999999999996 0.649 0.021 0.021999999999999992
1 0.44012499999999993 0.635833 0.015250000000000001 0.03300000000000001
1 0.232625 0.904 0.02125 0.019333300000000005
1 0.43575 0.0495 0.021 0.025
1 0.183375 0.555833 0.01825 0.027000000000000003
1 0.30175 0.569833 0.018499999999999996 0.0256667
1 0.6344999999999998 0.9384999999999999 0.0215 0.0256667
1 0.6992499999999999 0.9090000000000003 0.020500000000000004 0.024666699999999996
1 0.8590000000000002 0.731 0.022 0.019333300000000005
1 0.2112134927093279 0.4356461296764395 0.015319109453552462 0.032611758609912306
1 0.2167544471925277 0.4523868324295279 0.015319109453552462 0.035655522746837545
1 0.2392442036243388 0.2554118104256572 0.014015355457505487 0.029567994472987236
1 0.09045327882547284 0.3691181421122182 0.018904432942681768 0.012609879995832816
1 0.3689677262310171 0.24915383577973046 0.019230371441693518 0.017392937925286577
1 0.3880351284232048 0.24741454198720184 0.02151194093477581 0.014783997236493603
1 0.4608823829523319 0.42134392124006775 0.022489756431811055 0.01652329102902223
1 0.4913576326099309 0.614405532210749 0.015645047952564134 0.01913223171781518
1 0.12972352260667833 0.7407217438931428 0.024771325924893367 0.016958114477154392
1 0.13884980057900745 0.7687678562976674 0.024771325924893367 0.017392937925286546
1 0.06437285355482153 0.8318172562768315 0.01597098645157597 0.02869834757672289
1 0.42046066372516344 0.8365063835023061 0.020208186938728813 0.02261081930287256
1 0.563058757042806 0.7904150980002966 0.018578494443670067 0.018262584821550867
1 0.6210758098668984 0.29254224988896776 0.016622863449599484 0.029567994472987205
1 0.638676488813533 0.09404534581663457 0.02248975643181096 0.0247849365435334
1 0.7128274973387072 0.11370633168656111 0.022815694930822805 0.017827761373418773
1 0.6988121418812018 0.2600244219830346 0.02151194093477581 0.01826258482155093
1 0.6986491726316959 0.22849972199345267 0.02053412543774056 0.01956705516594743
1 0.7429768084972946 0.41090815848489576 0.016622863449599484 0.02869834757672283
1 0.8256022179967744 0.37220887160113314 0.022163817932799302 0.013044703443964974
1 0.7830672438757402 0.7191979832106007 0.017274740447622977 0.02174117240660824
1 0.9271527454708729 0.8519426159109978 0.014667232455528985 0.02478493654353348
1 0.9424718549244255 0.8615087317699056 0.016622863449599484 0.01869740826968302
1 0.9183524059975556 0.8302014435043897 0.017274740447622977 0.013479526892097131
1 0.9199820984926145 0.4758203332766752 0.018578494443669973 0.020436702062211775
