2 0.3459637561779242 0.09450549450549449 0.07907742998352553 0.1582417582417582
1 0.6812191103789127 0.7505494505494503 0.09060955518945635 0.1076923076923077
1 0.8863261943986821 0.47802197802197793 0.07578253706754529 0.12967032967032968
1 0.970345963756178 0.13626373626373625 0.05601317957166392 0.11428571428571428
0 0.0329489291598023 0.3318681318681319 0.06260296540362437 0.13186813186813187
0 0.019769357495881386 0.5120879120879122 0.03624382207578254 0.10989010989010989
2 0.13591433278418452 0.6252747252747253 0.08401976935749589 0.13406593406593406
1 0.27100494233937394 0.7032967032967032 0.09390444810543658 0.10989010989010989
1 0.1985172981878089 0.9505494505494506 0.08072487644151564 0.0945054945054945
0 0.0271828665568369 0.9395604395604399 0.05107084019769357 0.08571428571428572
