0 0.350125 0.853667 0.01625 0.029333299999999996
0 0.44562499999999994 0.608333 0.01825 0.0213333
0 0.27975000000000005 0.0665 0.016 0.0323333
2 0.6237832767544476 0.4160000000000008 0.01506655350889347 0.017999999999998767
2 0.7686945387425885 0.0893622296556036 0.026389077485175414 0.019275640688793144
0 0.404625 0.8583330000000001 0.01675 0.024666699999999996
0 0.9286249999999999 0.104833 0.01775 0.021
0 0.8865000000000001 0.496833 0.0245 0.0143333
0 0.20962500000000003 0.588 0.02025 0.0166667
0 0.664875 0.12 0.01475 0.026000000000000002
0 0.56475 0.007000000000000002 0.0165 0.014000000000000004
0 0.603125 0.24033300000000002 0.01375 0.024
0 0.285875 0.992333 0.02125 0.0153333
0 0.574375 0.273333 0.01625 0.0213333
1 0.196875 0.402333 0.02025 0.019333300000000005
1 0.29549999999999993 0.416333 0.021 0.016
0 0.7822499999999999 0.0426667 0.018499999999999996 0.022666699999999998
0 0.26875 0.0558333 0.0165 0.0223333
0 0.9186250000000001 0.1415 0.02075 0.021666699999999997
0 0.4734999999999999 0.476833 0.022 0.018333300000000004
0 0.8638749999999998 0.09733330000000001 0.01575 0.0286667
0 0.517625 0.5075 0.01675 0.0263333
0 0.9017500000000002 0.501833 0.018 0.021
0 0.9263749999999998 0.153333 0.01675 0.02
0 0.4171250000000001 0.858833 0.01725 0.0236667
0 0.770375 0.5295 0.01775 0.019
0 0.802 0.65 0.019 0.020666699999999996
0 0.5805 0.283833 0.0155 0.0256667
0 0.21512500000000004 0.4109999999999999 0.01375 0.0286667
0 0.679 0.221833 0.016 0.025
1 0.2532499999999999 0.35833299999999996 0.024 0.018666700000000005
0 0.34575 0.5696670000000001 0.016 0.028000000000000008
0 0.893375 0.141 0.01825 0.021999999999999992
0 0.7916250000000001 0.472167 0.015250000000000001 0.030333300000000004
0 0.451125 0.00983333 0.01875 0.0196667
0 0.661875 0.5941669999999999 0.02075 0.017
0 0.144875 0.234 0.01225 0.0326667
0 0.5975 0.704667 0.013499999999999998 0.026000000000000002
0 0.255625 0.888 0.01675 0.03
0 0.23737500000000003 0.874167 0.019250000000000003 0.0176667
0 0.4981250000000001 0.293167 0.01325 0.029000000000000005
0 0.43075 0.370833 0.0165 0.0243333
0 0.341 0.5488329999999999 0.013000000000000001 0.029000000000000005
0 0.94475 0.632333 0.0215 0.018000000000000002
0 0.298125 0.438833 0.02275 0.0163333
0 0.81475 0.46150000000000013 0.019499999999999997 0.017
0 0.042875 0.35233299999999995 0.01475 0.029333299999999996
0 0.1965 0.385333 0.02 0.0166667
0 0.900625 0.0731667 0.022250000000000002 0.017
1 0.8967500000000002 0.228167 0.013000000000000001 0.029666699999999997
0 0.24649999999999994 0.8546669999999998 0.0245 0.0166667
1 0.298875 0.6528330000000001 0.022250000000000002 0.0196667
0 0.168625 0.4925 0.01625 0.031
0 0.6009999999999999 0.258833 0.023 0.017
0 0.5673749999999999 0.262833 0.01675 0.0236667
1 0.5063481230019768 0.5029781179315377 0.011240615009881876 0.024216942070545394
0 0.3385 0.877 0.016 0.0266667
0 0.828875 0.168 0.023250000000000003 0.018000000000000002
0 0.010250000000000002 0.47599999999999987 0.0165 0.028000000000000008
0 0.8539999999999999 0.7914999999999999 0.022 0.0176667
0 0.21387499999999998 0.564667 0.02025 0.019333300000000005
0 0.67925 0.0513333 0.021 0.018666700000000005
0 0.6312500000000001 0.08783329999999999 0.0155 0.0263333
0 0.5513749999999998 0.554333 0.01975 0.020666699999999996
2 0.36370093849901175 0.3990722937925287 0.02025 0.018000000000000002
1 0.4795537539960472 0.4951741172406608 0.020500000000000004 0.025333300000000003
0 0.33625 0.1525 0.015 0.031
0 0.765625 0.315167 0.01475 0.025
0 0.706375 0.584667 0.01775 0.024666699999999996
0 0.803875 0.5195 0.014250000000000002 0.03300000000000001
0 0.286625 0.45 0.01375 0.032
0 0.6062499999999998 0.723667 0.021 0.019333300000000005
0 0.55375 0.055 0.017500000000000005 0.0306667
0 0.645 0.32683299999999993 0.024 0.0176667
0 0.9433749999999997 0.113833 0.019250000000000003 0.0203333
0 0.037750000000000006 0.431167 0.015 0.030333300000000004
0 0.08712499999999998 0.59 0.01975 0.018666700000000005
0 0.613 0.234333 0.017500000000000005 0.0233333
0 0.160625 0.20416699999999996 0.01875 0.021
0 0.5923749999999999 0.23933300000000002 0.01675 0.028000000000000008
1 0.8796249999999999 0.608167 0.015250000000000001 0.03300000000000001
0 0.8715 0.523667 0.019499999999999997 0.020666699999999996
0 0.9122499999999998 0.897833 0.020500000000000004 0.019
0 0.836625 0.410167 0.01275 0.029666699999999997
0 0.65925 0.506667 0.0225 0.018666700000000005
0 0.5759999999999998 0.550167 0.018 0.0236667
0 0.7361565694930826 0.581398176551869 0.015946246003952547 0.026042824829883387
0 0.11675 0.327167 0.017 0.029666699999999997
2 0.59725 0.114167 0.024 0.0163333
0 0.688875 0.396333 0.019250000000000003 0.021999999999999992
0 0.5195 0.0533333 0.018 0.0306667
0 0.3825 0.18866700000000003 0.018 0.0266667
0 0.57375 0.498 0.017 0.0266667
0 0.22725 0.8615 0.0215 0.023
0 0.909875 0.121833 0.02275 0.0236667
0 0.67375 0.191 0.017 0.028000000000000008
0 0.08862499999999997 0.6341670000000001 0.02025 0.021
0 0.7353749999999999 0.315667 0.02125 0.020666699999999996
0 0.26925 0.313333 0.019499999999999997 0.020666699999999996
1 0.42137500000000006 0.407667 0.02025 0.020666699999999996
0 0.60725 0.0976667 0.014000000000000002 0.0286667
0 0.685875 0.8843330000000001 0.01575 0.0333333
2 0.1133306309940707 0.39673929379252904 0.017357507992093676 0.02831846551867792
0 0.87825 0.134333 0.017500000000000005 0.026000000000000002
0 0.93875 0.144667 0.019 0.028000000000000008
0 0.311625 0.349 0.01725 0.022666699999999998
0 0.3685 0.687333 0.023 0.02
0 0.22675 0.5811670000000001 0.019499999999999997 0.0263333
0 0.2905 0.3625 0.015 0.0323333
0 0.85775 0.035 0.0225 0.0166667
1 0.27450469249505877 0.512514764827802 0.02050938499011731 0.022971170344396715
0 0.70125 0.6128330000000001 0.016 0.0263333
0 0.4266249999999999 0.884333 0.01675 0.029333299999999996
0 0.67825 0.0946667 0.019499999999999997 0.026000000000000002
0 0.32512500000000005 0.704667 0.02125 0.026000000000000002
0 0.915 0.277833 0.019499999999999997 0.025
0 0.28074999999999994 0.32550000000000007 0.012 0.0316667
0 0.90875 0.668833 0.014500000000000002 0.030333300000000004
0 0.501125 0.220333 0.01825 0.022666699999999998
0 0.9463750000000001 0.31250000000000006 0.02025 0.0256667
0 0.4645000000000001 0.720167 0.0165 0.0223333
0 0.795625 0.0743333 0.01975 0.021999999999999992
0 0.7063306309940706 0.06247858758505731 0.01475 0.028000000000000008
0 0.8921250000000001 0.565 0.01225 0.0286667
0 0.6108749999999998 0.8561669999999999 0.019250000000000003 0.0243333
0 0.29537500000000005 0.31949999999999995 0.01775 0.028333299999999995
0 0.725875 0.559833 0.01625 0.029000000000000005
0 0.434625 0.40716699999999995 0.02075 0.021666699999999997
0 0.381875 0.57 0.01575 0.03
0 0.641125 0.5808329999999999 0.02125 0.0203333
0 0.49212500000000003 0.860167 0.01625 0.025
0 0.18925 0.621167 0.019 0.0223333
0 0.095875 0.401667 0.022250000000000002 0.0213333
1 0.138375 0.38550000000000006 0.01625 0.0323333
0 0.3465 0.185333 0.022 0.019333300000000005
0 0.265375 0.6591669999999997 0.02125 0.0223333
0 0.74525 0.446833 0.014000000000000002 0.029000000000000005
0 0.375 0.116833 0.022 0.021666699999999997
0 0.53875 0.2745 0.019499999999999997 0.0223333
0 0.63375 0.1455 0.020500000000000004 0.0236667
0 0.4886249999999999 0.6560000000000001 0.02075 0.022666699999999998
0 0.8942500000000001 0.8788329999999999 0.0155 0.031
0 0.6119999999999999 0.553833 0.0125 0.029000000000000005
0 0.5871249999999999 0.891167 0.02125 0.021666699999999997
0 0.3013481230019767 0.3828477648278021 0.011544369005929029 0.024274701381752556
0 0.43 0.324167 0.0165 0.0263333
1 0.24199999999999997 0.43799999999999994 0.016 0.024666699999999996
0 0.809 0.122 0.0235 0.02
0 0.77075 0.510667 0.018499999999999996 0.0266667
0 0.12612500000000001 0.586167 0.01475 0.0316667
0 0.589 0.21600000000000003 0.020500000000000004 0.018666700000000005
0 0.126125 0.785167 0.01725 0.021666699999999997
0 0.1765 0.852333 0.013499999999999998 0.03
0 0.116875 0.6608329999999999 0.01625 0.028333299999999995
0 0.5696250000000002 0.0523333 0.01575 0.0306667
0 0.932625 0.289333 0.019250000000000003 0.025333300000000003
0 0.839 0.2585 0.020500000000000004 0.025
0 0.08249999999999998 0.424667 0.019 0.020666699999999996
0 0.473125 0.269667 0.022250000000000002 0.018000000000000002
0 0.396375 0.715 0.01575 0.03
0 0.532875 0.498333 0.01975 0.018666700000000005
0 0.4815 0.7134999999999999 0.018499999999999996 0.0223333
0 0.231125 0.5525 0.02125 0.021666699999999997
0 0.8236250000000002 0.21900000000000003 0.023250000000000003 0.018666700000000005
0 0.171875 0.624333 0.01625 0.0326667
0 0.193125 0.522833 0.015250000000000001 0.030333300000000004
0 0.184875 0.5605 0.01875 0.021
0 0.19725 0.421167 0.0245 0.021666699999999997
0 0.45300000000000007 0.429 0.020500000000000004 0.02
0 0.9192499999999998 0.24149999999999994 0.0225 0.021
0 0.8271250000000001 0.5841670000000001 0.02075 0.019
0 0.7070000000000001 0.962667 0.024 0.02
0 0.350375 0.08899999999999998 0.023250000000000003 0.024
0 0.66675 0.8825 0.023 0.021666699999999997
2 0.5232942601633719 0.12762068202679042 0.00880033947331741 0.018697408269683087
2 0.7015826191228015 0.05587481308498319 0.014667232455528985 0.026524230336062056
2 0.7463991627369179 0.0656583406679569 0.01173378596442315 0.015653644132757924
0 0.8520032364167265 0.10544468617204998 0.014993170954540645 0.016958114477154437
0 0.9118129509853833 0.10000939307039791 0.023793510427857954 0.019132231717815255
1 0.9274786839698871 0.12283762409733681 0.019230371441690527 0.021306348958475687
2 0.7734727431868308 0.3248131157547271 0.03454948089524605 0.030437641369251582
0 0.3606716341884436 0.38242722263223894 0.014667232455528985 0.026524230336062042
2 0.2574914142192861 0.5641834239514839 0.011081908966399651 0.034351052402441
2 0.6370467963184744 0.4761316757047206 0.010755970467387905 0.014783997236493603
0 0.7996901073253398 0.4617825019163591 0.018578494443670067 0.019132231717815303
2 0.7156186596122442 0.8954249607242146 0.029660403410069626 0.029133171024855048
2 0.687913887196245 0.783457922830182 0.0120597244634349 0.027828700680458576
