0 0.045748213938998916 0.6995700598755593 0.03394222324506371 0.08162253692415251
0 0.07378744183709504 0.8923172555036782 0.06788444649012743 0.04425318266972109
0 0.1497885069293029 0.8318379058550591 0.04869971161248274 0.07080509227155381
0 0.2121388952816482 0.7452983486342712 0.05238908370433748 0.0590042435596282
0 0.1058849790362314 0.7251385654180649 0.04058309301040227 0.08162253692415243
0 0.07378744183709504 0.7236634593290742 0.04574821393899893 0.08260594098347951
1 0.12248715344957775 0.7846345110073565 0.05165120928596651 0.04917020296635684
0 0.33241242547611316 0.723663459329074 0.04353459068388605 0.10227402217002232
0 0.28887783479222706 0.6022130580021726 0.058292079051305075 0.06982168821222684
0 0.3223368583026101 0.5343581779085991 0.0381409447042996 0.09539019375473216
0 0.4999099184463189 0.5668105118663956 0.03615584650017658 0.07178849633088107
0 0.528687020762786 0.6415492203752582 0.03468009766343472 0.08162253692415251
0 0.5511921905231 0.5987711437945276 0.03984521859203137 0.08850636533944244
0 0.5508232533139145 0.7615245156131687 0.04353459068388609 0.08358934504280667
0 0.5770177951660831 0.7915183394226466 0.04574821393899892 0.07473870850886247
0 0.6043191486458084 0.8416719464483307 0.04279671626551511 0.09243998157675097
0 0.5522990021506564 0.9537800092116241 0.04648608835736989 0.08063913286482528
2 0.5043371649565446 0.8682238560501634 0.03468009766343465 0.049170202966356935
0 0.0653018860258291 0.46404478766670976 0.0627193255615308 0.05900424355962826
0 0.3597137789558383 0.3784886345052489 0.04353459068388609 0.08063913286482532
1 0.3862772580171925 0.29784950164042356 0.05534058137782126 0.033435738017122664
2 0.4954205539781828 0.4321451199064274 0.0649329488166436 0.100307214051368
1 0.5455960144274075 0.4208359732241654 0.05460270695945029 0.050153607025684
0 0.5883927306929225 0.41198533669022114 0.0383694697552895 0.08948976939876951
0 0.5024303609527068 0.3569147093679013 0.04501033952062802 0.08358934504280667
0 0.32238900287019495 0.3033191881345725 0.05534058137782126 0.07867232474617106
0 0.7772885817958859 0.5221265913348605 0.059029953469675975 0.05408722326299257
0 0.7610553445917251 0.5580208395003011 0.05460270695945029 0.0708050922715539
0 0.5946646632490755 0.5447448846993848 0.05386483254107939 0.0796557288054981
0 0.6507431190452679 0.5127842527712526 0.058292079051305075 0.04523658672904837
0 0.6404128771880747 0.561462753707946 0.06714657207175657 0.048186798907029774
0 0.6857921539178881 0.6027657241996858 0.059029953469675975 0.036385950195104065
1 0.6555393027646791 0.689305281420474 0.06640869765338554 0.04031956643241264
0 0.7787643306326278 0.7183157011706246 0.02803922789809619 0.09637359781405955
1 0.708297323678202 0.31512003684649803 0.04943758603085371 0.05703743544097397
0 0.7496182911069752 0.30725280437188096 0.047961837194111755 0.060971051678282547
0 0.6857921539178881 0.26152451561316903 0.05017546044922461 0.06982168821222678
0 0.60573277952464 0.27234196026576757 0.04501033952062802 0.07572211256818957
0 0.08190406043917547 0.41057119476908005 0.050175460449224614 0.05212041514433829
0 0.06640869765338553 0.35746737556541447 0.03246647440832181 0.07768892068684387
0 0.0937100511331107 0.3333739761118996 0.04722396277574082 0.07277190039020819
0 0.11363266042912633 0.2915793035904963 0.039845218592031315 0.08162253692415243
1 0.17118686506206046 0.3043635563617491 0.04279671626551511 0.07572211256818957
2 0.22726532085825268 0.2630605858700093 0.06345719997990172 0.05998764761895537
0 0.3128587533892829 0.1966808118654275 0.0324664744083218 0.09047317345809666
0 0.2575181720114617 0.2001227260730725 0.06936019532686936 0.04425318266972122
0 0.20143971621526943 0.10915785058531227 0.04279671626551511 0.06883828415289962
0 0.15310894181197218 0.2188074032002881 0.061243576724788876 0.05802083950030111
0 0.09629261159740903 0.2104484686960074 0.05976782788804698 0.05113701108501115
0 0.5072886626300285 0.1902886854798011 0.04205884184714421 0.08555615316146098
0 0.5677943649364463 0.19815591795441823 0.047961837194111755 0.07965572880549815
0 0.8789885953871641 0.17160400835258552 0.038369469755289355 0.08948976939876951
0 0.9040763256117762 0.2527348432470744 0.04869971161248265 0.07473870850886247
0 0.8088905256419237 0.20995676666634389 0.04132096742877324 0.06588807197491824
1 0.8365608163308345 0.26109377775135506 0.06271932556153076 0.046219990788375485
1 0.8716098512034546 0.32649014769660967 0.04574821393899892 0.07473870850886247
0 0.8155313954072624 0.31321419289569336 0.0634571999799018 0.05212041514433829
0 0.7956087861112465 0.400245452146145 0.041320967428773094 0.08457274910213383
0 0.8808332814330915 0.44253182669721197 0.04943758603085371 0.07670551662751673
0 0.8605417349278903 0.46908373629904465 0.04869971161248281 0.05507062732231969
0 0.845415309351286 0.38303588110792014 0.04501033952062802 0.08358934504280673
0 0.8221722651726008 0.45629948352779187 0.029514976734837987 0.08063913286482528
0 0.8435706233053584 0.7644747277911503 0.05607845579619238 0.06982168821222676
0 0.7565014419375864 0.8303627997660686 0.05460270695945029 0.06392126385626395
1 0.7424818279885382 0.8844500230290612 0.06050570230641806 0.0501536070256841
