1 0.246094 0.8895830000000001 0.0671875 0.04375
1 0.365625 0.659375 0.0484375 0.0770833
1 0.776172 0.8760419999999999 0.0617188 0.04375
1 0.8511719999999999 0.9296880000000001 0.0710938 0.053125
1 0.08789059999999999 0.377083 0.0523437 0.0375
1 0.445312 0.463542 0.053125 0.0458333
1 0.666016 0.31562500000000004 0.0492188 0.075
0 0.172656 0.378125 0.0296875 0.07291669999999999
1 0.562891 0.31614600000000004 0.0617188 0.065625
0 0.332422 0.0942708 0.030468800000000004 0.0760417
0 0.126563 0.41458300000000003 0.065625 0.05
0 0.485156 0.510938 0.034375 0.0802083
0 0.136328 0.291146 0.0367187 0.09270830000000001
0 0.564453 0.810417 0.0351562 0.0895833
0 0.284375 0.34270800000000007 0.05625 0.0770833
0 0.835156 0.848437 0.071875 0.0447917
0 0.6585940000000001 0.43593699999999996 0.04375 0.084375
0 0.7699220000000001 0.835417 0.0554687 0.04375
0 0.309375 0.216667 0.0578125 0.0708333
0 0.6195310000000002 0.646875 0.059375 0.0666667
0 0.625 0.403125 0.0484375 0.0770833
0 0.800781 0.6442709999999999 0.06875 0.053125
1 0.7160160000000002 0.8760419999999999 0.0523437 0.0645833
0 0.401172 0.39375 0.0382813 0.0979167
0 0.5136720000000001 0.474479 0.0757812 0.051041699999999995
0 0.533594 0.753125 0.040625 0.102083
0 0.7292970000000001 0.9291669999999997 0.0351562 0.0666667
0 0.303906 0.838542 0.0328125 0.0895833
0 0.14414100000000002 0.6760420000000003 0.0460938 0.0791667
1 0.5855469999999999 0.24427100000000002 0.0382813 0.0802083
0 0.7367190000000001 0.439583 0.0421875 0.08125
0 0.171484 0.269792 0.0398437 0.0895833
0 0.619922 0.86875 0.0664062 0.0416667
0 0.509375 0.403125 0.06875 0.0479167
0 0.33476599999999995 0.31250000000000006 0.0507812 0.06875
0 0.28125 0.510938 0.053125 0.0697917
2 0.35436479079030003 0.5267731755151812 0.030356153571780963 0.03450764844178931
2 0.2705268980073416 0.9018316897776684 0.03035615357178093 0.10590278314893938
