0 0.95625 0.306167 0.02 0.017666699999999997
0 0.43737500000000007 0.187833 0.01725 0.0196667
0 0.921125 0.5275 0.018750000000000003 0.023666700000000006
0 0.80275 0.8336669999999999 0.018 0.017333300000000003
0 0.561375 0.306167 0.019750000000000004 0.0183333
0 0.82025 0.407667 0.019500000000000003 0.02
0 0.72875 0.8156669999999999 0.0175 0.020666700000000003
0 0.376125 0.7808329999999999 0.01625 0.0276667
0 0.25325 0.10549999999999998 0.019500000000000003 0.028333299999999995
0 0.52625 0.25883300000000004 0.016500000000000004 0.027000000000000003
0 0.8491250000000001 0.21500000000000008 0.02175 0.0166667
0 0.4508750000000001 0.3565 0.01825 0.021
0 0.185625 0.746 0.01175 0.0266667
0 0.694 0.873 0.0215 0.02
0 0.477 0.6934999999999999 0.019500000000000003 0.0183333
0 0.872375 0.8345 0.01675 0.026333299999999994
0 0.7579205073064722 0.4038166001527385 0.01625 0.029333299999999996
0 0.8377500000000001 0.406 0.016 0.0273333
0 0.793375 0.264833 0.022250000000000002 0.017666699999999997
0 0.7175 0.5865 0.017 0.021666699999999997
0 0.825875 0.389833 0.023250000000000003 0.019
0 0.7239999999999999 0.7085000000000001 0.013500000000000002 0.023666700000000006
0 0.721125 0.7418330000000001 0.01375 0.024999999999999994
0 0.884375 0.2745 0.01775 0.0223333
0 0.6380000000000001 0.164667 0.016 0.026000000000000002
0 0.689125 0.8561669999999999 0.01925 0.0203333
0 0.768875 0.707167 0.019750000000000004 0.017666699999999997
0 0.49662500000000004 0.931667 0.02125 0.0186667
0 0.5280000000000001 0.797833 0.017 0.0296667
0 0.522875 0.610333 0.01725 0.028666700000000003
0 0.741625 0.401 0.024250000000000004 0.016
0 0.3165 0.22649999999999998 0.02 0.019
0 0.8611249999999999 0.5185 0.01625 0.023
0 0.824625 0.560667 0.01475 0.0266667
0 0.5974999999999997 0.23860520005091293 0.017 0.03273359938904583
0 0.602 0.354 0.027000000000000003 0.0193333
0 0.77275 0.777 0.019500000000000003 0.0233333
0 0.690125 0.19983299999999996 0.01775 0.0256667
0 0.5785 0.631 0.014500000000000002 0.029333299999999996
0 0.695 0.546333 0.019500000000000003 0.0193333
0 0.16987500000000005 0.460833 0.02375 0.0136667
0 0.455 0.855667 0.0225 0.0193333
0 0.769125 0.886833 0.01775 0.023
0 0.872647753653236 0.3703774001018255 0.02338652191941644 0.02773359938904597
0 0.7989660146129444 0.37872779994908734 0.018932029225888304 0.022244499796348804
0 0.420056739040292 0.2899392000509124 0.02961463882296969 0.020666699999999993
0 0.16825000000000004 0.7065 0.020500000000000004 0.021
0 0.61425 0.220167 0.017 0.030333299999999997
0 0.5391249999999999 0.6078329999999998 0.018750000000000003 0.017666699999999997
0 0.735625 0.715833 0.01525 0.028999999999999998
0 0.6107500000000001 0.485167 0.0175 0.028999999999999998
0 0.73875 0.7715 0.0185 0.017
0 0.38299999999999995 0.296 0.015 0.028000000000000004
0 0.4603749999999999 0.7961670000000001 0.01675 0.024999999999999994
0 0.65125 0.7245 0.017 0.023666700000000006
0 0.3606365219194163 0.05122779994908717 0.021773043838832565 0.023122299898174284
0 0.5062500000000001 0.5001669999999999 0.017 0.0243333
0 0.843 0.2745 0.019500000000000003 0.0183333
0 0.6735 0.17783299999999996 0.014500000000000002 0.0316667
0 0.7602499999999999 0.8025 0.0185 0.0223333
0 0.705625 0.7825 0.01575 0.0276667
0 0.821875 0.603333 0.01475 0.0333333
0 0.9108750000000001 0.645833 0.018750000000000003 0.0196667
0 0.20887499999999992 0.49798360015273846 0.013249999999999998 0.035366799694522784
0 0.084 0.887833 0.019500000000000003 0.0203333
0 0.732125 0.872667 0.01925 0.025333300000000003
0 0.7178637682661801 0.20665249987271783 0.019227536532360655 0.03197229974543585
0 0.70125 0.15016700000000002 0.015 0.0276667
0 0.6398749999999999 0.625167 0.01625 0.027000000000000003
0 0.559875 0.2675 0.018750000000000003 0.021
0 0.08175 0.397 0.0245 0.018000000000000002
0 0.126875 0.7488330000000001 0.02175 0.0243333
0 0.4335 0.690167 0.02 0.019
0 0.797 0.8978330000000001 0.016500000000000004 0.023666700000000006
0 0.24875000000000003 0.961667 0.014500000000000002 0.03
0 0.419375 0.9656670000000002 0.01725 0.0233333
0 0.560625 0.887167 0.01675 0.0256667
0 0.29875 0.623167 0.019000000000000003 0.0223333
0 0.44762500000000005 0.168167 0.018750000000000003 0.023
0 0.451 0.397 0.020500000000000004 0.021333299999999996
0 0.38525 0.323167 0.019500000000000003 0.027000000000000003
0 0.907 0.7335 0.016 0.028333299999999995
0 0.7155 0.676833 0.019500000000000003 0.021666699999999997
0 0.42325 0.5585 0.020500000000000004 0.021
0 0.77875 0.544 0.017 0.0233333
0 0.230625 0.2935 0.01475 0.028333299999999995
0 0.13475000000000004 0.548333 0.019500000000000003 0.02
0 0.7215 0.13 0.02 0.02
0 0.43573876826618024 0.5793329999999997 0.023977536532360476 0.01866670000000001
0 0.737875 0.8539999999999999 0.02125 0.02
0 0.618625 0.0766667 0.01625 0.03
0 0.730375 0.7908329999999999 0.01475 0.0256667
0 0.679 0.9064999999999999 0.016500000000000004 0.028333299999999995
0 0.64275 0.11333299999999999 0.016 0.0273333
0 0.226375 0.813333 0.01575 0.0273333
0 0.197125 0.7415 0.01475 0.0256667
0 0.80975 0.20683300000000002 0.015 0.028333299999999995
0 0.4603749999999999 0.949667 0.01675 0.029333299999999996
0 0.421625 0.597167 0.01425 0.031
0 0.8271250000000001 0.496833 0.01825 0.026333299999999994
0 0.556125 0.230667 0.01525 0.029333299999999996
0 0.7667500000000002 0.218 0.016500000000000004 0.0273333
0 0.23275 0.6736670000000001 0.022 0.021333299999999996
0 0.25725 0.8143329999999999 0.0235 0.018000000000000002
0 0.12475 0.772333 0.022 0.022666699999999998
0 0.47637500000000005 0.21483299999999997 0.01625 0.0296667
0 0.339375 0.4261670000000001 0.01675 0.0276667
0 0.1145 0.105 0.0155 0.025333300000000003
0 0.36575 0.34566699999999995 0.02 0.021999999999999992
0 0.07962500000000002 0.130167 0.01325 0.030333299999999997
0 0.735 0.455833 0.016500000000000004 0.024999999999999994
0 0.5902499999999999 0.597167 0.021 0.021
0 0.55875 0.8155000000000001 0.019000000000000003 0.0203333
0 0.44375 0.30950000000000005 0.018 0.0243333
0 0.80825 0.244333 0.016 0.025333300000000003
0 0.13925 0.7285 0.019500000000000003 0.023666700000000006
0 0.226375 0.9265000000000001 0.01925 0.0243333
0 0.475375 0.3425 0.01475 0.031
0 0.27212500000000006 0.962167 0.01825 0.024999999999999994
0 0.694875 0.7965000000000001 0.01525 0.0223333
0 0.486875 0.36283299999999996 0.01675 0.023666700000000006
0 0.2720000000000002 0.6005579002291077 0.014000000000000007 0.03555019954178409
0 0.2724092755726524 0.6359999999999993 0.02631855114530475 0.019999999999999993
0 0.60175 0.629833 0.017 0.021
0 0.27225 0.49133299999999996 0.017 0.03
0 0.71675 0.7011669999999998 0.0185 0.023
0 0.722 0.38749999999999996 0.0215 0.0196667
0 0.252375 0.3955 0.01575 0.030333299999999997
0 0.202125 0.4205 0.02125 0.0223333
0 0.330125 0.8196669999999999 0.02075 0.020666700000000003
0 0.373125 0.5705 0.01575 0.028333299999999995
0 0.305125 0.5925 0.01375 0.0296667
0 0.699 0.7066669999999999 0.0175 0.025333300000000003
0 0.49437500000000006 0.19650000000000006 0.018750000000000003 0.023
0 0.73125 0.754167 0.0225 0.0156667
0 0.205375 0.2925 0.01925 0.021
0 0.36075 0.688 0.019500000000000003 0.020666700000000003
0 0.5798749999999999 0.197667 0.01725 0.024
0 0.61275 0.718833 0.017 0.0256667
0 0.47775 0.5399999999999999 0.018 0.029333299999999996
0 0.8121250000000001 0.27399999999999997 0.02075 0.021999999999999992
0 0.30887500000000007 0.842333 0.01725 0.0233333
0 0.595125 0.549667 0.02025 0.022666699999999998
0 0.820625 0.44 0.02125 0.02
0 0.331875 0.1235 0.018750000000000003 0.021666699999999997
0 0.8925 0.6355000000000001 0.017 0.028999999999999998
0 0.335875 0.3905000000000001 0.02175 0.021666699999999997
0 0.121875 0.34650000000000003 0.01575 0.030333299999999997
0 0.836625 0.533667 0.01425 0.025333300000000003
0 0.10726152191941629 0.5209999999999995 0.02502304383883258 0.019999999999999993
0 0.799375 0.42633299999999996 0.023250000000000003 0.021333299999999996
0 0.2225 0.322667 0.016 0.026000000000000002
0 0.360125 0.5985 0.01725 0.023666700000000006
0 0.4927500000000001 0.8561669999999999 0.021 0.0203333
0 0.181125 0.24183299999999996 0.01425 0.03366670000000001
0 0.512125 0.9391670000000001 0.01375 0.0256667
0 0.4040000000000001 0.561 0.016500000000000004 0.03
0 0.315 0.107667 0.016500000000000004 0.031333299999999994
0 0.70675 0.7304999999999999 0.016500000000000004 0.0276667
0 0.57125 0.679167 0.021 0.0196667
0 0.399625 0.310333 0.01825 0.028666700000000003
0 0.616875 0.242833 0.02125 0.0223333
0 0.299 0.24 0.022 0.020666700000000003
0 0.38296601461294416 0.6704999999999997 0.01993202922588836 0.02033329999999976
0 0.5435980308994526 0.24563248281691483 0.02454782879124474 0.01965059862535319
0 0.442406425548877 0.32896557698739415 0.02945739454949373 0.026200798167137586
0 0.5659638304648089 0.322051477471066 0.023456814178300457 0.0167393988290046
0 0.6221510830314356 0.19577818630444468 0.015819711887691032 0.026200798167137617
0 0.7759841434565691 0.09170279358498153 0.016910726500635204 0.03493439755618343
0 0.8662656026777025 0.24636028276600194 0.022911306871828373 0.016739398829004565
0 0.5051397657931691 0.5214686635209465 0.02836637993654945 0.022561798421701747
0 0.5847838325380964 0.6495614545602858 0.016365219194163123 0.03420659760709634
0 0.6368797803061824 0.7187024497235655 0.016910726500635315 0.0312953978107476
0 0.8453486786151585 0.5025458648446804 0.02454782879124474 0.018194998727178897
0 0.8178005596383171 0.5647727604916322 0.02072927764593992 0.026200798167137617
0 0.8090724427347634 0.6051656576659693 0.016365219194163123 0.028384198014399006
2 0.781524323757922 0.5829677592188112 0.01472869727474697 0.02328959837078903
0 0.8308927349936477 0.8544371402283198 0.01854724842005158 0.036389997454357795
0 0.7591585241925658 0.816227642901244 0.01909275572652366 0.02547299821805041
0 0.7215185200459906 0.7678289462869483 0.026729858017133082 0.018922798676266096
0 0.15628784330425807 0.7798405154011356 0.024547828791244713 0.024017398319876017
0 0.14210465333598335 0.7827517151974844 0.014728697274746839 0.03857339730161918
