2 0.1482701812191104 0.13846153846153847 0.07248764415156508 0.11428571428571428
2 0.0799011532125206 0.2813186813186813 0.10378912685337728 0.0791208791208791
0 0.31219110378912684 0.04395604395604394 0.060955518945634266 0.0791208791208791
2 0.6639209225700164 0.1032967032967033 0.06589785831960461 0.11868131868131866
2 0.7438220757825371 0.08901098901098901 0.08401976935749589 0.08131868131868131
2 0.8270181219110379 0.3527472527472527 0.085667215815486 0.08131868131868131
2 0.5024711696869851 0.35384615384615387 0.06589785831960461 0.10989010989010989
2 0.6070840197693574 0.4043956043956044 0.09719934102141681 0.0791208791208791
2 0.6408566721581549 0.4824175824175824 0.09884678747940692 0.08571428571428572
0 0.3344316309719934 0.4197802197802198 0.09884678747940692 0.07472527472527472
2 0.2059308072487644 0.5417582417582417 0.08237232289950576 0.08131868131868131
2 0.6985172981878089 0.8571428571428571 0.08237232289950576 0.10989010989010989
2 0.7973640856672158 0.7912087912087913 0.08896210873146623 0.0835164835164835
2 0.7932454695222405 0.8967032967032966 0.0774299835255354 0.11868131868131866
0 0.9794069192751235 0.41758241758241765 0.03459637561779242 0.13186813186813187
2 0.9645799011532127 0.6043956043956044 0.060955518945634266 0.13626373626373625
0 0.8187808896210872 0.02857142857142857 0.09884678747940692 0.05714285714285714
0 0.18698517298187808 0.04395604395604395 0.0741350906095552 0.0835164835164835
2 0.39950576606260296 0.8582417582417583 0.0774299835255354 0.13406593406593406
2 0.30477759472817134 0.8516483516483515 0.09225700164744646 0.08131868131868131
0 0.9612850082372322 0.9076923076923077 0.0741350906095552 0.0835164835164835
0 0.9217462932454695 0.9714285714285714 0.044481054365733116 0.04835164835164836
0 0.20345963756177923 0.9714285714285714 0.09060955518945635 0.04835164835164836
2 0.39950576606260296 0.15164835164835164 0.08401976935749589 0.1010989010989011
