1 0.829687 0.5 0.053125 0.0416667
0 0.409375 0.29635399999999995 0.05625 0.065625
1 0.748047 0.802083 0.0460938 0.05625
0 0.66875 0.366146 0.059375 0.040625
1 0.721875 0.735937 0.0359375 0.078125
0 0.7019529999999999 0.685417 0.0585938 0.035416699999999995
0 0.437109 0.186979 0.0632813 0.040625
1 0.11523399999999999 0.6666670000000002 0.0445312 0.0666667
0 0.8148440000000001 0.19843699999999997 0.0453125 0.051041699999999995
1 0.566406 0.911458 0.046875 0.0625
1 0.6683590000000001 0.719271 0.0648438 0.0385417
0 0.652344 0.833333 0.0578125 0.0791667
0 0.408984 0.07291669999999999 0.0648438 0.0666667
0 0.506641 0.141146 0.0554687 0.053125
0 0.270703 0.791667 0.0367187 0.0875
0 0.270312 0.539583 0.0453125 0.05
0 0.576953 0.5369789999999999 0.0585938 0.065625
0 0.275 0.45468800000000004 0.0453125 0.078125
1 0.696484 0.494271 0.0398437 0.078125
0 0.212109 0.440104 0.0554687 0.0822917
0 0.41289099999999995 0.564583 0.0335938 0.0770833
0 0.750781 0.195833 0.034375 0.0895833
0 0.10625 0.593229 0.0671875 0.0447917
0 0.272656 0.348958 0.0390625 0.0958333
0 0.590625 0.667188 0.06875 0.0489583
0 0.317578 0.255729 0.0570313 0.05937499999999999
0 0.829297 0.26406199999999996 0.0585938 0.0697917
0 0.6269529999999999 0.80625 0.0414063 0.0770833
0 0.916016 0.44479199999999997 0.0617188 0.0625
0 0.585938 0.85625 0.0359375 0.0895833
0 0.779688 0.240625 0.0546875 0.05
0 0.880469 0.545833 0.03125 0.0875
0 0.685938 0.8671880000000001 0.06875 0.053125
0 0.8261720000000001 0.39375 0.0601562 0.0375
0 0.858203 0.684896 0.0695312 0.0552083
1 0.354688 0.141146 0.0515625 0.0697917
0 0.970703 0.265625 0.0445312 0.0791667
0 0.377734 0.872396 0.0679687 0.0447917
0 0.0277344 0.827604 0.0414063 0.09479169999999999
0 0.551172 0.271875 0.0617188 0.0645833
0 0.43906300000000004 0.429688 0.071875 0.0447917
0 0.484375 0.261979 0.0609375 0.0677083
1 0.6078129999999999 0.917188 0.0609375 0.0552083
0 0.518359 0.19947899999999996 0.0539063 0.0697917
0 0.8148440000000001 0.335938 0.046875 0.07187499999999998
0 0.271875 0.23906299999999994 0.046875 0.0697917
0 0.317578 0.545313 0.0414063 0.090625
0 0.635547 0.226042 0.0757812 0.04375
0 0.388672 0.765625 0.0523437 0.0541667
0 0.478516 0.375 0.0398437 0.0854167
0 0.7164059999999999 0.42916699999999997 0.0546875 0.0833333
0 0.7832029999999999 0.69375 0.0382813 0.0895833
0 0.314453 0.809896 0.0367187 0.0885417
0 0.234375 0.601562 0.05625 0.0489583
0 0.585938 0.5869789999999999 0.071875 0.0677083
0 0.348828 0.310937 0.0476562 0.0760417
1 0.18758317251268145 0.8802346615287555 0.0608908727528076 0.04842969970968348
1 0.16548567836851738 0.4162257818778684 0.04615920999003155 0.04973861051264801
2 0.37074684619653003 0.5399178527580061 0.024552771271293388 0.032722770074110535
2 0.6069445058263725 0.4502574627549433 0.029463325525552017 0.034031680877074956
2 0.5843559562567825 0.402482218446742 0.10213952848858052 0.05366534292154124
1 0.3066297392986748 0.31544750351442546 0.05106976424429026 0.049738610512647954
0 0.34183006535947713 0.04181184668989547 0.027450980392156862 0.07665505226480834
