0 0.6358749999999996 0.3262103884141094 0.025118258791303773 0.017927030484655583
0 0.18938472644239057 0.7600146239317468 0.014467064697825908 0.019912189934036366
0 0.6280755970467388 0.552811305792945 0.02165119409347767 0.01773966951534511
0 0.558875 0.748667 0.01875 0.021999999999999992
1 0.10854940295326117 0.233941987654145 0.01459880590652239 0.02921797530828993
0 0.891358532348913 0.598333 0.015848805906522257 0.019216942070546184
0 0.13648353234891292 0.5664853760682543 0.01692064697825854 0.024188394207054417
0 0.01539146765108707 0.6446236115858907 0.018131741208696553 0.017999999999999995
0 0.7738207338255424 0.402028764482363 0.02016092053587022 0.013941771035273632
0 0.5276176482843692 0.46456075004731956 0.019499999999999997 0.020666699999999996
2 0.18538958966358582 0.8433329999999999 0.015779179327171444 0.01866669999999999
0 0.415625 0.953667 0.02125 0.0326667
0 0.569287798523369 0.7386806239317455 0.022575597046739122 0.01910161737883626
2 0.36466766174456483 0.12058022317178145 0.0091452236260894 0.013999999999999992
0 0.7382122014766295 0.3620650826211635 0.021226791140218016 0.015057195726983781
0 0.8610542661744561 0.30933299999999986 0.013127985233693953 0.03098619268712626
0 0.2746792661744564 0.4557896115858911 0.013424402953261408 0.015347107312873197
0 0.398875 0.952333 0.01975 0.0233333
0 0.06575000000000002 0.7211669999999999 0.013000000000000001 0.03300000000000001
0 0.892167661744565 0.635167 0.017335323489129147 0.01700000000000002
0 0.133125 0.5345 0.01625 0.0256667
0 0.12137499999999997 0.551 0.01575 0.0273333
0 0.014217064697825856 0.47035469420705417 0.025170646978258597 0.017666699999999987
0 0.5059999999999999 0.497333 0.0155 0.0153333
0 0.11204266174456469 0.7705 0.02158532348912927 0.01499999999999998
0 0.3921036691277176 0.3311453057929454 0.018943855838042548 0.02217355365643697
0 0.5421085323489131 0.9534783057929456 0.01573651758260681 0.028406369515344355
0 0.6576744029532606 0.5029999999999997 0.021782935302175205 0.017303718898765072
0 0.6936250000000002 0.534333 0.01775 0.022666699999999998
0 0.9331414676510866 0.589956611585891 0.01613174120869753 0.026840253656436858
0 0.759125 0.625333 0.02075 0.025333300000000003
0 0.08047192791902112 0.16006508262116387 0.01535853234891293 0.0317830579294538
0 0.7338914676510869 0.2848546942070546 0.01563174120869705 0.02121694207054609
0 0.08200000000000002 0.716667 0.019 0.0233333
0 0.3313469279190212 0.11656508262116388 0.021325597046738788 0.016260330484655403
0 0.38854266174456464 0.30872452896472696 0.022 0.021999999999999992
2 0.10402133087228232 0.3902608471035273 0.013523208859783616 0.029565082621163963
0 0.51175 0.9274712355176369 0.024 0.020941771035272644
0 0.26079266174456467 0.48295661158589076 0.0155 0.0313333
1 0.909799402953261 0.4740802231717815 0.01990119409347711 0.02349314634356311
0 0.29025 0.3176669999999999 0.018499999999999996 0.0213333
0 0.19252619409347763 0.7281670000000001 0.023052388186955052 0.021666699999999997
0 0.054375 0.635667 0.01825 0.019333300000000005
0 0.22125000000000003 0.5385 0.013499999999999998 0.027000000000000003
0 0.24418412939565165 0.5163410702753092 0.021500000000000123 0.018448724691709616
0 0.3041676617445647 0.6754929297246913 0.019618258791303477 0.027217975308289753
1 0.512875 0.22400000000000003 0.01775 0.025333300000000003
0 0.40712499999999996 0.3545 0.01825 0.021666699999999997
2 0.3315280720809789 0.9253844586894181 0.02294385583804234 0.026101617378835918
0 0.50175 0.892167 0.017 0.0223333
0 0.8917548632211952 0.5759197768282184 0.015509726442390832 0.023493146343562938
0 0.5320591293956518 0.17610898765414504 0.012362288323915213 0.02989838262116376
0 0.20692926617445648 0.2776306818611996 0.018358532348912927 0.025261363722399125
0 0.9019505970467385 0.6094349173788361 0.01275 0.019333300000000005
0 0.03688472644239051 0.6358113057929456 0.015815870604348272 0.023506853656436726
0 0.40175 0.7244853760682544 0.018 0.02563805213650788
0 0.01459692791902112 0.6716670000000002 0.019693855838042233 0.02799999999999999
0 0.5007994029532612 0.24042784710352738 0.01475 0.02082541310581923
1 0.3862335323489129 0.8254132231717812 0.02175 0.021666699999999997
0 0.45399999999999996 0.6903330000000001 0.025 0.0173333
0 0.181875 0.182833 0.01825 0.0276667
0 0.22873839557010822 0.9073546942070544 0.01652320885978368 0.023406369515345023
0 0.04137500000000001 0.6708259297246911 0.014250000000000002 0.03260847103527278
0 0.2065 0.208667 0.020500000000000004 0.0153333
0 0.5375 0.528167 0.0155 0.0276667
0 0.26235853234891293 0.6923193760682546 0.02250000000000001 0.021594663722398436
0 0.24012013677880487 0.986666825 0.015240273557609409 0.026666350000000026
0 0.7371249999999999 0.2040938471035273 0.018118258791303042 0.02030475213650843
0 0.12856399261684698 0.9126670000000003 0.023627985233694013 0.018173553656436716
0 0.46320733825543525 0.2676453057929453 0.019585323489129062 0.024623311585890813
0 0.9087761940934775 0.9159197768282187 0.016098805906522587 0.023927030484655214
0 0.10496220147663056 0.1600151405506177 0.014122014766306005 0.029130165242327713
0 0.246125 0.934833 0.01625 0.035
0 0.6559505970467385 0.2180802231717815 0.015401194093477677 0.03033329999999999
0 0.182 0.135667 0.019 0.0153333
0 0.715707338255435 0.9121589297246924 0.02165119409347831 0.020348140550616158
0 0.17375 0.7856669999999998 0.021 0.018000000000000002
0 0.8331957338255431 0.812811305792945 0.023410920535867283 0.024
0 0.860940870604348 0.9767103884141093 0.01775 0.020463465242327686
0 0.6856249999999993 0.2943329999999999 0.022486517582607123 0.021333300000000176
0 0.3527926617445646 0.6645065536564368 0.018499999999999996 0.03
0 0.3684554602679341 0.08561584131058197 0.019325597046738748 0.02282541310581919
0 0.5967122014766301 0.36371745868941785 0.017726791140217378 0.02702854786349171
0 0.18645059704673883 0.8209712355176376 0.02470358228043265 0.020058228964725165
0 0.6485872014766302 0.4164500579294536 0.014089079464132468 0.03400000000000033
0 0.0695 0.6315 0.018 0.023
0 0.7564408706043483 0.41249999999999987 0.01975 0.0223333
0 0.590125 0.599333 0.01775 0.0273333
0 0.049375 0.8753329999999999 0.014250000000000002 0.035333300000000005
0 0.4203372014766304 0.32532592972469104 0.015306144161958269 0.029028547863491738
0 0.07827133087228233 0.46442784710352725 0.01904266174456465 0.022478305792945314
0 0.370625 0.828667 0.02125 0.018000000000000002
0 0.10714633087228229 0.19755852896472695 0.020292661744564705 0.02378305792945381
0 0.87875 0.449833 0.0165 0.0316667
1 0.23582559704673878 0.29239152896472687 0.017500000000000005 0.025333300000000003
0 0.8372286691277177 0.17216699999999993 0.02377917932717154 0.0163333
2 0.3892830879289076 0.4772011250141961 0.015566175857815653 0.031282049933752276
0 0.7374079353021737 0.14260191737883607 0.02290119409347815 0.021203134757672406
0 0.05064146765108706 0.8355504586894181 0.01799999999999999 0.031971452136508434
0 0.38770733825543546 0.412667 0.021 0.0173333
0 0.4225 0.507833 0.018 0.0203333
0 0.5071249999999999 0.502 0.01825 0.032
0 0.7882616044298917 0.25149999999999983 0.021476791140216035 0.0183333
0 0.8566841293956513 0.873992929724692 0.021519452884781177 0.023985159449381347
0 0.42490793530217424 0.7310433884141093 0.023250000000000003 0.0266667
0 0.425375 0.8328330000000003 0.01875 0.0203333
0 0.5162616044298918 0.18288445868941813 0.015023208859783387 0.025361947863491295
0 0.57875 0.8125 0.018499999999999996 0.0196667
0 0.8763158706043486 0.25249999999999995 0.017500000000000005 0.017
0 0.3891182587913034 0.17372452896472684 0.0221706469782587 0.02495661158589074
0 0.27884206469782574 0.3010721528964729 0.013532935302174177 0.03240533627760062
0 0.10517252496575988 0.8076957644823638 0.02119385583804222 0.026028547863490924
0 0.14574999999999996 0.786 0.020500000000000004 0.0173333
0 0.6004883955701085 0.9290938471035279 0.015589079464131668 0.02827517103527287
0 0.5622500000000001 0.33491322317178146 0.0235 0.022666699999999998
0 0.2817267911402164 0.6913188594493826 0.018 0.0266667
0 0.4810000000000001 0.8313330000000001 0.014500000000000002 0.020666699999999996
0 0.6275755970467377 0.43726084710352703 0.019782935302175855 0.01878202469171065
1 0.2500591293956517 0.6675000000000003 0.017118258791303388 0.02633329999999999
0 0.8995377985233691 0.5539132231717816 0.019858532348913244 0.022927030484655317
1 0.5205 0.6728330000000001 0.017500000000000005 0.0236667
0 0.838787798523369 0.9792608471035277 0.016207338255435175 0.02849211310581963
0 0.5901250000000001 0.565333 0.02075 0.0266667
0 0.7321841293956516 0.725833 0.021868258791303843 0.024999999999999994
0 0.4238847264423905 0.8570867768282184 0.01675 0.025333300000000003
0 0.617625 0.7475 0.014250000000000002 0.0323333
0 0.4306085323489129 0.6778330000000001 0.01871706469782586 0.023
0 0.15961339557010817 0.902167 0.02172679114021636 0.0196667
0 0.415 0.40700000000000003 0.0165 0.0313333
0 0.2535 0.9505 0.019 0.027000000000000003
0 0.462125 0.39066700000000004 0.02125 0.0233333
0 0.09460853234891298 0.7714566115858911 0.014131741208696615 0.031753476828218934
0 0.10549999999999997 0.955833 0.018499999999999996 0.0276667
0 0.405125 0.8433329999999999 0.01825 0.028000000000000008
0 0.645266467651087 0.27541322317178146 0.01853293530217448 0.027493146343563136
0 0.34400972644239053 0.949833 0.0225 0.019
0 0.705625 0.626667 0.02075 0.028000000000000008
0 0.7509999999999999 0.43866699999999986 0.017 0.028000000000000008
0 0.14987500000000004 0.8071670000000001 0.01675 0.029666699999999997
0 0.28395059704673875 0.5082174586894181 0.018901194093477583 0.027101617378835933
0 0.07025 0.6794999999999999 0.020500000000000004 0.018333300000000004
0 0.04420546026793407 0.5989783057929465 0.0197597264423905 0.021927030484653352
0 0.5309292661744567 0.22817407027530887 0.015339079464131758 0.022231782621163813
0 0.6015 0.32116700000000004 0.018499999999999996 0.023
0 0.6321744029532611 0.5323042355176363 0.018151194093477502 0.02005822896472647
0 0.11774999999999997 0.33733299999999994 0.017 0.02
0 0.7854622014766305 0.9407103884141093 0.01642440295326121 0.028086776828218377
0 0.5679341293956518 0.1678844586894181 0.015348805906522262 0.02602854786349156
0 0.4230213308722821 0.6990938471035284 0.02132559704673888 0.019782024691708536
0 0.711 0.5455 0.017500000000000005 0.0236667
0 0.4885097264423905 0.09711584131058196 0.02021706469782587 0.023941771035273077
0 0.7339999999999989 0.5098844586894178 0.019000000000000003 0.026261363722399744
0 0.4066085323489129 0.8104712355176369 0.019500000000000003 0.02265185944938256
0 0.5197548632211952 0.8894853760682545 0.015773208859783384 0.029231782621163643
1 0.6608750000000001 0.614333 0.01775 0.025333300000000003
0 0.865125 0.571833 0.01575 0.0323333
0 0.6057877985233688 0.2628844586894179 0.013641467651087797 0.029825413105819324
0 0.7538750000000001 0.582333 0.01725 0.0266667
0 0.850875 0.669 0.01825 0.021999999999999992
0 0.4950048632211953 0.8349061528964731 0.013404950068479941 0.027288878348146462
0 0.9054786691277172 0.7705 0.021042661744564328 0.021666699999999997
0 0.17546706469782594 0.470093847103527 0.018065870604348198 0.03213119848007206
0 0.536603669127718 0.10991322317178158 0.01599027355760925 0.02863701889876463
0 0.50925 0.4495 0.017 0.0276667
0 0.5125 0.47566699999999995 0.017500000000000005 0.0306667
0 0.807 0.685 0.0165 0.0326667
0 0.21696220147663067 0.6922023181388006 0.021075597046738878 0.024928063722399724
0 0.666125 0.486833 0.02025 0.017
0 0.8425 0.550333 0.019499999999999997 0.022666699999999998
0 0.33934206469782596 0.5758980826211638 0.01775 0.0266667
0 0.67825 0.9258330000000001 0.020500000000000004 0.021666699999999997
0 0.7786085323489123 0.2070802231717816 0.015348805906523589 0.02601380731287399
0 0.4957073382554356 0.21681937606825433 0.014046417719566962 0.02236194786349178
0 0.2775 0.6518330000000002 0.014000000000000002 0.0316667
0 0.413375 0.475833 0.01875 0.0176667
0 0.337625 0.381 0.01675 0.025333300000000003
0 0.7286036691277171 0.26213723551763657 0.013990273557610195 0.026158713105819277
1 0.16256753030584534 0.1414302794454242 0.016492488049994786 0.025828512819050603
1 0.16758698319062634 0.16582387488563863 0.018643682143472357 0.023915289647269064
0 0.118109519040642 0.2452226365145719 0.013624229258691329 0.02869834757672286
0 0.1478677040004152 0.22130734686730286 0.012907164560865476 0.02869834757672286
1 0.16453945822486646 0.2052841028036326 0.01971927919021114 0.014827479581306792
0 0.16920037876073452 0.21915497079904864 0.013265696909778423 0.023436983854323717
0 0.34416416503024444 0.0963786172784943 0.010397438118474954 0.024393595440214445
0 0.5248644688823612 0.20184504462295094 0.020436343888036956 0.012435950616579896
2 0.7133533870441126 0.48739360301134355 0.011114502816300765 0.012435950616579865
0 0.6624417934984764 0.3996244900058661 0.014699826305430095 0.024393595440214445
0 0.6861049285267299 0.507960752107995 0.015416891003256 0.022958678061378336
2 0.6737355624892336 0.5184834795527933 0.008604776373910286 0.013392562202470686
0 0.6389579246446795 0.5144178803127576 0.01290716456086543 0.027263430197886726
0 0.40143024348986345 0.3058765545885713 0.014699826305430095 0.02917665336966824
1 0.4071667610724704 0.3317050674076219 0.01111450281630081 0.028220041783777544
1 0.3392248809534701 0.23436983854323684 0.017209552747820614 0.0277417359908321
2 0.21529867552221443 0.42497469703197127 0.020436343888036976 0.02630681861199603
0 0.10361584883583676 0.5388114757529721 0.013624229258691343 0.03204648812734058
2 0.06453582280432739 0.505569223143268 0.015058358654343058 0.016262396960142964
1 0.23519722088688202 0.6880428831519311 0.02151194093477576 0.01865392592486989
1 0.6066367343606773 0.6476260436480463 0.014341293956517237 0.02774173599083207
1 0.6575483279063136 0.7059793503873828 0.013624229258691329 0.02774173599083207
0 0.6837211893769575 0.5270929838258102 0.024380199726079237 0.018175620131924544
0 0.7677970251970394 0.5555521785060604 0.011114502816300855 0.031089876541449755
0 0.765645831103562 0.5885552782192918 0.01254863221195257 0.029176653369668303
0 0.7505874724492189 0.6079266628335795 0.011831567514126666 0.024871901233159854
0 0.8474444855375484 0.5981213940781995 0.020436343888037046 0.024393595440214445
0 0.8621443118429785 0.6055351338688527 0.013265696909778286 0.027741735990832194
0 0.8494164134565695 0.6210800721395776 0.016492488049994765 0.025350207026105142
0 0.9207643508902426 0.5952515593205271 0.019360746841298095 0.022480372268432927
0 0.8990731437810102 0.6349509401349936 0.001075597046738856 0.0004783057929454107
0 0.5045082938023309 0.908302700803279 0.020794876236949998 0.016262396960142964
0 0.4276348524086785 0.5188093753075771 0.022558855393601484 0.012732500208205993
0 0.3664656483606435 0.4820587497066186 0.023426503677970823 0.020256250331236944
2 0.7530029590471624 0.05266625086121593 0.02602944853107867 0.03704000060569033
0 0.7235029173786066 0.03212062552524708 0.022558855393601574 0.016783750274453432
