0 0.040214155801216796 0.6469579427015576 0.050913334867595576 0.05507062732231974
0 0.15200213018441577 0.7025202720535407 0.06050570230641791 0.04228637455106697
0 0.1988571557509711 0.7433315405156169 0.03468009766343465 0.06293785979693689
0 0.2630522301492438 0.7792257886810573 0.06714657207175648 0.04228637455106687
0 0.3147034394352104 0.7438232425452804 0.06862232090849835 0.044253182669721204
0 0.33573286035878247 0.7025202720535407 0.04869971161248274 0.08358934504280667
0 0.24571218131752648 0.6813770847780073 0.07231169300035314 0.0531038192036654
1 0.4353459068388607 0.6818687868076708 0.0324664744083218 0.08358934504280667
1 0.40435518126728076 0.5746777443410128 0.03541797208180561 0.0678548800935725
0 0.17008005343450402 0.5491092387985073 0.04501033952062797 0.07768892068684397
0 0.7131556253555233 0.9021512960969497 0.06567082323501451 0.04621999078837533
0 0.7673893951057883 0.8603566235755463 0.06640869765338554 0.05507062732231974
0 0.6146493905030017 0.9070683163935853 0.05017546044922461 0.0678548800935725
1 0.7290199253504989 0.7964353597192825 0.03689372091854756 0.070805092271554
0 0.7050390067534431 0.7895515313039924 0.04501033952062802 0.07080509227155381
0 0.6637180393246698 0.858389815456892 0.05386483254107939 0.047203394847702605
1 0.6607665416511861 0.8151200368464978 0.030252851153209033 0.0413029704917398
0 0.7124177509371524 0.6572836853244923 0.05238908370433744 0.07768892068684387
0 0.646746927702138 0.7403813283376356 0.04205884184714414 0.07867232474617106
0 0.6766308416461615 0.7221883532400833 0.04722396277574088 0.08358934504280667
2 0.5987850905080262 0.6558085792355017 0.06862232090849837 0.037369354254431233
0 0.5943578439978005 0.7212049491807562 0.06271932556153083 0.058020839500301034
0 0.5220461509974474 0.7570991973461969 0.04648608835736982 0.06687147603424534
0 0.5463960068036887 0.7723419602657675 0.04353459068388609 0.0737553044495353
0 0.6061638346917357 0.8510142850119385 0.05238908370433744 0.04818679890702967
0 0.5880859114416473 0.8111864206091896 0.06345719997990173 0.043269778610394036
0 0.6009987137631391 0.7698834501174496 0.06567082323501465 0.0413029704917398
0 0.8467108950806653 0.5663188098367321 0.039107344173660394 0.08653955722078807
1 0.7046700695442574 0.5559930672137972 0.03541797208180561 0.08358934504280677
2 0.6456401160745814 0.5673022138960592 0.03689372091854756 0.023601697423851303
1 0.5305317068087133 0.5864785930529386 0.04574821393899892 0.08162253692415244
3 0.46301619752777134 0.5309162637009551 0.039107344173660394 0.06097105167828253
0 0.7531810070549169 0.5230490312263381 0.05534058137782134 0.06687147603424534
1 0.9014937651474778 0.4478186206878121 0.045010339520627864 0.05015360702568395
0 0.8085215884327382 0.32046779500494776 0.058292079051305075 0.05507062732231969
1 0.5915865094316788 0.5535345570654794 0.03320434882669277 0.07277190039020814
1 0.5731396489724051 0.4915801013278698 0.024349855806241404 0.07867232474617093
1 0.6484028396462422 0.40700735222573586 0.06419507439827278 0.06097105167828253
1 0.5620715326968408 0.2693307839199366 0.058292079051305075 0.037369354254431233
1 0.5521102280488329 0.31555077470831205 0.05017546044922461 0.07473870850886247
0 0.5646540931611392 0.20934313630098117 0.06936019532686936 0.05507062732231969
0 0.6365968489523067 0.2717892940682544 0.04205884184714421 0.09539019375473239
0 0.7078017303251035 0.2885071630768158 0.032466474408321726 0.08162253692415244
0 0.7491226977538767 0.272280996097918 0.04132096742877324 0.08457274910213389
2 0.7336273349680869 0.2998163097590779 0.025087730224612304 0.07867232474617106
0 0.5118960722476162 0.2265527073392061 0.030252851153209033 0.07572211256818957
0 0.5344012420079302 0.42470862529362435 0.03541797208180561 0.08653955722078813
0 0.4871772792321894 0.4084824583147266 0.059029953469676044 0.07178849633088107
0 0.46430317226268997 0.35341183099240686 0.036893720918547486 0.06392126385626398
0 0.42814732576251335 0.42126671108597935 0.051651209285966476 0.06785488009357256
0 0.39088466763478047 0.4015986298994366 0.056816330214563206 0.04621999078837544
0 0.41338983739509433 0.33226864371687337 0.061981451143159866 0.05703743544097397
0 0.4215064559971748 0.2850652488691708 0.057554204632934175 0.07277190039020814
0 0.7096464163710309 0.4286422415309329 0.05681633021456313 0.06883828415289972
1 0.6657428884779594 0.49797222771349603 0.05460270695945044 0.0383527583137584
0 0.6410240954625324 0.4542107470734384 0.06567082323501451 0.0413029704917398
0 0.6343832256971939 0.5230490312263381 0.05534058137782126 0.0708050922715539
0 0.3215244723079109 0.14394676635572654 0.06271932556153076 0.06982168821222676
0 0.35952500485401484 0.21081824238997193 0.06640869765338554 0.05605403138164688
1 0.21231905838901033 0.18033271655083064 0.03763159533691849 0.07178849633088105
1 0.3248449071905802 0.38930607915784743 0.039845218592031294 0.07670551662751673
1 0.3266895932365077 0.3307935376278827 0.05976782788804698 0.03245233395779555
1 0.33296152579266064 0.2850652488691708 0.056078455796192236 0.04326977861039408
0 0.24773703047081594 0.3317769416872099 0.036155846500176544 0.08162253692415244
0 0.20161987932263156 0.3135839665896578 0.051651209285966566 0.08457274910213379
0 0.23371741652176792 0.21966887892391618 0.037631595336918455 0.09539019375473239
0 0.2661838909300897 0.17738250437284922 0.056816330214563206 0.048186798907029746
0 0.292009495573073 0.2073763281823269 0.06862232090849837 0.047203394847702605
0 0.1901828258378818 0.2565465311486838 0.042058841847144174 0.08653955722078814
0 0.7176470588235294 0.11062717770034844 0.06535947712418301 0.04355400696864112
0 0.8019607843137257 0.06968641114982578 0.05359477124183006 0.07317073170731708
