0 0.22797458671803109 0.14989625245115304 0.017786789829570455 0.03356750054890688
0 0.2587761008131409 0.17391437784390532 0.024727976104524818 0.01909875031230905
0 0.08915086121894461 0.215295003520575 0.019522086398309036 0.03125250051105119
2 0.1169156063187619 0.2520456291215334 0.022125031251416908 0.06655625108834985
0 0.1976068967651059 0.2303425037666367 0.019522086398309026 0.02778000045426774
2 0.27482759407397284 0.21211187846852353 0.010845603554616095 0.0214137503501647
0 0.2941327684011895 0.21413750350164718 0.02082355882486299 0.02083500034070082
0 0.23187900399769287 0.2694081294054508 0.017786789829570406 0.0248862504069482
0 0.25899301288423326 0.28908562972722374 0.015617669118647214 0.031831250520515136
1 0.23947092648592416 0.29082187975561546 0.013882372549908628 0.031831250520515136
1 0.3479269620320855 0.3232318802855945 0.02169120710923224 0.015626250255525626
0 0.2963018891121127 0.32583625532818195 0.015617669118647214 0.03125250051105125
0 0.2592099249553256 0.3269937553471099 0.019522086398309046 0.027780000454267772
0 0.2368679816328163 0.3565100058297693 0.016485317403016512 0.028937500473195595
0 0.14619873591622543 0.37445125612315056 0.015617669118647242 0.03241000052997902
0 0.05683096262618853 0.4603956325285415 0.022558855393601557 0.026043750425876023
2 0.22515472979383092 0.41467438178089255 0.015617669118647214 0.07350125120191676
2 0.19305174327216712 0.49222688304905665 0.06420597304332748 0.07465875122084452
0 0.3453240171789777 0.3894987563692123 0.013882372549908628 0.03125250051105119
0 0.28805923041060444 0.4606850075332734 0.01648531740301656 0.03356750054890685
0 0.3212467772877298 0.47515375776987123 0.019522086398309046 0.025465000416412108
0 0.29738644946757437 0.48528188293548963 0.022125031251416884 0.015626250255525626
0 0.316040887581514 0.5341862587351902 0.013448548407724028 0.02662250043533988
2 0.29001143905043536 0.5124831333802934 0.010845603554616095 0.038776250634082014
2 0.11105898039926919 0.548365633967056 0.010411779412431495 0.026043750425875964
0 0.11062515625708452 0.5752775094071279 0.01995591054049367 0.021992500359628617
0 0.21843045558996887 0.5761456344213237 0.02038973468267834 0.01794125029338122
1 0.23339738849533917 0.6140537600412099 0.02082355882486294 0.024307500397484406
1 0.3132210306573139 0.5723837593598082 0.01475002083427797 0.03356750054890685
1 0.0737501041713897 0.7408000121138066 0.01735296568738581 0.028937500473195595
0 0.17352965687385813 0.6806100111295598 0.01995591054049367 0.023150000378556454
0 0.2828533407043887 0.652830010675292 0.022558855393601532 0.01736250028391731
0 0.3342615015532692 0.5622556341941898 0.02038973468267834 0.022571250369092598
0 0.33382767741108454 0.608266259946571 0.02386032782015552 0.018520000302845136
0 0.20823558824862975 0.8524187475867027 0.025161800246709463 0.01967750032177309
0 0.23404812470861613 0.8486568725251871 0.02299267953578618 0.0214137503501647
1 0.3086658771643751 0.8822243730740942 0.013448548407723984 0.03298875053944287
1 0.3090997013065597 0.8524187475867027 0.01691914154520116 0.02546500041641224
0 0.3485776982453625 0.8613893727333932 0.01691914154520116 0.026043750425876023
2 0.37699317955845674 0.8310049972365379 0.026029448531078712 0.03935500064354594
0 0.3678828725725792 0.7725512462806828 0.02082355882486299 0.027780000454267772
0 0.3904417279661807 0.7757343713327345 0.013014724265539335 0.02951625048265951
0 0.3826328934068571 0.7152549953437557 0.01735296568738581 0.03472500056783462
0 0.42319545070112147 0.7051268701781371 0.022992679535786226 0.01909875031230905
0 0.42840134040733724 0.7343537456560647 0.022125031251416977 0.01852000030284526
1 0.42471383519876776 0.7589506210582809 0.020823558824863034 0.027201250444803725
0 0.41451896785742853 0.7786281213800541 0.01518384497646257 0.022571250369092535
0 0.40996381436448975 0.7531631209636419 0.021691207109232283 0.01909875031230905
1 0.42623221969641406 0.8174043720141358 0.02386032782015557 0.016783750274453394
0 0.3962983538856734 0.9160812486277328 0.01691914154520121 0.027780000454267772
3 0.42406309898549077 0.914055623594609 0.016051493260831908 0.02025625033123688
0 0.40974690229339744 0.9432824990725366 0.012580900123354687 0.03125250051105125
1 0.4446697457392614 0.6909474949462713 0.013882372549908628 0.03241000052997896
2 0.5674419779775159 0.6654824945298592 0.01735296568738581 0.024307500397484284
2 0.5537765174986997 0.7551887459967653 0.01691914154520116 0.01389000022713382
0 0.48089406161167925 0.7913606215882599 0.025595624388894112 0.020256250331237003
0 0.5375081121667755 0.8211662470756512 0.018220613971755104 0.030095000492123426
0 0.6526884219167988 0.7554781210014972 0.01258090012335459 0.026043750425876023
0 0.6344678079450438 0.7693681212286313 0.023860327820155614 0.01794125029338122
0 0.6661369703245228 0.8124849969336927 0.020389734682678434 0.023150000378556322
0 0.653556070201168 0.8527081225914344 0.01778678982957036 0.0248862504069482
0 0.6435781149309213 0.8249281221371666 0.012580900123354687 0.03298875053944299
0 0.6041001179921185 0.8066974968390536 0.017786789829570455 0.018520000302845136
0 0.6229714681771505 0.7983056217018267 0.023426503677970875 0.015626250255525564
0 0.6342508958739513 0.8162468719952081 0.013882372549908721 0.026043750425876023
0 0.5290485413941749 0.6220762438200658 0.019522086398309046 0.024307500397484284
0 0.42536457141204465 0.6128162436686434 0.021257382967047683 0.02083500034070079
0 0.4772065564031098 0.5971899934131178 0.013014724265539335 0.02778000045426764
1 0.4598535907157241 0.575486868058221 0.021691207109232283 0.01678375027445352
1 0.4093130781512129 0.5696993679635818 0.016051493260831867 0.01678375027445352
1 0.398684386667689 0.5152968670739743 0.019088262256124398 0.02025625033123688
1 0.3934784969614732 0.5656481178973345 0.023426503677970823 0.01794125029338128
0 0.5507397485034072 0.5485749926181489 0.02038973468267825 0.02199250035962868
0 0.5188536740528357 0.5806956181433962 0.018220613971755104 0.02372875038802037
0 0.5409787053042526 0.5792487431197364 0.014750020834277924 0.021992500359628617
0 0.5240595637590516 0.588508743271159 0.015617669118647214 0.023150000378556454
0 0.3971660021700428 0.5517581176702006 0.021257382967047635 0.01678375027445346
0 0.36766596050148687 0.5615968678310871 0.023860327820155475 0.01909875031230905
0 0.3949968814591195 0.5942962433657981 0.025595624388894064 0.015047500246061775
0 0.42536457141204465 0.4582899911417789 0.012580900123354732 0.026622500435339938
0 0.4279675162651525 0.42211811555028445 0.01605149326083196 0.02372875038802037
0 0.445754306094723 0.4232756155692122 0.019522086398308953 0.0248862504069482
0 0.4698315459859709 0.41256874039412994 0.018220613971755104 0.026622500435339938
0 0.49347496173503413 0.4105431153610063 0.01691914154520116 0.027201250444803794
0 0.5058389497872964 0.43079936569224314 0.013014724265539335 0.026043750425876023
0 0.5231919154746821 0.42761624064019166 0.019955910540493692 0.018520000302845136
1 0.536423551811314 0.41517311543671753 0.011713251838985483 0.030673750501587348
2 0.48935363238428 0.4458468659383048 0.03383828309040242 0.01678375027445346
2 0.5071404222138503 0.4525024910471398 0.027764745099817256 0.011575000189278227
1 0.643361202859829 0.5772231180866128 0.012147075981170131 0.02951625048265951
0 0.6177655784709348 0.5555199927317159 0.019088262256124304 0.01967750032177297
0 0.6090890956272419 0.5456812425708296 0.01735296568738581 0.027780000454267772
0 0.6247067647458893 0.4950406167427373 0.022558855393601484 0.015626250255525626
0 0.5945559868640564 0.4009937402048516 0.015183844976462664 0.021992500359628617
2 0.4368609111799377 0.34138248923006886 0.010411779412431542 0.021992500359628617
1 0.3947799693880272 0.2982656135250075 0.02082355882486299 0.028358750463731618
0 0.36875052085694837 0.3144706137899969 0.01735296568738581 0.016783750274453394
0 0.4511771078720311 0.37900123984522294 0.021691207109232283 0.01736250028391737
0 0.46549330456412435 0.36453248960862533 0.010411779412431448 0.025465000416412108
0 0.47525434776327885 0.36337498958969744 0.013448548407723984 0.027780000454267772
2 0.5726478676837319 0.3234412389366875 0.013882372549908628 0.013890000227133886
0 0.6331663355184898 0.34716998932470794 0.01605149326083196 0.019677500321773032
1 0.6372876648692438 0.3002912385581311 0.019955910540493692 0.0185200003028452
1 0.5932545144375023 0.2907418634019766 0.021257382967047635 0.02025625033123688
0 0.6309972148075665 0.26845998803761595 0.018654438113939843 0.018520000302845167
0 0.5882655368023789 0.242126862607008 0.019088262256124398 0.016783750274453394
0 0.5696110986884392 0.2571743628530697 0.022558855393601574 0.017941250293381252
0 0.5353389914558523 0.23720748752656473 0.021691207109232283 0.01620500026498954
1 0.5138646964177123 0.20855936205810113 0.017786789829570455 0.022571250369092535
0 0.6338170717317667 0.1856987366842767 0.013014724265539427 0.032410000529979055
2 0.6242729406037045 0.17672811153758597 0.03123533823729443 0.010996250179814308
0 0.5028021807920038 0.1574200025741839 0.014750020834277924 0.030095000492123394
0 0.4225447144878445 0.17825500291488472 0.008676482843692952 0.025465000416412108
0 0.4290520766206141 0.15973500261203954 0.021691207109232283 0.013890000227133886
0 0.44358518538379976 0.14324062734231804 0.012580900123354687 0.03183125052051512
0 0.4266660438385986 0.0992556266230608 0.017786789829570455 0.03183125052051512
0 0.4140851437152439 0.1247206270394729 0.017786789829570455 0.02835875046373166
0 0.3967321780278581 0.1143031268691225 0.01691914154520116 0.022571250369092556
0 0.3900079038239961 0.13340187718143157 0.025161800246709422 0.020256250331236913
0 0.37222111399442553 0.14208312732339023 0.023426503677970823 0.01794125029338127
0 0.3550850603781322 0.15134312747481282 0.016051493260831867 0.03298875053944297
0 0.35356667588048585 0.03646125059622642 0.023426503677970875 0.019677500321772987
0 0.7926320600357396 0.0998343766325247 0.02082355882486299 0.01909875031230908
0 0.7154113627268727 0.10475375171296795 0.015617669118647214 0.018520000302845153
0 0.6815730796364703 0.13311250217669962 0.019088262256124398 0.019677500321772998
0 0.6965400125418406 0.15568375254579217 0.018654438113939756 0.02083500034070079
0 0.7308121197744276 0.15250062749374066 0.02038973468267834 0.02025625033123688
0 0.7164959230823342 0.16031375262150344 0.010845603554616095 0.028937500473195564
2 0.6963231004707484 0.18114875296220426 0.014750020834277924 0.02662250043533991
1 0.7084701764519185 0.19995812826978138 0.009544131128062246 0.0248862504069482
1 0.7036981108878873 0.23121062878083257 0.013882372549908628 0.027201250444803794
0 0.7221356369307348 0.182595627985864 0.02038973468267834 0.01794125029338128
0 0.7277753507791351 0.16233937765462714 0.01518384497646257 0.02025625033123688
1 0.8052129601590943 0.13484875220509135 0.021691207109232283 0.018520000302845167
1 0.87484173497973 0.17941250293381253 0.014316196692093181 0.030095000492123394
1 0.8149740033582489 0.20082625328397719 0.01691914154520116 0.028937500473195595
0 0.9360109390277647 0.16928437776819408 0.009977955270246893 0.01909875031230908
0 0.9277682803262566 0.18462125301898774 0.014316196692093365 0.028937500473195564
0 0.9184410612692866 0.20285187831710094 0.011279427696800837 0.022571250369092535
0 0.9114998749943325 0.20979687843066785 0.014750020834277833 0.027201250444803857
2 0.9264668078997026 0.23699812887547173 0.015183844976462664 0.02951625048265951
0 0.9143197319185324 0.22947437875244084 0.017786789829570552 0.01794125029338128
2 0.8971836783022389 0.2430750039748428 0.01301472426553924 0.019677500321773032
0 0.8698527573446061 0.24307500397484266 0.016485317403016408 0.030095000492123592
1 0.8336284414721885 0.2870600046941 0.016919141545201067 0.035882500586762504
0 0.811069586078587 0.2827193796231207 0.01691914154520116 0.02951625048265951
0 0.7943673566044781 0.307316255025337 0.019088262256124398 0.011575000189278288
0 0.8249519586284956 0.2919793797745433 0.010845603554616095 0.030673750501587282
0 0.9642095082697668 0.287638754703564 0.020389734682678434 0.026622500435339938
0 0.940132268378519 0.29400500480766695 0.014750020834277833 0.023150000378556454
0 0.9262498958286105 0.29979250490230613 0.01908826225612449 0.02083500034070079
0 0.9106322267099631 0.3345175054701408 0.014750020834278017 0.03704000060569027
0 0.7373194819071973 0.3417518805884397 0.022992679535786226 0.01794125029338128
0 0.7557570079500446 0.353037505772986 0.015617669118647214 0.02315000037855651
0 0.7134591540870419 0.36548063097646016 0.014316196692093275 0.028358750463731618
0 0.9338418183168418 0.39239250641653195 0.02125738296704754 0.01736250028391731
0 0.9208270940513024 0.41178063173357304 0.02125738296704754 0.01794125029338128
0 0.8915439644538387 0.4007843815537586 0.014750020834278017 0.029516250482659448
0 0.663135553593623 0.44766313232033544 0.01691914154520116 0.02372875038802037
0 0.683959112418486 0.44129688221623253 0.014316196692093275 0.030673750501587348
0 0.7811357202678465 0.418146881837676 0.019522086398309046 0.01794125029338122
0 0.7891614668982625 0.4384031321689129 0.022558855393601574 0.01909875031230905
0 0.6644370260201771 0.5052487582619946 0.02038973468267834 0.025465000416412045
0 0.7637827545804607 0.4603956325285415 0.016051493260831867 0.028358750463731687
0 0.7778820392014616 0.4664725076279126 0.013882372549908534 0.03241000052997908
1 0.7822202806233081 0.4870181329638814 0.02082355882486299 0.01794125029338122
1 0.9184410612692866 0.45460813243390236 0.013882372549908534 0.0248862504069482
0 0.9364447631699495 0.42943250702222224 0.022125031251417026 0.021992500359628617
0 0.9585697944213664 0.45923813250961365 0.014316196692093181 0.02951625048265951
0 0.9418675649472575 0.4664725076279126 0.014750020834278017 0.030095000492123426
0 0.9318896096770107 0.48817563298280925 0.013882372549908721 0.026043750425876023
0 0.8960991179467774 0.4881756329828093 0.022992679535786133 0.01909875031230905
0 0.8425218363869738 0.5110362583566337 0.019955910540493605 0.01736250028391731
0 0.9477241908667503 0.4933843830679845 0.01952208639830914 0.02372875038802037
0 0.821264453419926 0.5142193834086853 0.024294151962340173 0.015626250255525626
0 0.891760876524931 0.529266883654747 0.02212503125141684 0.016783750274453394
0 0.9559668495682585 0.5243475085743036 0.012580900123354779 0.023150000378556454
1 0.9409999166628882 0.5422887588676849 0.015617669118647124 0.028937500473195595
1 0.946422718440196 0.5596512591516024 0.022992679535786133 0.01967750032177297
1 0.7835217530498619 0.6062406349134472 0.013882372549908628 0.02372875038802037
1 0.6926355952621788 0.6178156351027253 0.02038973468267834 0.022571250369092535
0 0.6759333657880698 0.5825118845254268 0.013882372549908628 0.02372875038802037
0 0.6804885192810087 0.567753759284097 0.010845603554616095 0.02662250043533988
0 0.7824371926944004 0.5576256341184787 0.016051493260831867 0.02951625048265951
0 0.8282056396948805 0.5541531340616952 0.011279427696800837 0.026043750425876023
0 0.8099850257231254 0.5706475093314166 0.01908826225612449 0.015047500246061775
0 0.8587902417188978 0.5663068842604373 0.02038973468267825 0.015626250255525626
0 0.87766159190393 0.5610981341752621 0.010411779412431542 0.027201250444803857
0 0.8898086678851002 0.5775925094449835 0.011279427696800837 0.025465000416412108
0 0.9258160716864257 0.5538637590569632 0.023426503677970965 0.018520000302845136
0 0.9598712668479201 0.5443143839008086 0.016051493260831773 0.015626250255525626
0 0.9605220030611972 0.5660175092557054 0.014750020834277833 0.02662250043534
0 0.9208270940513021 0.5686218842982929 0.02299267953578632 0.019098750312309114
0 0.7811357202678465 0.5900356346484577 0.018654438113939756 0.017941250293381342
0 0.7685548201444915 0.6076875099371069 0.024727976104524818 0.01967750032177297
0 0.745345228537613 0.6120281350080865 0.011279427696800742 0.026043750425876023
0 0.7253893179971194 0.6163687600790655 0.018220613971755104 0.017362500283917434
0 0.7049995833144412 0.6192625101263851 0.013014724265539427 0.03125250051105125
0 0.9726690790423673 0.6603537607983228 0.012147075981170131 0.027780000454267772
0 0.893062348951485 0.6742437610254568 0.01605149326083196 0.021992500359628617
0 0.8559703847946978 0.6953681363708895 0.01908826225612449 0.016783750274453394
0 0.8134556188606026 0.6985512614229411 0.014750020834277924 0.023150000378556454
1 0.8143232671449718 0.7202543867778377 0.018220613971755104 0.01794125029338122
1 0.866815988349314 0.7396425120948787 0.019088262256124304 0.02083500034070079
1 0.9225623906200409 0.8371618886895478 0.012580900123354779 0.0248862504069482
1 0.9039079525061011 0.8059093881784967 0.01778678982957036 0.01446875023659786
0 0.8494630226619282 0.7381956370712188 0.023426503677970875 0.016783750274453394
0 0.8848196902499765 0.7483237622368374 0.018654438113939843 0.021992500359628755
0 0.9266837199707949 0.8047518881595687 0.018220613971755197 0.016783750274453394
2 0.8340622656143734 0.7972281380365379 0.01518384497646257 0.03298875053944287
0 0.7705070287843226 0.8287700135523209 0.013882372549908628 0.03125250051105125
1 0.9117167870654247 0.8420012474163521 0.014316196692093365 0.028937500473195595
1 0.8470769898799126 0.888879998182929 0.009977955270246803 0.030095000492123426
1 0.7683379080733992 0.9262093737933513 0.019955910540493692 0.021413750350164577
0 0.8336284414721885 0.8712281228942796 0.01518384497646257 0.028358750463731687
0 0.8357975621831117 0.9169493736419286 0.016919141545201067 0.02951625048265951
0 0.8112864981496795 0.8694918728658879 0.01735296568738581 0.0248862504069482
0 0.7885107306849853 0.889169373187661 0.011713251838985483 0.030673750501587348
0 0.7850401375475083 0.9372056239731655 0.022992679535786226 0.01909875031230905
0 0.8887241075296385 0.8220343720898472 0.011713251838985483 0.02951625048265951
0 0.8451247812400817 0.8127743719384247 0.012147075981170036 0.022571250369092535
0 0.8388343311784042 0.8217449970851153 0.01778678982957036 0.025465000416412108
0 0.94490433394255 0.85646999765295 0.01822061397175501 0.020835000340700918
0 0.9665955410517825 0.8584956226860737 0.017352965687385903 0.027201250444803857
0 0.9672462772650593 0.8868543731498054 0.013448548407724074 0.030673750501587348
2 0.7731099736374304 0.980322499678227 0.059000083337111785 0.03588250058676244
0 0.7097716488784722 0.9678793744747529 0.019955910540493692 0.013311250217669905
0 0.687429705555963 0.9745349995835879 0.024727976104524818 0.0219925003596285
0 0.6770179261435315 0.9536999992428871 0.01691914154520116 0.03125250051105125
0 0.6535914224655606 0.9565937492902066 0.027330920957632693 0.02083500034070079
0 0.5954589874128183 0.9785862496498352 0.022125031251416932 0.017362500283917434
