2 0.42683046026793364 0.8426442725552006 0.021160920535868752 0.048045454889594774
2 0.637521330872282 0.5651886942070543 0.01669385583804272 0.03927620427301729
2 0.8060872014766322 0.5073335166188715 0.015325597046741612 0.03133433323774441
2 0.7840591293956508 0.7537391528964728 0.016749999999999994 0.03121797530829008
2 0.13387499999999997 0.507333 0.01975 0.0173333
2 0.4403798632211952 0.39635521082592645 0.026759726442390594 0.03271112165185283
2 0.6529457338255422 0.2851251614425061 0.018127985233695992 0.06520623447090423
2 0.7583158706043485 0.8839414710352732 0.02036825879130327 0.0247830579294537
2 0.31050000000000005 0.799667 0.018 0.02
2 0.9835097264423902 0.18214530579294533 0.02601945288478136 0.0262899115858909
2 0.9116238927538067 0.2442815080728381 0.03725221449238397 0.04810368385432359
2 0.9164999999999999 0.8590000000000001 0.012 0.022666699999999998
2 0.07262499999999998 0.9057830579294529 0.01475 0.0439724853742537
2 0.8558012809407626 0.26878305792945395 0.03304863221195238 0.028319592687125934
2 0.5662683456385872 0.2782603304846552 0.02946330872282546 0.03855230854603325
2 0.5495213308722814 0.7720454548895969 0.015042661744566603 0.07275760977919378
2 0.085125 0.461 0.01775 0.020666699999999996
2 0.5775000000000001 0.16666699999999998 0.023 0.026000000000000002
2 0.560125 0.9421306818611991 0.019250000000000014 0.030261363722400403
2 0.35439633087228223 0.8034349173788362 0.017292661744564772 0.02353653475767251
2 0.47137500000000004 0.371 0.022250000000000002 0.0153333
2 0.760125 0.402 0.01375 0.024
2 0.134875 0.6943330000000002 0.019250000000000003 0.025333300000000003
2 0.618875 0.8169999999999998 0.02075 0.018000000000000002
2 0.799342064697826 0.819101917378836 0.01618412939565172 0.025536534757672827
2 0.0745 0.4996019173788359 0.015500000000000003 0.02986983475767237
2 0.92175 0.23783300000000002 0.014500000000000002 0.0256667
2 0.35475 0.885833 0.016 0.027000000000000003
2 0.9564341293956515 0.6906669999999994 0.026670646978258616 0.017333299999999982
2 0.229375 0.709833 0.01375 0.021666699999999997
2 0.826125 0.6445000000000001 0.01725 0.0256667
2 0.3536609205358681 0.4345000000000001 0.030821841071736262 0.017000000000000015
2 0.052276194093477585 0.5830721528964723 0.019749999999999997 0.013738636277600804
2 0.79675 0.5721669999999999 0.021 0.019
1 0.137 0.344 0.0225 0.0166667
2 0.547374999999999 0.3508113057929454 0.021335323489130666 0.03327620427301717
2 0.6040329353021743 0.20777547103527308 0.024934129395651636 0.027783057929453826
2 0.03799999999999999 0.8267603304846542 0.01149999999999999 0.04047933903068726
2 0.972875 0.6444999999999999 0.01775 0.0276667
2 0.5313750000000002 0.6156957644823636 0.026420646978258598 0.04174070275308812
2 0.521875 0.120833 0.02475 0.0196667
2 0.6918420646978258 0.20567407027530893 0.022184129395651828 0.02134814055061754
2 0.4631792661744562 0.7647169420705453 0.013358532348912941 0.04601587378836016
2 0.444125 0.7638329999999999 0.02075 0.019
2 0.24887499999999999 0.6743330000000001 0.02125 0.02
2 0.024200933551622773 0.05309194301693733 0.018285149794559433 0.05070041405221042
2 0.03137158052988138 0.08681250141958671 0.023304602679340446 0.039699380814466646
2 0.04248608334618221 0.0540485546028281 0.021153408585862867 0.03922107502152127
2 0.03603250106574946 0.10594473313740198 0.02760699086629561 0.03300309971323131
2 0.06865894481682608 0.2448925659880352 0.01183156751412669 0.037307851849739754
2 0.2515104427624204 0.21667252420425773 0.07995271380758337 0.0507004140522104
2 0.06292242723421922 0.299180273487336 0.011114502816300833 0.033959711299122036
2 0.04822260092878907 0.3018109553485356 0.0276069908662956 0.02869834757672289
2 0.020794876236949936 0.2795697359765754 0.02294607033042752 0.031089876541449755
0 0.40675494984171906 0.024632748336687132 0.019002214492385285 0.029176653369668255
2 0.4160767909134553 0.04711312060512005 0.1086353017206178 0.04256921557213894
2 0.5367229263226561 0.0562009306710823 0.02151194093477572 0.07222417473475257
2 0.6482264868345774 0.15281870084604932 0.050194528847810185 0.04448243874392046
2 0.6489435515324032 0.12555527064816258 0.03226791140216361 0.022480372268432927
2 0.8279044725217937 0.10427066286209313 0.015058358654343048 0.053570248809882696
2 0.8490578811076566 0.15281870084604932 0.04589214066085495 0.05978822411817267
2 0.8232435519859256 0.1413393618153602 0.029399652610860284 0.028220041783777513
2 0.8230642858114692 0.15808006456844853 0.02832405556412152 0.010044421651853
2 0.802986474272345 0.15640599429313967 0.01900221449238533 0.023915289647269064
2 0.8397360400359204 0.25326291736457945 0.032267911402163806 0.029176653369668272
2 0.6776794183272757 0.269047008531777 0.025814329121730952 0.04735227350159279
2 0.5572125490925315 0.3845578575280865 0.026531393819556846 0.010522727444798409
2 0.5267372994349325 0.3278786210640588 0.01792661744564648 0.04256921557213899
2 0.47044772065560253 0.25948089267286933 0.01864368214347238 0.11335847292805536
2 0.4458882547550669 0.2616332687411236 0.04481654361411619 0.022958678061378336
2 0.465607533945278 0.2977453561084999 0.04983599649889723 0.0655278936335173
2 0.46345633985180035 0.3960371965587758 0.029041120261947332 0.020088843303706062
2 0.11526815017550698 0.40225517186706566 0.039080026031509375 0.04687396770864737
2 0.22892290478090577 0.44195455268153233 0.031192314355424907 0.017219008546033723
2 0.28987340409610396 0.47184866474061865 0.014699826305430142 0.02630681861199603
2 0.09160501514725362 0.5019819296961777 0.013265696909778404 0.014827479581306858
2 0.04284461569509514 0.5849679847722012 0.01971927919021115 0.034438017092067445
2 0.17944544063092147 0.5397680873388627 0.015416891003256 0.06074483570406347
2 0.28969413792164744 0.6041002164900164 0.022229005632601665 0.0392210750215213
2 0.03764589663585764 0.6751286267424058 0.03513617019346713 0.015784091167197555
2 0.15811276587060213 0.7100449496274186 0.024380199726079237 0.04639566191570196
2 0.1572164349983198 0.7380258385147235 0.028324055564121476 0.022002066475487515
2 0.21906326518580024 0.691391023702549 0.010038905769562002 0.03395971129912216
2 0.27571137631404313 0.701196292457929 0.03441910549564128 0.030611570748504412
2 0.33128389039554734 0.4798424501718978 0.04660920535868089 0.034916322885012854
2 0.48957592244060594 0.4994529876826585 0.01756808509673362 0.04256921557213894
2 0.4178694526580199 0.6128114606107138 0.016133955701081858 0.03874276922857589
2 0.4130292659476954 0.6324219981214746 0.015775423352168853 0.02152376068254223
2 0.42288890554280095 0.6661425565241239 0.015416891003255894 0.07270248052769804
2 0.4850942680791943 0.6137680721966047 0.015775423352168853 0.04639566191570196
2 0.6360363869715379 0.44540443307983024 0.04302388186955152 0.024393595440214445
2 0.7050538641372768 0.4616668300399733 0.03190937905325086 0.037786157642685135
2 0.7245938771530315 0.4824731320330974 0.016492488049994765 0.033481405506176745
2 0.6903540378318467 0.5358042279465075 0.05844077287280761 0.019610537510760587
2 0.6136281151644796 0.5802866666904278 0.016851020398907717 0.03969938081446658
2 0.7798611377674611 0.4501874910092841 0.011473035165213714 0.015784091167197555
2 0.7823708642098517 0.5204984425722552 0.03728736428694476 0.009087810065962178
2 0.767491771729965 0.5377174511182891 0.029041120261947332 0.010044421651853062
2 0.8072888624593003 0.5487184843560328 0.030475249657599048 0.022480372268432927
2 0.79868408608539 0.5379566040147616 0.027606990866295616 0.043047521365084336
2 0.7814745333375691 0.5757427616574468 0.015416891003256 0.046873967708647435
2 0.8334617239299439 0.6666208623170692 0.016133955701081806 0.035394628677958256
2 0.9476542770587123 0.5659374929020664 0.013624229258691422 0.018653925924869825
2 0.977591728192942 0.8768362583165645 0.04051415542716095 0.04352582715802973
2 0.8764856057994957 0.8813801633495454 0.029758184959773143 0.033481405506176745
2 0.733968997106606 0.8734881177659467 0.03155084670433781 0.02630681861199596
2 0.7334311985832366 0.906491217479178 0.016133955701081903 0.03395971129912216
2 0.7459798307951891 0.740997413120076 0.016851020398907717 0.030133264955558996
2 0.6660271169876057 0.7268873922281874 0.03477763784455428 0.021045454889596818
2 0.6226447027691413 0.6749912136936135 0.02473873207499219 0.06935433997708029
2 0.5210007818523256 0.7536725166331287 0.02151194093477581 0.07844215004304247
2 0.5258409685626502 0.7773486533839248 0.05270425529020066 0.029176653369668303
2 0.5066594878958084 0.7771095004874523 0.020077811539124187 0.06504958784057185
2 0.44158586656811166 0.7780661120733429 0.016133955701081903 0.022958678061378336
2 0.4397932048235469 0.7981549553770491 0.00896330872282324 0.012435950616579927
2 0.3716720585300904 0.7850015460710512 0.05557251408150414 0.010044421651853
2 0.0568273773026994 0.9038605356179782 0.02760699086629561 0.03348140550617661
2 0.6661531042802238 0.8689442127329656 0.01936074684129819 0.04878719088042889
