0 0.422656 0.3598959999999999 0.0421875 0.09270830000000001
1 0.0429688 0.633333 0.034375 0.0770833
1 0.7502625947712421 0.5367813588850173 0.07240098954248354 0.05977058222996508
1 0.386328 0.46145800000000003 0.0476562 0.0604167
0 0.6375 0.778125 0.034375 0.0916667
0 0.776563 0.40625 0.0703125 0.05
0 0.416797 0.32552099999999995 0.0382813 0.096875
1 0.33359399999999995 0.7265619999999999 0.0328125 0.078125
0 0.775391 0.669792 0.0570313 0.0416667
1 0.5 0.473437 0.0375 0.0739583
0 0.170312 0.517708 0.0640625 0.0479167
0 0.724219 0.494271 0.028125 0.09270830000000001
0 0.157031 0.696875 0.059375 0.0395833
3 0.568359 0.910937 0.0335938 0.0385417
0 0.142969 0.844271 0.040625 0.084375
0 0.158984 0.788542 0.0445312 0.0833333
1 0.807031 0.282292 0.0421875 0.0854167
0 0.8324220000000001 0.65625 0.0398437 0.1
0 0.745313 0.455729 0.0375 0.09270830000000001
1 0.8735731895424835 0.5194326794425086 0.045583179084967486 0.0903019411149822
0 0.735156 0.31406300000000004 0.0703125 0.0489583
0 0.782422 0.456771 0.0460938 0.07187499999999998
0 0.0605469 0.39114599999999994 0.0664062 0.046875
0 0.132812 0.616146 0.0515625 0.07187499999999998
0 0.888672 0.810417 0.0726563 0.04375
0 0.714063 0.40625 0.0546875 0.08125
0 0.232031 0.667708 0.0640625 0.0395833
0 0.269922 0.23697899999999997 0.0367187 0.0822917
0 0.8183589999999998 0.519792 0.0632813 0.04375
0 0.278516 0.495833 0.0664062 0.0479167
0 0.265234 0.585938 0.0695312 0.046875
0 0.645703 0.672396 0.0679687 0.0447917
0 0.189063 0.563021 0.0671875 0.042708300000000005
0 0.63125 0.3375 0.034375 0.0895833
0 0.8488279999999999 0.322917 0.0648438 0.05833330000000001
0 0.7375 0.215625 0.040625 0.075
0 0.785547 0.76875 0.0632813 0.04375
0 0.31328100000000003 0.171354 0.0390625 0.0760417
0 0.235156 0.7380210000000001 0.046875 0.0760417
0 0.0960938 0.534896 0.053125 0.05937499999999999
0 0.7464840000000001 0.838542 0.0335938 0.07291669999999999
0 0.213281 0.489583 0.0390625 0.0791667
0 0.205859 0.203125 0.0507812 0.0625
0 0.909375 0.946354 0.059375 0.046875
0 0.817187 0.377604 0.0609375 0.0739583
0 0.4828120000000001 0.6442710000000001 0.0609375 0.0385417
0 0.552734 0.809375 0.0585938 0.0541667
0 0.733594 0.701042 0.0640625 0.0479167
0 0.270703 0.828646 0.0351562 0.090625
0 0.234375 0.403646 0.0515625 0.078125
0 0.328906 0.471875 0.0359375 0.0854167
0 0.323828 0.649479 0.0539063 0.0614583
0 0.438281 0.834896 0.0578125 0.0489583
2 0.5045751633986928 0.4146341463414634 0.041830065359477114 0.041811846689895474
2 0.9725490196078429 0.5418118466898953 0.04967320261437909 0.07317073170731708
2 0.852941176470588 0.46689895470383275 0.05359477124183006 0.041811846689895474
3 0.8673202614379085 0.6681184668989547 0.0457516339869281 0.04355400696864112
