0 0.2940691927512356 0.19890109890109892 0.060955518945634266 0.15164835164835164
1 0.6021416803953872 0.21318681318681318 0.0774299835255354 0.11428571428571428
1 0.7619439868204283 0.12087912087912088 0.06425041186161448 0.10989010989010989
0 0.6828665568369029 0.6252747252747254 0.11696869851729819 0.08571428571428572
1 0.9431630971993412 0.3120879120879121 0.057660626029654036 0.11428571428571428
1 0.943163097199341 0.5648351648351648 0.06425041186161448 0.10989010989010989
1 0.9341021416803954 0.823076923076923 0.08237232289950576 0.06813186813186813
1 0.9637561779242172 0.16483516483516486 0.052718286655683705 0.06593406593406594
0 0.41762767710049425 0.16263736263736261 0.12026359143327842 0.23736263736263732
0 0.9892915980230641 0.7505494505494505 0.014827018121911038 0.06813186813186813
