0 0.857375 0.29416700000000007 0.023250000000000003 0.0196667
0 0.007375 0.8696670000000001 0.01475 0.020666700000000003
0 0.8802499999999999 0.6839999999999999 0.0235 0.0166667
0 0.901375 0.459833 0.024250000000000004 0.017666699999999997
0 0.708125 0.871333 0.02075 0.020666700000000003
0 0.667 0.877833 0.0215 0.0196667
0 0.512375 0.556333 0.01575 0.0273333
0 0.9911249999999999 0.831833 0.01675 0.024999999999999994
0 0.658875 0.7055 0.019750000000000004 0.0163333
0 0.63125 0.364833 0.018 0.028333299999999995
0 0.923125 0.639333 0.02125 0.021333299999999996
0 0.9585000000000001 0.47233299999999995 0.021 0.0193333
0 0.201 0.896833 0.014500000000000002 0.03366670000000001
0 0.676625 0.162167 0.02075 0.027000000000000003
0 0.449 0.385333 0.02 0.018000000000000002
0 0.5046250000000001 0.603333 0.01675 0.024
0 0.46707949269352794 0.4003031000254561 0.021478116903553734 0.023761299643610432
0 0.809 0.300833 0.02 0.0196667
0 0.49325 0.602333 0.014000000000000002 0.028666700000000003
0 0.820125 0.3789999999999999 0.023250000000000003 0.020666700000000003
0 0.742875 0.583833 0.01625 0.0243333
0 0.47825 0.600667 0.017 0.021999999999999992
0 0.49737499999999996 0.6605 0.022250000000000002 0.0196667
0 0.26 0.5741669999999999 0.0185 0.0323333
0 0.28337499999999993 0.0446667 0.02375 0.0186667
0 0.8055 0.20566700000000002 0.0155 0.03
0 0.623625 0.7241670000000002 0.01575 0.026333299999999994
0 0.97875 0.8838330000000001 0.0215 0.019
0 0.523125 0.639833 0.01625 0.031
0 0.22400000000000003 0.583667 0.0155 0.026000000000000002
0 0.4905 0.77 0.013000000000000001 0.025333300000000003
0 0.6516249999999999 0.7196669999999997 0.01275 0.026000000000000002
0 0.915 0.35516700000000007 0.021 0.019
0 0.6558750000000001 0.46433300000000005 0.01525 0.03
0 0.8611249999999999 0.504333 0.025250000000000005 0.0153333
0 0.017 0.7120000000000001 0.0255 0.018000000000000002
0 0.852875 0.09250000000000001 0.02175 0.0163333
0 0.903375 0.849333 0.01725 0.0233333
0 0.795375 0.411167 0.02125 0.0203333
0 0.50325 0.647667 0.020500000000000004 0.018000000000000002
0 0.083 0.6675000000000001 0.0235 0.021
0 0.95325 0.706667 0.023 0.0166667
0 0.131875 0.48283299999999996 0.024250000000000004 0.0203333
0 0.71075 0.1865 0.0175 0.0296667
0 0.84675 0.487333 0.0175 0.032
0 0.439625 0.594 0.01775 0.029333299999999996
0 0.55875 0.691167 0.020500000000000004 0.023666700000000006
0 0.41125 0.557667 0.023 0.0186667
0 0.731 0.8560000000000001 0.0225 0.018000000000000002
0 0.725875 0.5826670000000002 0.018750000000000003 0.0273333
0 0.9016249999999999 0.262667 0.02275 0.016
0 0.0745 0.1305 0.02 0.024999999999999994
0 0.9903749999999999 0.630167 0.01925 0.021666699999999997
0 0.42987499999999995 0.356333 0.01625 0.0306667
0 0.138125 0.5585 0.01425 0.028333299999999995
0 0.1775 0.503833 0.022 0.0256667
0 0.848 0.303833 0.018 0.0256667
0 0.944125 0.8128329999999999 0.01625 0.0256667
0 0.5525 0.27483300000000005 0.019500000000000003 0.021666699999999997
0 0.48699999999999993 0.428667 0.022 0.021999999999999992
0 0.985875 0.7616669999999999 0.02025 0.021333299999999996
0 0.303625 0.12316699999999998 0.01825 0.027000000000000003
0 0.902125 0.8281669999999999 0.01375 0.026333299999999994
0 0.552875 0.957333 0.02075 0.021999999999999992
0 0.88225 0.727833 0.0215 0.017
0 0.91475 0.6495000000000001 0.021 0.0183333
0 0.819375 0.26383300000000004 0.01675 0.028333299999999995
0 0.52925 0.31166699999999997 0.0215 0.021999999999999992
0 0.66125 0.437167 0.0155 0.0323333
0 0.509125 0.7364999999999999 0.01675 0.023666700000000006
0 0.723875 0.271667 0.018750000000000003 0.0233333
0 0.22259130479854095 0.4042586999236306 0.029182609597081334 0.024516699847261552
0 0.539375 0.9356669999999998 0.01425 0.0333333
0 0.47775 0.450167 0.023 0.0163333
0 0.5036249999999999 0.774833 0.01675 0.027000000000000003
0 0.533875 0.657333 0.02675 0.0166667
0 0.6398749999999999 0.4395 0.01625 0.028999999999999998
0 0.85675 0.453333 0.014000000000000002 0.03
0 0.604625 0.6891669999999998 0.01825 0.023666700000000006
0 0.831 0.46466700000000005 0.0155 0.03
0 0.5806249999999998 0.21449999999999997 0.01925 0.021666699999999997
0 0.53275 0.831833 0.014500000000000002 0.027000000000000003
0 0.669625 0.506 0.02375 0.018000000000000002
0 0.7985 0.9605 0.022 0.019
0 0.39275 0.247 0.014500000000000002 0.028000000000000004
0 0.41850000000000004 0.9656670000000002 0.017 0.028666700000000003
0 0.41325 0.238833 0.019000000000000003 0.0256667
0 0.58275 0.9308330000000001 0.020500000000000004 0.021666699999999997
0 0.4915 0.793167 0.020500000000000004 0.023
0 0.824625 0.0388333 0.01425 0.031
0 0.8753749999999999 0.4125000000000001 0.02175 0.0203333
0 0.695375 0.258667 0.022250000000000002 0.018000000000000002
0 0.796875 0.7426669999999999 0.01475 0.0273333
0 0.9477499999999999 0.397 0.020500000000000004 0.026000000000000002
0 0.899375 0.184167 0.023250000000000003 0.0183333
0 0.510625 0.946833 0.02375 0.021
0 0.476875 0.7181670000000001 0.022250000000000002 0.0196667
0 0.257 0.9143329999999998 0.0225 0.018000000000000002
0 0.897625 0.651833 0.01575 0.0276667
0 0.6403750000000001 0.23566699999999993 0.024250000000000004 0.0193333
0 0.641125 0.18883299999999997 0.01825 0.0256667
0 0.94075 0.652833 0.02 0.0243333
0 0.8753749999999999 0.4671670000000001 0.02025 0.0223333
0 0.91375 0.156 0.016 0.026000000000000002
0 0.2385 0.985 0.0175 0.03
0 0.8535 0.865667 0.0245 0.0166667
0 0.808875 0.781333 0.02125 0.0166667
0 0.675 0.917333 0.019000000000000003 0.0233333
0 0.836625 0.389667 0.01825 0.024
0 0.699 0.555 0.0235 0.021333299999999996
0 0.5402499999999999 0.45666699999999993 0.025 0.017333300000000003
0 0.566375 0.364333 0.02075 0.0193333
0 0.804 0.7138329999999999 0.019500000000000003 0.0196667
0 0.55925 0.8341670000000001 0.021 0.0223333
0 0.271875 0.7858329999999998 0.02375 0.021
0 0.804375 0.9060000000000001 0.01725 0.0266667
0 0.881375 0.7616669999999999 0.023250000000000003 0.018000000000000002
0 0.7382500000000001 0.16699999999999998 0.0175 0.028000000000000004
0 0.73925 0.23 0.026000000000000002 0.014000000000000002
0 0.715375 0.2165 0.019750000000000004 0.0276667
0 0.410375 0.573667 0.02075 0.018000000000000002
0 0.479125 0.8056670000000001 0.02025 0.017333300000000003
0 0.81675 0.762167 0.0155 0.024999999999999994
0 0.89375 0.331 0.019500000000000003 0.0246667
0 0.83125 0.8215 0.022 0.021
0 0.519 0.7901669999999998 0.0155 0.03366670000000001
0 0.779375 0.453333 0.02275 0.020666700000000003
0 0.17424999999999996 0.249 0.014500000000000002 0.034
0 0.7611250000000002 0.553667 0.01775 0.025333300000000003
0 0.911875 0.5865 0.02025 0.021
0 0.36325 0.8184999999999999 0.022 0.0183333
0 0.516375 0.366167 0.019750000000000004 0.021
0 0.5241250000000001 0.4433329999999999 0.02025 0.026000000000000002
0 0.106375 0.7490000000000002 0.01775 0.0246667
0 0.823375 0.9335000000000001 0.023250000000000003 0.023
0 0.558875 0.659833 0.01725 0.028333299999999995
0 0.511125 0.316667 0.02125 0.021333299999999996
0 0.24875 0.6571669999999998 0.0225 0.021666699999999997
0 0.48675 0.408 0.018 0.024
0 0.09512499999999999 0.530667 0.022250000000000002 0.0186667
0 0.88875 0.577 0.015 0.028000000000000004
0 0.436875 0.7995 0.022250000000000002 0.0223333
0 0.906875 0.20499999999999993 0.02075 0.0233333
0 0.441875 0.39933300000000005 0.019750000000000004 0.021333299999999996
0 0.5158749999999999 0.389 0.024250000000000004 0.020666700000000003
0 0.113 0.7681669999999999 0.0235 0.0196667
0 0.824125 0.918333 0.02125 0.02
0 0.507125 0.807833 0.02125 0.0203333
0 0.321125 0.508833 0.02175 0.021666699999999997
0 0.32925 0.677333 0.017 0.020666700000000003
0 0.910375 0.867333 0.02025 0.021333299999999996
0 0.7986249999999999 0.685167 0.022250000000000002 0.0203333
0 0.26175 0.8711670000000001 0.0225 0.019
0 0.452 0.22949999999999998 0.02 0.026333299999999994
0 0.373 0.449167 0.022 0.0203333
0 0.23287500000000003 0.6048329999999998 0.02125 0.021666699999999997
0 0.312625 0.486833 0.02175 0.0196667
0 0.33525 0.895 0.019000000000000003 0.028000000000000004
0 0.5567500000000001 0.801833 0.0155 0.033
0 0.2085 0.19316700000000003 0.016 0.0343333
0 0.151875 0.230833 0.01725 0.024999999999999994
0 0.106375 0.729167 0.02075 0.021666699999999997
0 0.213625 0.434667 0.024250000000000004 0.02
0 0.054375 0.575333 0.01925 0.026000000000000002
0 0.45399999999999996 0.582833 0.021 0.0196667
0 0.485 0.620667 0.022 0.021999999999999992
0 0.92325 0.887 0.017 0.0353333
0 0.4605 0.9498329999999998 0.0175 0.0323333
0 0.639125 0.7431670000000001 0.02025 0.0243333
0 0.181625 0.534833 0.02125 0.023
0 0.39 0.7829999999999999 0.016500000000000004 0.029333299999999996
0 0.4954999999999999 0.381333 0.014000000000000002 0.0353333
0 0.9230000000000002 0.5305 0.019500000000000003 0.024999999999999994
0 0.249625 0.28566699999999995 0.02075 0.020666700000000003
0 0.693375 0.18516699999999997 0.01825 0.026333299999999994
0 0.573375 0.778333 0.01625 0.0246667
0 0.349375 0.11799999999999997 0.018750000000000003 0.022666699999999998
0 0.572875 0.8080000000000002 0.022250000000000002 0.020666700000000003
0 0.02275 0.5945 0.0235 0.0196667
0 0.8025263550570982 0.4548749681794718 0.017456233807107296 0.016011598879917436
0 0.5676003523842249 0.6801290524219462 0.02454782879124474 0.026928598116224674
2 0.8551678101316561 0.8879159378863289 0.01254666804885841 0.02037839857444036
0 0.676514167262042 0.8686292392355195 0.02509333609771682 0.024017398319876152
0 0.4978605243924275 0.9334034347042764 0.028911887243021534 0.01965059862535323
