0 0.8647977913601689 0.3357362500283915 0.023095582720338674 0.019472500056783772
0 0.16590808792890763 0.20333300000000004 0.015154417279661674 0.03273250020820602
1 0.7601764724265537 0.43783299999999997 0.019955889706216225 0.01966670000000028
1 0.27999264828436937 0.2153586250331237 0.013117648284369296 0.034783750274453434
1 0.6679595603554617 0.5514999999999999 0.01991912071092314 0.020999999999999998
0 0.6311838241421845 0.8695094999810716 0.01936764828436928 0.022454200094639512
0 0.823125 0.210167 0.01475 0.0316667
0 0.46587500000000004 0.7436669999999999 0.01775 0.025333300000000003
0 0.8006360327820152 0.7427124999053603 0.01930147242655482 0.02005499988643463
0 0.829625 0.183167 0.023250000000000003 0.013666700000000002
0 0.7037426482843694 0.3785607500473195 0.019647055146892217 0.016981700037855773
0 0.6608750000000001 0.0423333 0.010250000000000002 0.014000000000000004
0 0.5300588241421843 0.19474575000946395 0.015382351715631295 0.024194199943216522
2 0.5564742637867227 0.4813681250141956 0.016757362132770175 0.021366250104103476
0 0.338 0.791333 0.016 0.025333300000000003
1 0.21207720863983087 0.9166318749858041 0.02186030698587753 0.026597049971608264
1 0.16525000000000006 0.22851799996214436 0.019499999999999997 0.0196667
1 0.6372830879289072 0.3185351250141958 0.015639713848400877 0.03232955017981431
0 0.7247904396445383 0.37433299999999986 0.01691912071092303 0.019999999999999983
0 0.21477573621327697 0.9386395000567838 0.02749265870150827 0.022545799905361145
0 0.4705 0.507167 0.0155 0.0236667
0 0.150875 0.487833 0.01625 0.0196667
0 0.09163970343126143 0.031069550028391735 0.01225 0.0333333
0 0.16088603278201552 0.14528937500473205 0.02537501041713905 0.019948749933752577
0 0.47080882414218445 0.38819262503312374 0.018058834559324 0.029681250141958687
0 0.04341912071092323 0.8178330000000003 0.021735296568738585 0.020435800132494512
2 0.7382499999999996 0.2071926250331237 0.01399999999999999 0.03371795006624732
0 0.13075 0.04933329999999999 0.019499999999999997 0.0166667
0 0.6832720551468922 0.17116700000000004 0.01975 0.021
0 0.8803014724265538 0.7910787500094633 0.019602944853107852 0.01903669992428988
0 0.7752500000000001 0.022219824976340227 0.016 0.02510624995268044
0 0.26725 0.727833 0.022 0.018333300000000004
0 0.5205404396445379 0.015771075042587603 0.01558087928907738 0.023439549952680442
0 0.347375 0.402333 0.01875 0.0213333
0 0.14642647242655393 0.29888612497634026 0.015647055146892117 0.023948749933752622
0 0.8606249999999995 0.5631223750047316 0.013911758578154037 0.02817205016088683
0 0.23573529656873796 0.7636669999999981 0.024911779412432472 0.019194199943217832
1 0.369375 0.22466699999999995 0.01075 0.0233333
0 0.389283087928907 0.2214905000189278 0.014404417279663136 0.033047500246061706
0 0.7809227913601692 0.280456375004732 0.022022065564031204 0.01975454999053611
0 0.5682058792890766 0.7816669999999989 0.020411758578153347 0.018666699999999998
0 0.08928308792890766 0.588667 0.014227934435968934 0.0273333
0 0.6452904396445382 0.38649050001892765 0.018419120710923317 0.016351699962144285
0 0.7036764724265538 0.035569550028391725 0.01614705514689212 0.021842499981072176
0 0.25157720863983074 0.7429999999999991 0.01484558272033839 0.029758299810723362
0 0.06517647242655392 0.8784999999999998 0.014441165440676418 0.02833329999999999
1 0.972875 0.6835000000000001 0.01475 0.027000000000000003
0 0.458375 0.498667 0.019250000000000003 0.0266667
0 0.49037499999999973 0.3012011250141957 0.015250000000000001 0.02812454991482503
1 0.24275 0.539 0.016 0.0306667
0 0.20225 0.7710000000000001 0.017 0.0153333
0 0.4117720551468921 0.6408329999999998 0.022250000000000002 0.021666699999999997
0 0.41015440686252275 0.774167 0.019250000000000003 0.0176667
0 0.4698749999999999 0.4148586250331236 0.023088241421846654 0.023893750047319834
0 0.4360514724265539 0.7491926250331232 0.014897055146892036 0.029717950066247893
2 0.20919117585781533 0.442421249990536 0.026558834559323764 0.019472500056783817
0 0.20634191207109226 0.2677542499905358 0.020786768995292457 0.019860799943216607
0 0.6440477913601693 0.45533300000000004 0.021595582720338395 0.01733330000000001
0 0.6156507362132768 0.17961387502365966 0.02303676899529315 0.02210624995268045
0 0.9785919120710923 0.8885967499716081 0.01718382414218464 0.022527499943216667
1 0.45180147242655394 0.5660094999810719 0.020602944853107968 0.022684999962144743
0 0.07449264828436929 0.5974999999999998 0.02195588970621574 0.0196667
0 0.24537500000000004 0.363 0.01725 0.025333300000000003
0 0.9131323517156305 0.812667 0.018235296568738183 0.02
0 0.07837500000000001 0.737833 0.015250000000000001 0.0323333
0 0.05462500000000001 0.7005 0.01875 0.021
0 0.5385588241421846 0.863184999962144 0.0163823517156306 0.02503669992428963
0 0.43812499999999993 0.0795 0.01075 0.0223333
0 0.6652242637867228 0.06534062507097932 0.014610286151599912 0.029560450047319584
0 0.7410735275734461 0.5669999999999997 0.020352944853107964 0.01866669999999999
0 0.2067095603554617 0.19858824999053618 0.025595603554615976 0.023454200094639135
1 0.17925000000000002 0.214167 0.014000000000000002 0.029666699999999997
0 0.65825 0.044166699999999996 0.015 0.0243333
1 0.781874999999999 0.3104212499905359 0.019588241421846127 0.033296700075711394
0 0.77375 0.0436667 0.013499999999999998 0.03
0 0.29611029656873855 0.33166700000000005 0.022220593137477155 0.024666699999999996
0 0.17712500000000003 0.731667 0.01575 0.0306667
0 0.04737499999999999 0.263667 0.01575 0.0373333
0 0.670375 0.13649999999999998 0.02025 0.0176667
0 0.38140808792890757 0.8045094999810715 0.020080879289077064 0.02386079994321771
1 0.5124595603554613 0.46533299999999983 0.019213231004707877 0.02947250005678368
0 0.2687573517156307 0.1739032500283917 0.022352944853107924 0.0183333
1 0.311 0.220833 0.02 0.021666699999999997
0 0.19514338449764618 0.848833 0.018786768995292566 0.02966670000000001
0 0.68325 0.7183329999999999 0.021 0.019333300000000005
0 0.27725 0.0966667 0.017500000000000005 0.020666699999999996
0 0.4296249999999999 0.5741575000189278 0.02225000000000001 0.013648300037855774
0 0.5199816155023532 0.1783681250141959 0.015301472426554236 0.03179124991482473
0 0.166125 0.247667 0.019250000000000003 0.034666699999999995
0 0.206125 0.395167 0.01825 0.0223333
0 0.40405147242655376 0.578667 0.023102944853108123 0.022666700000000012
0 0.6136249999999999 0.882 0.02075 0.0153333
0 0.5145330879289073 0.09039375004731948 0.028242658701508945 0.021666699999999987
0 0.66175 0.7051670000000001 0.016 0.028333299999999995
1 0.7207830879289078 0.5638586250331231 0.014860286151599225 0.027578750009464623
0 0.5862500000000002 0.0765 0.018499999999999996 0.023
0 0.8473124947914299 0.7529648749858033 0.015463231004706191 0.019791249914826104
1 0.093125 0.204167 0.01825 0.027000000000000003
0 0.02686764828436929 0.2113245000189278 0.017500000000000005 0.0323333
0 0.09512499999999999 0.743167 0.01625 0.025
1 0.1984926482843693 0.48616699999999974 0.01948529656873865 0.022333299999999997
0 0.8377500000000001 0.204833 0.018 0.0223333
0 0.5882426482843691 0.2494032500283917 0.01675 0.0326667
0 0.5954264724265539 0.14544687502365977 0.023117648284369584 0.020791249914824773
0 0.23762500000000003 0.285167 0.01825 0.0323333
3 0.848294120710923 0.599167 0.01858824142184635 0.02499999999999997
0 0.6501249999999998 0.7283329999999999 0.019250000000000003 0.0286667
1 0.4412499999999999 0.887333 0.0165 0.0266667
0 0.9408235275734459 0.20849999999999988 0.01885294485310767 0.0256667
0 0.977698527573446 0.646833 0.01960294485310787 0.022333299999999983
0 0.8244264724265542 0.893324500018928 0.02369118627495354 0.029842499981071927
1 0.8013749999999998 0.19966699999999998 0.01775 0.0273333
0 0.23412499999999997 0.455833 0.015250000000000001 0.035
2 0.8288823517156306 0.5403329999999998 0.01973529656873878 0.01733330000000001
0 0.702897055146892 0.07557875000946387 0.021205889706215647 0.017824200018927837
0 0.16311029656873852 0.3215 0.021720593137477196 0.014999999999999987
0 0.7523235275734459 0.11556925002839176 0.016647055146892426 0.018860799943216603
0 0.65 0.833167 0.0115 0.029666699999999997
0 0.08200000000000002 0.7643330000000002 0.017500000000000005 0.0306667
1 0.306375 0.6848329999999998 0.01775 0.023
0 0.5465588241421845 0.6341043750425875 0.015249999999999993 0.031124549914824936
0 0.5133161758578154 0.6726669999999997 0.019 0.024036699924289365
0 0.4937830879289076 0.37524575000946375 0.02296323100470748 0.020666699999999993
0 0.09775 0.669 0.02 0.0166667
1 0.6590588241421844 0.3034820000378556 0.017617648284369687 0.030194199943216624
0 0.886625 0.688833 0.01575 0.03300000000000001
0 0.4858749999999999 0.955167 0.01675 0.021666699999999997
0 0.38975000000000004 0.299833 0.018499999999999996 0.028333299999999995
0 0.00876838449764626 0.5665 0.01753676899529252 0.020999999999999998
0 0.6266764724265538 0.04300000000000001 0.01775 0.02982420001892783
0 0.310125 0.71 0.02125 0.0213333
0 0.778125 0.5780000000000001 0.01975 0.016
0 0.7179080879289075 0.02621062499526804 0.021022065564031685 0.025754549990536092
0 0.19400000000000003 0.508333 0.018 0.0286667
1 0.67825 0.0541667 0.017 0.028333299999999995
0 0.3230845603554616 0.0736043750425876 0.022669120710923245 0.021208750085175202
0 0.5902499999999999 0.22400949998107214 0.013000000000000001 0.0323333
0 0.78125 0.828167 0.018499999999999996 0.025
0 0.8453161758578146 0.5761754999810721 0.014499999999999978 0.029897499867505176
1 0.450625 0.546 0.02125 0.019333300000000005
0 0.142125 0.268167 0.01775 0.0163333
0 0.878625 0.599 0.01825 0.02
0 0.4753014724265539 0.773043624995268 0.020102944853108068 0.020578750009463256
0 0.45799999999999996 0.9071669999999997 0.017500000000000005 0.021
1 0.6091250000000001 0.833333 0.01625 0.021999999999999992
0 0.653875 0.4965 0.01825 0.0256667
0 0.6901911758578153 0.24633299999999994 0.018617648284369192 0.023999999999999994
1 0.5139154396445381 0.13102562503312373 0.02363971384840039 0.028051250066247393
0 0.4387500000000001 0.0816667 0.019 0.03
0 0.6871250000000001 0.8128329999999999 0.01825 0.0316667
1 0.355125 0.2955 0.02025 0.0236667
0 0.7137499999999997 0.7328776249952677 0.017264703431261814 0.030948749933753152
1 0.7061911758578151 0.45153512501419585 0.021882351715630993 0.017736250028391822
0 0.673375 0.395667 0.01475 0.028000000000000008
0 0.966 0.525833 0.016 0.029666699999999997
0 0.8424411758578154 0.167043624995268 0.022955889706215756 0.021421249990536108
0 0.595150736213277 0.6754468750236586 0.024036768995292505 0.019772949952681883
0 0.093125 0.464833 0.015250000000000001 0.03300000000000001
0 0.5738492637867233 0.7567988749858031 0.021904417279661706 0.026366250104104857
0 0.422625 0.40700000000000003 0.01575 0.0313333
0 0.10925000000000001 0.524667 0.017500000000000005 0.026000000000000002
0 0.2966029448531079 0.5928330000000002 0.0165 0.0276667
0 0.5771249999999999 0.39636812501419577 0.015249999999999994 0.03143954995268053
0 0.8189999999999996 0.3061575000189276 0.01960294485310817 0.025369999924288834
0 0.657625 0.588667 0.015250000000000001 0.034
0 0.80925 0.32083300000000003 0.018 0.0243333
0 0.4539999999999999 0.736667 0.0155 0.026000000000000002
0 0.5552426482843686 0.10277987502365978 0.019485296568739457 0.027560450047319565
0 0.8681654396445384 0.7585436249952676 0.01783087928907677 0.029754549990536627
0 0.95875 0.4128329999999999 0.018 0.027000000000000003
0 0.6765992637867235 0.9448776249952681 0.01633087928907647 0.024457949914824518
1 0.4424338241421846 0.785175499981072 0.02186764828436929 0.022315000037855373
0 0.89775 0.7855 0.016 0.0356667
0 0.75825 0.557333 0.0155 0.03
0 0.7415 0.3754999999999999 0.015 0.0323333
0 0.8827499999999999 0.20533299999999996 0.016 0.0326667
0 0.5757058792890767 0.8025351250141952 0.02608824142184635 0.01906955002839279
0 0.3056249999999998 0.4052201249763401 0.01924999999999998 0.019875450085175356
0 0.4221108903456598 0.020835000340700807 0.015617669118647214 0.01736250028391734
0 0.41560352821289015 0.24828375406001796 0.021691207109232283 0.018520000302845167
0 0.4184233851370903 0.23989187892279126 0.02299267953578618 0.017941250293381252
0 0.7394532503537279 0.10562187672716383 0.02038973468267834 0.016783750274453425
2 0.7301260312967579 0.10301750168457623 0.014750020834277924 0.016205000264989528
0 0.7652657868137142 0.05758562594165919 0.01822061397175501 0.014468750236597782
0 0.7631320183671836 0.4525825074007787 0.024294151962340072 0.012732500208206054
2 0.6459994999773293 0.3637443809480683 0.023426503677970875 0.016783750274453394
0 0.618668579019697 0.29574125483605873 0.018220613971755104 0.015047500246061649
0 0.48938898464867253 0.3191806302193471 0.02082355882486299 0.01909875031230905
1 0.4841830949424567 0.3345175054701408 0.021691207109232283 0.025465000416412045
1 0.44904333942550023 0.2647781293297394 0.022558855393601876 0.02372875038802039
2 0.2987232741585209 0.2801150045805331 0.030801514095109797 0.030095000492123394
0 0.21738124749889995 0.38052813122252166 0.022558855393601574 0.015626250255525626
2 0.14124511054549468 0.31831250520515125 0.025595624388894064 0.03241000052997908
2 0.02624636060217104 0.39355000643545973 0.015183844976462581 0.0381975006246181
0 0.10867294761725364 0.49367375807271635 0.011713251838985412 0.027780000454267702
0 0.18524290871284357 0.6100025099749626 0.01995591054049367 0.01967750032177297
0 0.41148219886213594 0.542288758867685 0.018654438113939756 0.0185200003028452
0 0.5171183774840972 0.5104575083471699 0.022558855393601574 0.018520000302845136
0 0.5628868244845772 0.5567575091042829 0.013448548407724074 0.030095000492123426
2 0.7689532920222837 0.509300008328242 0.01258090012335459 0.025465000416412045
2 0.7099532086851721 0.6140537600412099 0.01171325183898539 0.027780000454267772
0 0.8220967494399027 0.5882993846200659 0.015617669118647308 0.031831250520515046
1 0.893062348951485 0.49367375807271635 0.012580900123354779 0.028937500473195595
1 0.8635623072829292 0.5020656332099431 0.02299267953578632 0.01794125029338128
0 0.9023895680084547 0.5055381332667266 0.02169120710923219 0.01794125029338122
0 0.893062348951485 0.6296800102967356 0.017786789829570552 0.03125250051105125
0 0.8546689123681439 0.7590306374119197 0.013014724265539427 0.02372875038802037
0 0.7971872135286783 0.7555581373551361 0.02212503125141684 0.02025625033123688
0 0.7702901167132304 0.8171950133630428 0.022992679535786226 0.018520000302845136
0 0.6457825879062371 0.8501837639024856 0.02038973468267834 0.015047500246061649
0 0.5076095986204276 0.7856531378472598 0.021691207109232283 0.026043750425876023
1 0.6410105223422059 0.878542514366217 0.01952208639830952 0.017362500283917292
1 0.23950627875031683 0.7393531370901468 0.016485317403016512 0.02951625048265951
0 0.42171241846786783 0.7775506377147648 0.01735296568738581 0.0214137503501647
0 0.3382012710973236 0.810250013249476 0.02125738296704759 0.01620500026498948
0 0.28831149474608936 0.8313743885949085 0.015183844976462618 0.02951625048265951
0 0.23928936667922443 0.8522093889356093 0.014316196692093275 0.02951625048265951
0 0.10997442004380754 0.7746568876674453 0.017786789829570437 0.02488625040694819
1 0.17439730515822738 0.8441068888031147 0.016485317403016512 0.028358750463731687
0 0.9878529240188301 0.8767262479841869 0.014750020834277833 0.01620500026498948
2 0.9952279344359689 0.8987187483438155 0.006073537990585066 0.024307500397484284
