0 0.717875 0.428167 0.02475 0.0163333
0 0.675625 0.4383329999999999 0.01325 0.029333299999999996
0 0.777625 0.8855 0.01825 0.0223333
0 0.8315 0.717167 0.018 0.0256667
0 0.12025000000000001 0.7475 0.0215 0.017666699999999997
0 0.34712499999999996 0.6745 0.02125 0.017
0 0.651375 0.8029999999999999 0.01425 0.0246667
0 0.8265 0.4415 0.019000000000000003 0.0196667
0 0.845375 0.38833299999999993 0.01675 0.0233333
0 0.8614205073064721 0.24284750012728218 0.025249999999999998 0.017516699847261424
0 0.7901250000000001 0.1785 0.02125 0.019
0 0.842125 0.21366699999999994 0.02125 0.02
0 0.021875 0.708 0.022250000000000002 0.021999999999999992
0 0.5603749999999998 0.887167 0.01575 0.0256667
0 0.7248750000000002 0.7816669999999999 0.022250000000000002 0.0166667
0 0.885125 0.587667 0.02475 0.0146667
0 0.36425 0.42133299999999996 0.0185 0.02
0 0.11625 0.11 0.0225 0.0193333
0 0.5980797828791244 0.8144719997454364 0.021340434241751048 0.02894469949087072
0 0.894 0.742333 0.022 0.016
0 0.644 0.869167 0.016500000000000004 0.023666700000000006
0 0.493875 0.2725 0.022250000000000002 0.017666699999999997
0 0.728875 0.442333 0.02075 0.0153333
0 0.803125 0.638667 0.01775 0.026000000000000002
0 0.79275 0.311 0.017 0.0266667
0 0.29025 0.9046670000000002 0.0225 0.0166667
0 0.903125 0.8270000000000001 0.022250000000000002 0.018000000000000002
0 0.727125 0.263333 0.01525 0.028666700000000003
0 0.8539999999999999 0.3403329999999999 0.015 0.0233333
0 0.784375 0.437167 0.02275 0.0223333
0 0.5956249999999998 0.506167 0.01725 0.028333299999999995
0 0.63125 0.623833 0.0225 0.019
0 0.425875 0.514333 0.01325 0.03
0 0.690625 0.261667 0.018750000000000003 0.026000000000000002
0 0.592625 0.666667 0.02275 0.02
0 0.30425 0.785167 0.016500000000000004 0.027000000000000003
0 0.35972724634676373 0.05116670000000001 0.022682609597081946 0.03282239959269723
0 0.8697500000000001 0.646333 0.0225 0.018000000000000002
0 0.47137499999999993 0.786833 0.01575 0.031
0 0.366375 0.44299999999999995 0.01525 0.0273333
0 0.7785 0.8666670000000001 0.0185 0.020666700000000003
0 0.803125 0.548667 0.01675 0.028000000000000004
0 0.6886250000000002 0.455167 0.02175 0.019
0 0.9060000000000001 0.5665 0.0175 0.033
0 0.829 0.818167 0.016500000000000004 0.030333299999999997
0 0.348125 0.3861669999999999 0.018750000000000003 0.027000000000000003
0 0.8165 0.46066700000000005 0.016500000000000004 0.0266667
0 0.6090000000000001 0.597 0.0215 0.0193333
0 0.742375 0.632 0.02025 0.018000000000000002
0 0.60425 0.18933299999999995 0.021 0.021999999999999992
0 0.460625 0.9491669999999999 0.01725 0.0296667
0 0.341625 0.908167 0.02125 0.019
0 0.21387499999999998 0.518167 0.01725 0.028999999999999998
0 0.757125 0.8988330000000001 0.02025 0.0223333
0 0.582875 0.818167 0.02175 0.019
0 0.3459999999999999 0.44949999999999996 0.0235 0.0183333
0 0.5515 0.957333 0.021 0.0233333
0 0.77875 0.615833 0.0185 0.027000000000000003
0 0.712375 0.6686670000000001 0.02125 0.02
0 0.373625 0.361833 0.01475 0.033
0 0.6564999999999999 0.1765 0.014500000000000002 0.028999999999999998
0 0.7851250000000001 0.654833 0.01525 0.028999999999999998
0 0.987375 0.828833 0.01475 0.031
0 0.4970000000000001 0.931333 0.023 0.0153333
0 0.33475 0.664 0.0155 0.0326667
0 0.637 0.8243329999999999 0.019500000000000003 0.026000000000000002
0 0.32175 0.400833 0.019000000000000003 0.0243333
0 0.598125 0.5794999999999999 0.01675 0.031
0 0.639125 0.215667 0.01625 0.0273333
0 0.08025 0.133667 0.0155 0.032
0 0.87725 0.398 0.022 0.0193333
0 0.819375 0.41033299999999995 0.02025 0.021999999999999992
0 0.24887500000000004 0.961667 0.01325 0.0373333
0 0.8219999999999998 0.39 0.0155 0.028666700000000003
0 0.833875 0.363 0.02125 0.02
0 0.40287500000000004 0.286333 0.018750000000000003 0.028000000000000004
0 0.5944999999999999 0.23183299999999998 0.019500000000000003 0.024999999999999994
0 0.8022500000000001 0.3375000000000001 0.02 0.0243333
0 0.673375 0.732 0.01525 0.0326667
0 0.470875 0.351667 0.01425 0.0326667
0 0.4545 0.46049999999999996 0.018 0.030333299999999997
0 0.4709999999999999 0.239667 0.022 0.02
0 0.690125 0.9308330000000001 0.02375 0.0183333
0 0.5155 0.674833 0.023 0.0203333
0 0.6072499999999998 0.328833 0.0215 0.019
0 0.3785 0.43966699999999986 0.0175 0.029333299999999996
0 0.626625 0.47083300000000006 0.01825 0.0276667
0 0.3615 0.260833 0.0155 0.0296667
0 0.4195 0.965167 0.0175 0.021666699999999997
0 0.414875 0.714833 0.01475 0.0276667
0 0.45425 0.327 0.016500000000000004 0.028000000000000004
0 0.8448750000000002 0.557167 0.02275 0.019
0 0.572375 0.6884999999999999 0.01475 0.028999999999999998
0 0.7497500000000001 0.532 0.016500000000000004 0.03
0 0.45399999999999996 0.8546669999999998 0.016500000000000004 0.020666700000000003
0 0.70625 0.20533299999999993 0.019500000000000003 0.024
0 0.8888750000000001 0.3811669999999999 0.02025 0.0203333
0 0.637125 0.113 0.019750000000000004 0.022666699999999998
0 0.7197499999999999 0.17783300000000002 0.021 0.0203333
0 0.801875 0.908167 0.01675 0.026333299999999994
0 0.1275 0.7625000000000002 0.024 0.0196667
0 0.828875 0.620667 0.01425 0.03
0 0.7248750000000002 0.682 0.023250000000000003 0.020666700000000003
0 0.4925 0.1015 0.025 0.0223333
0 0.8967500000000002 0.5989999999999999 0.023 0.017333300000000003
0 0.762125 0.509333 0.019750000000000004 0.018000000000000002
0 0.872125 0.4535 0.01325 0.0316667
0 0.29400000000000004 0.575667 0.021 0.026000000000000002
0 0.01 0.87 0.02 0.020666700000000003
0 0.29825 0.7731670000000002 0.013000000000000001 0.030333299999999997
0 0.8565 0.42133299999999996 0.0185 0.022666699999999998
0 0.754875 0.637667 0.019750000000000004 0.021999999999999992
0 0.58325 0.44549999999999995 0.018 0.024999999999999994
0 0.722125 0.456333 0.02125 0.02
0 0.6955 0.23200000000000004 0.019500000000000003 0.0273333
0 0.36737499999999995 0.3175 0.022250000000000002 0.021
0 0.685125 0.22149999999999997 0.02075 0.023
0 0.7567499999999999 0.816667 0.0225 0.0186667
0 0.3345 0.1885 0.021 0.021
0 0.330125 0.35800000000000004 0.01575 0.0326667
0 0.642875 0.5975 0.018750000000000003 0.0203333
0 0.36725 0.295333 0.022 0.018000000000000002
0 0.7879999999999999 0.4553329999999999 0.018 0.022666699999999998
0 0.860875 0.588667 0.02175 0.020666700000000003
0 0.36237499999999995 0.8228329999999999 0.023250000000000003 0.023
0 0.5088750000000001 0.571333 0.01825 0.0233333
0 0.58725 0.788833 0.015 0.03366670000000001
0 0.49574999999999997 0.220333 0.02 0.024
0 0.23799999999999996 0.5575 0.02 0.0203333
0 0.45362499999999994 0.236667 0.01825 0.025333300000000003
0 0.790625 0.5205 0.023250000000000003 0.0203333
0 0.121625 0.5475 0.02375 0.017666699999999997
0 0.5825 0.930667 0.020500000000000004 0.020666700000000003
0 0.11625 0.354667 0.0215 0.0233333
0 0.778875 0.3051670000000001 0.01525 0.0316667
0 0.448125 0.36833299999999997 0.023250000000000003 0.022666699999999998
0 0.951 0.312 0.0215 0.018000000000000002
0 0.65775 0.22216700000000003 0.019000000000000003 0.0243333
0 0.82675 0.5413330000000001 0.0215 0.0186667
0 0.361875 0.333833 0.02275 0.019
0 0.713 0.518833 0.02 0.0203333
0 0.27925 0.5876670000000002 0.016 0.0333333
0 0.822375 0.574667 0.01925 0.025333300000000003
0 0.078375 0.4122413000763693 0.022249999999999995 0.028672499439958702
0 0.340875 0.749333 0.023250000000000003 0.0193333
0 0.376375 0.4115 0.01775 0.031
0 0.6055000000000001 0.791 0.020500000000000004 0.020666700000000003
0 0.214375 0.468333 0.01325 0.0346667
0 0.6575 0.562833 0.020500000000000004 0.0196667
0 0.60925 0.8561669999999999 0.019000000000000003 0.0276667
0 0.29925 0.268833 0.0215 0.023
0 0.257625 0.672667 0.02275 0.021333299999999996
0 0.8327500000000001 0.3956669999999999 0.013000000000000001 0.034
0 0.374 0.21616700000000003 0.020500000000000004 0.0203333
0 0.31325 0.21699999999999997 0.018 0.029333299999999996
0 0.730125 0.2025 0.01825 0.0223333
0 0.77475 0.39 0.019000000000000003 0.0273333
0 0.21600000000000003 0.32049999999999995 0.014500000000000002 0.0343333
0 0.619 0.07883329999999998 0.016 0.0316667
0 0.512375 0.9413329999999999 0.01925 0.0273333
0 0.27162500000000006 0.9605 0.01575 0.0343333
0 0.09849999999999999 0.520833 0.023 0.019
0 0.549375 0.47466699999999995 0.01775 0.026000000000000002
0 0.42175000000000007 0.373333 0.0185 0.0246667
0 0.574375 0.4706669999999999 0.02125 0.021333299999999996
0 0.336375 0.337 0.01375 0.034
0 0.45925 0.293167 0.018 0.023666700000000006
0 0.218875 0.8395 0.02125 0.0223333
0 0.11 0.574 0.019500000000000003 0.0233333
0 0.091625 0.652833 0.022250000000000002 0.021666699999999997
0 0.680875 0.338333 0.02175 0.0193333
0 0.4927500000000001 0.8554999999999999 0.0225 0.021666699999999997
0 0.737 0.8080000000000003 0.019000000000000003 0.024
0 0.8392500000000002 0.428667 0.0185 0.0246667
0 0.6035 0.466667 0.02 0.022666699999999998
0 0.57525 0.21099999999999997 0.0215 0.02
0 0.831 0.7439999999999999 0.022 0.0193333
0 0.209375 0.4985 0.01725 0.0256667
0 0.867125 0.6721670000000002 0.022250000000000002 0.023666700000000006
0 0.49895153900537165 0.25836898192594004 0.022365799565356285 0.02183399847261469
0 0.22837991499520777 0.30058137897299503 0.01909275572652366 0.034934397556183425
0 0.7353438491243973 0.42831027003779065 0.019638263032995748 0.02256179842170182
0 0.84362704945911 0.45451106820492826 0.031093916468909986 0.016739398829004565
2 0.7774330189593812 0.5906096586842262 0.015274204581219057 0.016739398829004565
