1 0.3163097199341021 0.09670329670329672 0.09225700164744646 0.09670329670329672
0 0.6227347611202636 0.3340659340659341 0.16803953871499178 0.1450549450549451
1 0.3970345963756178 0.35274725274725277 0.05930807248764415 0.06373626373626373
1 0.28912685337726524 0.4 0.09060955518945635 0.07032967032967033
1 0.26688632619439867 0.5428571428571428 0.06260296540362437 0.06153846153846154
1 0.771828665568369 0.7054945054945052 0.06425041186161448 0.08791208791208793
2 0.8986820428336079 0.6 0.14332784184514002 0.0923076923076923
2 0.14991762767710048 0.6648351648351648 0.13838550247116968 0.09890109890109891
0 0.3385502471169687 0.9615384615384615 0.0774299835255354 0.06373626373626373
0 0.6342668863261944 0.9692307692307692 0.08237232289950576 0.04835164835164836
