0 0.11349999999999999 0.897667 0.0165 0.0233333
0 0.671125 0.583167 0.022250000000000002 0.017
0 0.35825 0.20433300000000001 0.020500000000000004 0.0233333
0 0.3135 0.202833 0.0155 0.0236667
0 0.014500000000000002 0.474 0.0235 0.018000000000000002
0 0.75 0.26583299999999993 0.019 0.021666699999999997
0 0.07812499999999999 0.560667 0.01775 0.018000000000000002
0 0.784125 0.566667 0.01975 0.0286667
0 0.339875 0.38333300000000003 0.02075 0.0213333
0 0.977375 0.5655 0.01625 0.029000000000000005
0 0.9907500000000001 0.19683299999999995 0.018499999999999996 0.021666699999999997
0 0.356875 0.4015000000000001 0.01625 0.029000000000000005
0 0.838875 0.9511669999999998 0.015250000000000001 0.0276667
0 0.892875 0.7108329999999999 0.02075 0.021
0 0.046250000000000006 0.006500000000000001 0.026000000000000002 0.013000000000000001
0 0.228625 0.740833 0.023250000000000003 0.021666699999999997
0 0.049125 0.027000000000000003 0.02575 0.020666699999999996
0 0.9302500000000002 0.517 0.0225 0.018666700000000005
0 0.9679999999999999 0.512833 0.019499999999999997 0.021666699999999997
0 0.212875 0.767833 0.01775 0.030333300000000004
0 0.19625 0.752333 0.013499999999999998 0.0306667
0 0.2578750000000001 0.577 0.01475 0.0286667
0 0.941 0.5336670000000001 0.019 0.026000000000000002
0 0.25787499999999997 0.7191670000000001 0.02175 0.019
0 0.866875 0.6178330000000001 0.023250000000000003 0.018333300000000004
0 0.848625 0.923333 0.02175 0.020666699999999996
0 0.17025 0.5996670000000001 0.0215 0.020666699999999996
0 0.901125 0.7123330000000001 0.02025 0.0233333
0 0.6501249999999998 0.442833 0.02275 0.0203333
0 0.8498750000000002 0.431167 0.01875 0.0176667
0 0.181875 0.55 0.02625 0.0173333
0 0.45086612989987157 0.2350927906564911 0.018351619265725518 0.029428676464139762
0 0.33275 0.401167 0.0235 0.0176667
0 0.006375 0.8740000000000001 0.01275 0.0266667
0 0.533625 0.29500000000000004 0.02075 0.0173333
0 0.343125 0.2385 0.02475 0.0196667
0 0.53825 0.279167 0.019499999999999997 0.021666699999999997
0 0.787875 0.512833 0.01725 0.0323333
0 0.383125 0.3875 0.023250000000000003 0.0196667
0 0.398125 0.921667 0.01475 0.0286667
0 0.862625 0.631333 0.02175 0.02
0 0.63775 0.0863333 0.017500000000000005 0.0233333
0 0.29275000000000007 0.39683300000000005 0.02 0.0203333
0 0.850375 0.908333 0.01825 0.019333300000000005
0 0.4385 0.538 0.0235 0.018000000000000002
0 0.7725 0.130833 0.0235 0.015666699999999995
0 0.458 0.400167 0.014500000000000002 0.0276667
0 0.81 0.8975 0.014500000000000002 0.023
0 0.321 0.523833 0.014500000000000002 0.028333299999999995
0 0.08325 0.727333 0.015 0.0266667
0 0.849625 0.418667 0.022250000000000002 0.018666700000000005
0 0.419875 0.922 0.014250000000000002 0.024666699999999996
0 0.360375 0.338833 0.02075 0.0263333
0 0.493125 0.321 0.01875 0.022666699999999998
0 0.005375 0.246833 0.01075 0.028333299999999995
0 0.734875 0.0471667 0.015250000000000001 0.0263333
0 0.38175 0.6835 0.023 0.0163333
0 0.436875 0.00883333 0.01975 0.0176667
0 0.24875000000000003 0.217 0.024 0.02
0 0.97675 0.47316699999999995 0.0215 0.019
0 0.49625 0.5134999999999998 0.019499999999999997 0.023
0 0.5917499999999999 0.6603330000000001 0.022 0.0213333
0 0.5695 0.5205 0.014000000000000002 0.031
0 0.733625 0.0221667 0.02075 0.019
0 0.6517500000000002 0.131 0.0165 0.032
0 0.4475 0.6730000000000002 0.014000000000000002 0.0273333
0 0.31287500000000007 0.3990000000000001 0.015250000000000001 0.03
0 0.3275 0.214667 0.017500000000000005 0.024666699999999996
0 0.748625 0.684 0.02375 0.02
0 0.984375 0.8640000000000001 0.02025 0.021999999999999992
0 0.84525 0.769333 0.017 0.0273333
0 0.6673750000000002 0.009166670000000002 0.01775 0.018333300000000004
0 0.1665 0.412 0.013499999999999998 0.0306667
0 0.9732499999999998 0.363 0.014000000000000002 0.025333300000000003
0 0.049625 0.2525 0.01625 0.029000000000000005
0 0.35 0.3615 0.0165 0.025
0 0.736625 0.6135 0.015250000000000001 0.025
0 0.55775 0.05800000000000001 0.0165 0.029333299999999996
0 0.8676250000000002 0.903667 0.019250000000000003 0.0266667
0 0.7971249999999999 0.271167 0.01575 0.0276667
0 0.5425 0.116667 0.015 0.03
0 0.8125 0.0966667 0.016 0.0326667
0 0.9476249999999999 0.6206669999999999 0.02075 0.02
0 0.501375 0.008166669999999997 0.02575 0.0163333
0 0.42475 0.894167 0.017500000000000005 0.029000000000000005
0 0.810625 0.725667 0.01675 0.029333299999999996
0 0.5234999999999999 0.2845 0.021 0.0236667
0 0.28937500000000005 0.9556669999999998 0.01775 0.028000000000000008
0 0.4774999999999999 0.381333 0.019 0.018666700000000005
0 0.269125 0.7285 0.02125 0.0203333
0 0.24349999999999994 0.556167 0.0225 0.0196667
0 0.070375 0.3375 0.02475 0.0203333
0 0.9271249999999999 0.6699999999999998 0.01825 0.016
0 0.8142499999999999 0.48699999999999993 0.019499999999999997 0.019333300000000005
0 0.061125000000000006 0.776333 0.02175 0.019333300000000005
0 0.8485 0.642333 0.017500000000000005 0.025333300000000003
0 0.792625 0.543167 0.01325 0.0316667
0 0.840375 0.233667 0.01275 0.032
0 0.802625 0.316667 0.01875 0.0266667
0 0.9271249999999999 0.0395 0.01575 0.029000000000000005
0 0.7385 0.19849999999999998 0.016 0.0263333
0 0.243375 0.578 0.019250000000000003 0.024
0 0.4528750000000001 0.217333 0.022250000000000002 0.019333300000000005
0 0.32525 0.17633299999999996 0.0155 0.03
0 0.8085 0.295667 0.015 0.0313333
0 0.8738749999999998 0.892333 0.01775 0.022666699999999998
0 0.07987499999999999 0.6738329999999999 0.02375 0.018333300000000004
0 0.46962499999999996 0.400333 0.015250000000000001 0.0273333
0 0.12300000000000001 0.323833 0.0245 0.0176667
0 0.929375 0.6813329999999997 0.02025 0.0173333
0 0.15 0.222667 0.018499999999999996 0.0306667
0 0.314375 0.567 0.01575 0.028000000000000008
0 0.9481250000000001 0.661333 0.014250000000000002 0.0313333
0 0.2232322597997432 0.0836442487877894 0.027119359465982106 0.021333300000000003
0 0.9275 0.7113329999999999 0.017500000000000005 0.022666699999999998
0 0.1975 0.779333 0.02 0.026000000000000002
0 0.82725 0.472333 0.020500000000000004 0.022666699999999998
0 0.02925000000000001 0.306 0.022 0.020666699999999996
0 0.07725 0.19133300000000003 0.024 0.018666700000000005
0 0.285125 0.898333 0.02075 0.024666699999999996
0 0.96925 0.7028330000000002 0.023 0.0196667
0 0.09149999999999998 0.421833 0.018499999999999996 0.0276667
0 0.664875 0.568333 0.023250000000000003 0.021999999999999992
0 0.7955 0.914833 0.016 0.030333300000000004
0 0.09725 0.6705000000000001 0.0155 0.0316667
0 0.30137499999999995 0.210333 0.01375 0.034666699999999995
0 0.14325000000000002 0.2618109487877894 0.025500000000000012 0.022288597575578894
0 0.602 0.732167 0.022 0.0163333
0 0.276 0.776167 0.018499999999999996 0.0243333
0 0.7567499999999999 0.488333 0.018499999999999996 0.024
0 0.699375 0.783167 0.01625 0.029000000000000005
0 0.03975000000000001 0.3211669999999999 0.017500000000000005 0.029000000000000005
0 0.12487500000000001 0.8966670000000002 0.01875 0.024666699999999996
0 0.226 0.06066669999999999 0.025 0.0233333
0 0.8269999999999998 0.031 0.017500000000000005 0.0286667
0 0.71725 0.6675 0.016 0.029000000000000005
0 0.785625 0.33 0.014250000000000002 0.032
0 0.47462499999999996 0.267167 0.023250000000000003 0.0223333
0 0.863375 0.251833 0.015250000000000001 0.0336667
0 0.373375 0.9428329999999999 0.01625 0.027000000000000003
0 0.5735000000000001 0.801 0.017500000000000005 0.029333299999999996
0 0.07012500000000002 0.739333 0.01975 0.022666699999999998
0 0.9236249999999999 0.385 0.02175 0.019333300000000005
0 0.8213750000000001 0.589167 0.02275 0.023
0 0.862625 0.503167 0.01575 0.030333300000000004
0 0.27175 0.9554999999999998 0.019499999999999997 0.0243333
0 0.042875 0.8163329999999999 0.015250000000000001 0.0373333
0 0.32862499999999994 0.570167 0.02125 0.0196667
0 0.9482500000000001 0.39683300000000005 0.019499999999999997 0.0263333
0 0.0875 0.828667 0.014500000000000002 0.029333299999999996
0 0.898875 0.447333 0.02075 0.020666699999999996
0 0.8745 0.491 0.016 0.0313333
0 0.7596250000000001 0.32299999999999995 0.02175 0.018000000000000002
0 0.394875 0.18616700000000003 0.01575 0.03300000000000001
0 0.18512500000000004 0.414167 0.02025 0.0236667
0 0.712875 0.977167 0.015250000000000001 0.028333299999999995
0 0.016 0.260167 0.0215 0.0196667
0 0.06525 0.8485 0.017 0.027000000000000003
0 0.21349999999999997 0.530167 0.0155 0.027000000000000003
0 0.6875 0.599667 0.021 0.0166667
0 0.578375 0.49983299999999997 0.01675 0.029666699999999997
0 0.10175 0.160167 0.016 0.0336667
0 0.8234999999999999 0.783833 0.022 0.0256667
0 0.6977499999999999 0.284 0.014000000000000002 0.0313333
0 0.60275 0.7531669999999999 0.0155 0.031
0 0.4941250000000001 0.279667 0.01475 0.0306667
0 0.755875 0.5831669999999999 0.019250000000000003 0.023
0 0.28324999999999995 0.392667 0.014500000000000002 0.0266667
0 0.8078749999999999 0.561833 0.01325 0.030333300000000004
0 0.7565 0.285333 0.02 0.0213333
0 0.9492499999999999 0.605833 0.0215 0.018333300000000004
0 0.6366250000000001 0.40216700000000005 0.01625 0.0236667
0 0.266 0.560333 0.0225 0.0153333
0 0.498125 0.336333 0.01575 0.032
0 0.402 0.630333 0.0235 0.019333300000000005
0 0.64875 0.107333 0.015 0.032
0 0.9404999999999998 0.658333 0.017500000000000005 0.0286667
0 0.85225 0.7514999999999997 0.0125 0.025
0 0.357625 0.16449999999999998 0.023250000000000003 0.0196667
0 0.68275 0.3066670000000001 0.022 0.02
0 0.27687500000000004 0.34533299999999995 0.02075 0.024
0 0.5916249999999998 0.561667 0.014250000000000002 0.028000000000000008
0 0.5758750000000001 0.8325 0.024250000000000004 0.0223333
0 0.09525 0.892833 0.0155 0.028333299999999995
0 0.404875 0.5225 0.02275 0.017
0 0.898625 0.4655 0.01725 0.028333299999999995
0 0.5585 0.479833 0.018 0.029000000000000005
0 0.098125 0.645667 0.01675 0.028000000000000008
0 0.40425 0.5595 0.021 0.0243333
0 0.5709999999999998 0.635667 0.0245 0.018666700000000005
0 0.769625 0.7078330000000002 0.014250000000000002 0.030333300000000004
0 0.5684999999999999 0.8953330000000002 0.0215 0.020666699999999996
0 0.365875 0.253333 0.02075 0.018000000000000002
0 0.46825000000000006 0.419833 0.0225 0.023
0 0.409 0.17083299999999998 0.021 0.0203333
0 0.5207499999999999 0.03149999999999999 0.0165 0.028333299999999995
0 0.3345 0.862167 0.0225 0.019
0 0.88925 0.835833 0.014500000000000002 0.031
0 0.010125 0.630167 0.02025 0.0203333
0 0.40674999999999994 0.8071670000000001 0.015 0.031
0 0.8277500000000001 0.6140000000000001 0.016 0.0326667
0 0.7872499999999999 0.1005 0.016 0.029666699999999997
0 0.190875 0.9003330000000002 0.015250000000000001 0.03
0 0.4356250000000001 0.22066699999999997 0.02025 0.025333300000000003
0 0.518625 0.6745 0.02075 0.0203333
0 0.52225 0.855667 0.020500000000000004 0.026000000000000002
0 0.486 0.91 0.019 0.021999999999999992
0 0.5855 0.742333 0.014500000000000002 0.034
0 0.434625 0.486833 0.01375 0.0343333
0 0.307 0.8905 0.0235 0.0203333
0 0.6371250000000002 0.107667 0.01675 0.0286667
0 0.06637499999999999 0.585833 0.02025 0.0223333
0 0.715125 0.561333 0.01625 0.0326667
0 0.71725 0.30200000000000005 0.0215 0.02
0 0.67025 0.604 0.016 0.0326667
0 0.72375 0.46966700000000006 0.013499999999999998 0.0333333
0 0.6871250000000001 0.848667 0.01275 0.032
0 0.26525 0.385333 0.014500000000000002 0.034666699999999995
0 0.71525 0.0656667 0.022 0.018666700000000005
0 0.707375 0.20549999999999996 0.01575 0.030333300000000004
0 0.2723749999999999 0.861 0.01775 0.0273333
0 0.7766249999999999 0.832167 0.01325 0.0323333
0 0.635 0.302 0.0225 0.019333300000000005
0 0.5379999999999999 0.36550000000000005 0.0245 0.0223333
0 0.36075 0.182 0.0165 0.029333299999999996
0 0.377375 0.351167 0.01775 0.027000000000000003
0 0.62125 0.622667 0.015 0.029333299999999996
0 0.739875 0.2575 0.02025 0.0223333
0 0.1155 0.632 0.022 0.018666700000000005
0 0.95625 0.6365 0.020500000000000004 0.021666699999999997
0 0.9434999999999999 0.24050000000000005 0.021 0.021666699999999997
0 0.020499999999999997 0.175833 0.019499999999999997 0.029666699999999997
0 0.727375 0.1935 0.015250000000000001 0.029666699999999997
0 0.713125 0.7011669999999998 0.02075 0.0203333
0 0.153875 0.395667 0.014250000000000002 0.0373333
0 0.726125 0.223333 0.02075 0.018666700000000005
0 0.518625 0.145 0.01675 0.0306667
0 0.94525 0.7461670000000002 0.02 0.025
0 0.7191249999999999 0.27183299999999994 0.01875 0.027000000000000003
0 0.745125 0.4615000000000001 0.02025 0.0203333
0 0.46975 0.7995 0.014500000000000002 0.028333299999999995
0 0.44575000000000004 0.400167 0.0125 0.0323333
0 0.62375 0.821 0.013499999999999998 0.032
0 0.48875 0.523 0.018 0.024
0 0.87175 0.8228329999999999 0.017 0.0223333
0 0.186875 0.574833 0.022250000000000002 0.0203333
0 0.503625 0.294167 0.019250000000000003 0.028333299999999995
0 0.708125 0.358667 0.019250000000000003 0.025333300000000003
0 0.6780000000000002 0.553333 0.014500000000000002 0.0286667
0 0.441125 0.906333 0.019250000000000003 0.021999999999999992
0 0.8015000000000001 0.442667 0.021 0.024
0 0.5698750000000001 0.5485 0.02125 0.025
0 0.53775 0.494667 0.016 0.0313333
0 0.098625 0.131833 0.02275 0.0223333
0 0.8175 0.318833 0.014500000000000002 0.03300000000000001
0 0.882375 0.455333 0.01575 0.0306667
0 0.358 0.292833 0.014500000000000002 0.0323333
0 0.935625 0.102 0.025250000000000005 0.0213333
0 0.30225 0.655667 0.017 0.03
0 0.6780000000000002 0.176667 0.019499999999999997 0.024
0 0.733 0.695833 0.020500000000000004 0.021666699999999997
0 0.025 0.810333 0.015 0.032
0 0.33074999999999993 0.436167 0.02 0.0263333
0 0.34037500000000004 0.347667 0.02075 0.0213333
0 0.902 0.0805 0.0165 0.029666699999999997
0 0.70325 0.733 0.02 0.024666699999999996
0 0.814875 0.36449999999999994 0.02375 0.021
0 0.3825 0.280333 0.0235 0.019333300000000005
0 0.5695 0.33433299999999994 0.016 0.032
0 0.7822499999999999 0.021833299999999996 0.025 0.018333300000000004
0 0.80975 0.5165 0.019 0.0223333
0 0.92425 0.231 0.0155 0.034666699999999995
0 0.9811249999999998 0.21349999999999997 0.023250000000000003 0.0196667
0 0.373125 0.191 0.01325 0.03
0 0.49675 0.408 0.0215 0.024
0 0.59275 0.5994999999999999 0.019499999999999997 0.021666699999999997
0 0.461625 0.287167 0.014250000000000002 0.029666699999999997
0 0.5767499999999999 0.358 0.017 0.029333299999999996
0 0.52175 0.0108333 0.0215 0.021666699999999997
0 0.819 0.435 0.019499999999999997 0.024666699999999996
0 0.80625 0.0268333 0.018499999999999996 0.0223333
0 0.52075 0.767833 0.012 0.0316667
0 0.556125 0.37500000000000006 0.01875 0.03
0 0.749125 0.0525 0.01725 0.021
0 0.568625 0.07983330000000001 0.02075 0.023
0 0.7298750000000002 0.35 0.019250000000000003 0.0213333
0 0.36675 0.230333 0.019 0.029333299999999996
0 0.766375 0.227667 0.02125 0.018666700000000005
0 0.5514999999999999 0.620833 0.0215 0.023
0 0.590625 0.2815 0.023250000000000003 0.021
0 0.9555 0.816167 0.02 0.023
0 0.342 0.2005 0.0225 0.0196667
0 0.5571250000000001 0.273333 0.01475 0.034666699999999995
0 0.27275 0.412 0.017 0.032
0 0.15875 0.025 0.02 0.0273333
0 0.643375 0.822667 0.01825 0.025333300000000003
0 0.47712499999999997 0.7705 0.022250000000000002 0.0196667
0 0.67625 0.6775 0.0215 0.0196667
0 0.531 0.08283329999999997 0.019499999999999997 0.0223333
0 0.59175 0.08149999999999999 0.02 0.0256667
0 0.698125 0.7098330000000002 0.01175 0.0336667
0 0.6360000000000001 0.26716699999999993 0.017500000000000005 0.028333299999999995
0 0.642625 0.34466700000000006 0.02275 0.02
0 0.518125 0.0613333 0.01975 0.0233333
0 0.35775 0.830833 0.022 0.0223333
0 0.72875 0.281667 0.0125 0.03
0 0.543625 0.06600000000000002 0.01825 0.03
0 0.46875000000000006 0.3048330000000001 0.0165 0.0276667
0 0.25162499999999993 0.614333 0.02125 0.025333300000000003
0 0.720125 0.725167 0.019250000000000003 0.027000000000000003
0 0.9691249999999999 0.6531670000000002 0.01725 0.0256667
0 0.84125 0.746667 0.013000000000000001 0.0306667
0 0.029624999999999995 0.841 0.01825 0.028000000000000008
0 0.747625 0.2235 0.01575 0.030333300000000004
0 0.897 0.431 0.020500000000000004 0.0166667
0 0.755625 0.175833 0.019250000000000003 0.0236667
0 0.187125 0.0371667 0.02175 0.0223333
0 0.419 0.674667 0.020500000000000004 0.022666699999999998
0 0.017625 0.2925 0.01775 0.031
0 0.842875 0.0295 0.02125 0.0203333
0 0.667 0.8690000000000001 0.023 0.022666699999999998
0 0.8075 0.6531670000000003 0.023 0.021
0 0.730375 0.312 0.02275 0.018666700000000005
0 0.5088750000000001 0.873667 0.01475 0.0306667
0 0.67425 0.696833 0.0225 0.018333300000000004
0 0.81325 0.795167 0.015 0.029666699999999997
0 0.6892499999999999 0.3396670000000001 0.021 0.018000000000000002
0 0.6143749999999999 0.2601669999999999 0.023250000000000003 0.023
0 0.067375 0.647667 0.02175 0.02
0 0.8874031130166862 0.014636008989332858 0.026561316929397238 0.020028222827508123
0 0.9590031847394088 0.48029218972889676 0.01963227773042407 0.023879804140490422
0 0.9566935050064177 0.5053274682632819 0.0161677581309372 0.029272017978665698
0 0.9465886561745819 0.5157267378083342 0.0167451780641852 0.02542043666568336
0 0.9624677043388954 0.52535569109079 0.02078711759691931 0.01694695777712222
0 0.9590031847394088 0.5399917000801229 0.02078711759691931 0.016946957777122282
0 0.9665096438716297 0.5600199229076311 0.01501291826444195 0.032353283029051626
0 0.30718740448780996 0.6339702841168916 0.02656131692939709 0.021568855352700964
0 0.04590488469319716 0.7872632203735885 0.017900017930680648 0.02619075292827989
3 0.9454338163080864 0.8458072563309199 0.017900017930680447 0.015406325251929347
