2 0.6554689999999997 0.9677080000000001 0.0359375 0.0604167
0 0.276953 0.7822919999999999 0.0320312 0.09375
1 0.11210900000000003 0.450521 0.0585938 0.051041699999999995
0 0.202344 0.735937 0.0671875 0.06354169999999999
1 0.297266 0.497917 0.0351562 0.0895833
0 0.234375 0.38125 0.05625 0.035416699999999995
0 0.0605469 0.539062 0.0601562 0.028125
0 0.0675781 0.5838539999999999 0.0414063 0.065625
0 0.3625 0.45156199999999996 0.0640625 0.0385417
1 0.38164099999999995 0.830208 0.0632813 0.0416667
1 0.028515599999999995 0.580729 0.0539063 0.0822917
1 0.6304689999999998 0.5631611056284096 0.05625 0.067988911256819
3 0.677734 0.442187 0.0335938 0.07187499999999998
0 0.31796899999999995 0.7848960000000001 0.0765625 0.09270830000000001
0 0.0945313 0.584896 0.0375 0.07187499999999998
0 0.025 0.711458 0.0375 0.08125
3 0.6898440000000001 0.541146 0.0375 0.05729170000000001
0 0.28203100000000003 0.2729170000000001 0.0578125 0.0458333
1 0.21523400000000004 0.7869790000000001 0.0585938 0.0364583
0 0.4375 0.501562 0.0625 0.0385417
0 0.4828120000000001 0.814062 0.05625 0.034375
0 0.600781 0.133333 0.0734375 0.0479167
0 0.677734 0.9072919999999999 0.0726563 0.0395833
0 0.250391 0.517708 0.0335938 0.0791667
0 0.23867200000000005 0.707812 0.0648438 0.042708300000000005
0 0.594141 0.757292 0.0554687 0.04375
1 0.6199220000000002 0.4589941056284094 0.0351562 0.08673891125681907
0 0.50625 0.277083 0.0484375 0.05833330000000001
2 0.35821618567300534 0.2583329999999999 0.08513012865398978 0.05
0 0.0171875 0.5010419999999999 0.034375 0.0833333
0 0.123828 0.58125 0.0335938 0.08125
0 0.173438 0.78125 0.0359375 0.08125
1 0.46875 0.763542 0.065625 0.0541667
0 0.520703 0.839063 0.0445312 0.053125
0 0.0558594 0.655729 0.0570313 0.040625
0 0.524219 0.726042 0.03125 0.07291669999999999
0 0.7375454927903121 0.5498797666042208 0.03759118558062415 0.08565716679155974
0 0.7699219999999997 0.5990384889305201 0.07421879999999999 0.04391027786103908
1 0.519141 0.22135399999999997 0.0617188 0.0385417
0 0.605078 0.969271 0.0710938 0.0489583
0 0.136719 0.384896 0.0328125 0.078125
0 0.554688 0.6770829999999998 0.0359375 0.08125
0 0.422266 0.347917 0.0695312 0.0479167
0 0.527344 0.5932290000000001 0.040625 0.0697917
0 0.059375 0.472917 0.053125 0.05
0 0.172656 0.47708300000000003 0.0578125 0.0541667
0 0.36289100000000013 0.133854 0.0367187 0.078125
0 0.442969 0.547917 0.0515625 0.05
1 0.678906 0.628646 0.04375 0.0760417
0 0.6304689999999998 0.6270829999999998 0.046875 0.05625
0 0.8460940000000001 0.34427099999999994 0.0515625 0.084375
0 0.11835900000000002 0.49583299999999997 0.0460938 0.0625
1 0.597266 0.254687 0.0492188 0.05729170000000001
0 0.541016 0.78125 0.0539063 0.0604167
0 0.0992187 0.26145799999999997 0.0375 0.0708333
0 0.42031199999999996 0.426042 0.0453125 0.0708333
0 0.22851600000000002 0.15 0.0476562 0.0645833
0 0.7109380000000001 0.30625 0.05625 0.0666667
0 0.3402339999999999 0.49166699999999997 0.0492188 0.07291669999999999
0 0.689062 0.727604 0.071875 0.046875
0 0.325 0.363021 0.0359375 0.078125
0 0.5140629999999999 0.5187500000000002 0.0375 0.0895833
0 0.557422 0.520312 0.0414063 0.096875
2 0.7792279740234114 0.4359430194997202 0.0649329488166436 0.07788560149870932
