0 0.24516615203773454 0.1332878229170666 0.046112755869166404 0.07382094807714458
0 0.3235578370153174 0.1271360772439712 0.038427296557638664 0.08202327564127174
0 0.29704300239054665 0.16045803297323785 0.02689910759034703 0.08714973036885124
0 0.26937534886904685 0.277853846234808 0.03612165876418032 0.07177036618611277
0 0.5475889759463505 0.13021195008051886 0.24977742762465116 0.08817502131436711
0 0.5890904562286003 0.17840062451976607 0.034584566901874766 0.07997269375023995
0 0.6348189391321903 0.17071094242839682 0.061483674492221745 0.039986346875119955
1 0.7016824351424815 0.17429946073770247 0.04764984773147186 0.06971978429508095
1 0.7623975637035505 0.2937458558903044 0.036890204695333065 0.08304856658678762
1 0.7408782776312729 0.40242669611498955 0.046112755869166355 0.06254274767646972
0 0.8211913274367376 0.16558448770081732 0.062252220423374735 0.04408751065718358
0 0.63059193651085 0.2993849560906419 0.04534420993801356 0.08202327564127171
0 0.6717091438275234 0.3537253762029844 0.03381602097072197 0.08612443942333531
0 0.3481513068122061 0.34706098505713107 0.0537982151806941 0.06869449334956505
0 0.4430667293095735 0.35372537620298433 0.06225222042337464 0.04716338349373122
0 0.5229955061494619 0.4121669600973905 0.04380711807570806 0.0676692024040492
0 0.40156524902732377 0.3998634687511997 0.04380711807570806 0.08817502131436716
0 0.4534420993801359 0.40037611422395764 0.05533530704299964 0.03383460120202456
0 0.7255073590082175 0.31732754763717014 0.035353112833027465 0.09740263982401016
0 0.6398144876846833 0.2178743259221281 0.051492577387235755 0.07074507524059688
0 0.6740147816209817 0.2404307267234778 0.038427296557638664 0.08099798469575582
0 0.794676492811967 0.4034519870605054 0.05840949076761065 0.04203692876615182
0 0.7743100256364186 0.47112118946455456 0.045344209938013656 0.06254274767646967
1 0.17991874283926626 0.6775617501097981 0.061483674492221786 0.052196629953536536
0 0.2379090267353391 0.6272292855117451 0.06567574320760057 0.035419141754185465
0 0.33327859001020593 0.5368172657707978 0.05519557141915363 0.070838283508371
0 0.45938999053118357 0.49627166928903277 0.036331262199949234 0.07363453154159617
0 0.4237574064504641 0.6472690630831921 0.05170218082300471 0.06617787011966249
0 0.424106745510079 0.7302244214022057 0.06497706508837088 0.04753621656482797
0 0.4929265402542136 0.6976015276812453 0.05589424953838349 0.08481952367449687
1 0.3594790194813231 0.6132480453456193 0.1495171175151758 0.1398124016612586
0 0.5701304724291059 0.7209035946247885 0.05379821518069406 0.06617787011966236
1 0.5834053566944719 0.47390168502323143 0.04681143398839611 0.03821538978741065
1 0.5792132879790932 0.5111849921329005 0.053798215180694144 0.06058537405321208
1 0.6082084299271295 0.5480022579036985 0.06567574320760061 0.05406079530901999
1 0.5984269362579124 0.5988007638406224 0.06288103073068145 0.04567205120934452
0 0.5903921378867699 0.6738334193988313 0.031440515365340725 0.08388744099675512
0 0.6200859579540361 0.6505313524552883 0.041920687153787585 0.06338162208643724
0 0.6651506966443579 0.5321568523820892 0.06218235261145159 0.05033246459805315
0 0.7390437224676721 0.7936060434886429 0.06777177756529003 0.05499287798676165
0 0.8043701266156579 0.6537936418273843 0.046112755869166355 0.06244953940869559
0 0.902534402367444 0.6533276004885135 0.032837871603800396 0.0838874409967552
0 0.7477771989580445 0.5624495394086955 0.053099537061464225 0.060585374053212133
0 0.7481265380176595 0.6127820040067484 0.05659292765761323 0.04567205120934452
0 0.8746905072903682 0.3567104639094256 0.05421553562131009 0.06686845017560122
0 0.7421390772313293 0.880592053257855 0.039894450740209315 0.08324439715738124
0 0.6204098557419728 0.8717217486427242 0.06444488196495352 0.046398516448376316
0 0.5718204606096665 0.9542838146758643 0.06137607806186045 0.05868047668471133
