2 0.2344632768361582 0.0992462311557789 0.15630885122410546 0.13316582914572864
2 0.5065913370998116 0.342964824120603 0.0790960451977401 0.16834170854271358
2 0.7937853107344632 0.5439698492462313 0.14124293785310735 0.13316582914572864
2 0.7815442561205274 0.2047738693467337 0.09792843691148775 0.2135678391959799
2 0.6958568738229755 0.12311557788944723 0.12617702448210927 0.14572864321608037
0 0.9726930320150659 0.18341708542713564 0.04708097928436912 0.17587939698492464
2 0.48493408662900195 0.7336683417085428 0.14124293785310735 0.1206030150753769
0 0.9472693032015066 0.8618090452261307 0.1016949152542373 0.1306532663316583
2 0.22033898305084743 0.8216080402010049 0.13182674199623348 0.1407035175879397
0 0.5075329566854991 0.9396984924623116 0.08851224105461393 0.11055276381909548
2 0.14030131826741996 0.9158291457286433 0.096045197740113 0.15829145728643215
