2 0.021635668842232666 0.6461498749479487 0.029043403248496403 0.030546500041641694
2 0.727 0.375667 0.020500000000000004 0.0173333
2 0.95225 0.2743604998750766 0.015499999999999993 0.04261230024984785
2 0.580647429503814 0.25407687503123094 0.02079485900762796 0.020153050062461788
2 0.5545786852332403 0.29066700000000006 0.03165737046648095 0.02466669999999998
2 0.7026470655640316 0.5597778746148191 0.024794131128061534 0.07844355077036287
2 0.7030911737743882 0.44148818761971886 0.019726478676836672 0.05249507540600264
2 0.14237499999999995 0.2910872498542559 0.016750000000000008 0.04715880029148867
2 0.5811132393384187 0.9620783125884879 0.023726478676837113 0.032155925176974576
2 0.07972684261662029 0.29716556244274317 0.021453685233240302 0.031002875114513172
2 0.17462499999999997 0.825333 0.01825 0.016
2 0.028375000000000004 0.5295 0.01275 0.021666699999999997
2 0.5675 0.5986669999999998 0.017500000000000005 0.021999999999999992
2 0.2847044131128064 0.719363374989589 0.02177206556403079 0.03163950012492493
2 0.15525 0.524667 0.017 0.024666699999999996
2 0.6370000000000001 0.629833 0.017 0.018333300000000004
2 0.19162825462376795 0.9427965627910134 0.09874349075246361 0.05492642558203117
2 0.7600911737743878 0.8901670000000007 0.02381765245122433 0.03512595018738445
2 0.813045222947411 0.948076875031231 0.02359044589482126 0.02415305006246154
2 0.9414999999999999 0.580167 0.015 0.0203333
2 0.12795404917302336 0.3066698751145133 0.018408098346046585 0.037339050229026664
2 0.3088977934435969 0.3508780624843847 0.014249999999999999 0.034062925093692645
2 0.533375 0.5075 0.01475 0.029666699999999997
2 0.5298749999999997 0.30959156252602577 0.024749999999999998 0.02051642505205152
2 0.80775 0.4715 0.012 0.025
2 0.3671360327820162 0.03439057486466607 0.027544131128062997 0.047705300333129676
2 0.027250000000000007 0.6831669999999999 0.023 0.019
2 0.4709544131128061 0.3547267499791794 0.01940882622561265 0.02121320004164129
2 0.5061249999999999 0.2770000000000001 0.015250000000000001 0.026000000000000002
2 0.7522500000000005 0.6162879375156157 0.028726478676836354 0.024336175114513917
2 0.5489323475487751 0.20906118753643607 0.023635304902449444 0.026123075072871985
2 0.9619996360602179 0.6900450624843839 0.026999272120432787 0.019243175031229753
2 0.3135455868871943 0.028906999916717586 0.024454413112806873 0.0435852003747709
2 0.076 0.6045000000000001 0.017 0.0203333
2 0.9041249999999998 0.9195 0.01575 0.0243333
2 0.87875 0.3275 0.019499999999999997 0.021
2 0.593375 0.9495000000000001 0.014250000000000002 0.0256667
2 0.7684088262256127 0.5381513125052051 0.02581765245122445 0.02096992501041032
2 0.895 0.5735000000000001 0.019499999999999997 0.021
2 0.574 0.935 0.0245 0.020666699999999996
2 0.084875 0.502167 0.014250000000000002 0.021
2 0.16574999999999995 0.743167 0.023 0.018333300000000004
2 0.33425 0.860333 0.023 0.0173333
2 0.667125 0.429333 0.01825 0.022666699999999998
2 0.7497500000000001 0.638833 0.016 0.0256667
2 0.8769772065564028 0.3783780624843844 0.013454413112806221 0.03324317503123076
2 0.3390000000000001 0.017999999999999995 0.02 0.024666699999999996
2 0.42237499999999994 0.08050000000000003 0.01475 0.019
2 0.547 0.8491670000000002 0.02 0.021
2 0.5316250000000001 0.16049999999999998 0.01825 0.031
2 0.9214205868871939 0.19213662501041032 0.01875 0.030093000083282383
2 0.37256801639100795 0.08466669999999997 0.019863967217984512 0.022666699999999994
2 0.24814740932961715 0.04742856327556755 0.04867506875311723 0.055386375905696325
2 0.1491270488759718 0.15724637757134474 0.0386537310686519 0.06238925102020967
2 0.06752472773104005 0.1642492526858581 0.03674490484303946 0.04965675081200361
2 0.12860716695063812 0.2508302541016592 0.03674490484303945 0.022918500374770893
2 0.27439376993178816 0.1079079392645463 0.03435887206102391 0.03374112555174604
2 0.39011635985954235 0.06748225110349208 0.02910959994058969 0.022918500374770886
2 0.37818619594946457 0.2626078167942498 0.028155186827783504 0.03756087561420788
2 0.4569252777559776 0.10281493918126387 0.03388166550462077 0.03628762559338725
2 0.5292220710510488 0.1266883770716502 0.02672356715857409 0.03947075064543876
2 0.642320024918586 0.16456756519106322 0.01145295735367462 0.02228187536436058
2 0.6859844248294703 0.18684944055542382 0.01670222947410884 0.06557237607226118
2 0.5294606743292501 0.23459631633619651 0.011930163910077713 0.018462125301898766
2 0.6048593102409416 0.2641993793202756 0.01670222947410884 0.016552250270667864
2 0.7389680136474991 0.05888781346295299 0.032450045835411404 0.032467875530925436
2 0.8002890561452987 0.1333729396809584 0.07492142935528821 0.1024966266760587
2 0.8525431740714392 0.1823930654825517 0.02672356715857409 0.01464237523943696
2 0.8594626691392843 0.3542818182933335 0.02910959994058983 0.027374875447643013
2 0.8310688790332992 0.37465381862646296 0.030541219609799105 0.04774687578077269
2 0.8821299805684321 0.4399078821935191 0.015270609804899552 0.04074400066625942
2 0.6807488137663197 0.3892961938659 0.03340445894821776 0.019735375322719396
2 0.682657639991932 0.4570967574745973 0.03340445894821768 0.012732500208206054
2 0.7625897381894531 0.5067535082866008 0.024337534376558615 0.03310450054133573
2 0.8110262036643686 0.5201226335052171 0.01049854424086834 0.03692425060379753
2 0.8725858494403697 0.528398758640551 0.05344713431714818 0.03565100058297692
2 0.9188748854114713 0.5529088215413478 0.0257691540457678 0.018462125301898766
2 0.6731135088638699 0.5879231971139144 0.034358872061023955 0.028648125468463514
2 0.8713928330493621 0.6382165729363285 0.017656642586915024 0.05029337582241394
2 0.8900038887490834 0.664636510868356 0.03579049173023315 0.028011500458053232
2 0.7210727677823825 0.6700478234568434 0.025291947489364797 0.04392712571831088
2 0.6984054563532347 0.6936029488420246 0.020042675368930583 0.01464237523943696
2 0.5764791811922401 0.6818253861494341 0.025291947489364797 0.042017250687080024
2 0.5817284533126743 0.32117731775199765 0.03483607861742705 0.03756087561420788
2 0.6108380532532641 0.3600114433870262 0.015747816361302645 0.015915625260257648
2 0.5712299090718058 0.2782051295493022 0.02433753437655871 0.026738250437232703
2 0.46051798798628446 0.30303350495530396 0.017656642586915024 0.01782550029148849
2 0.40396901105251587 0.4112597567250555 0.026723567158574185 0.054749750895286026
2 0.1732396410316123 0.364149505954693 0.02147429503813996 0.04456375072872122
2 0.025053344211163266 0.27788681704409707 0.02338312126375238 0.02864812546846364
2 0.04485741630189232 0.39470750645438757 0.016225022917705733 0.04201725068707991
2 0.04986808514412498 0.4357698196258521 0.01670222947410885 0.0388341256350285
2 0.08613578343076134 0.5283987586405512 0.011930163910077738 0.015279000249847241
2 0.07659165230269913 0.5735991343796826 0.059650819550388735 0.06366250104103027
2 0.12216487843919613 0.6044754473845823 0.05344713431714831 0.03119462551010489
2 0.13242481940186301 0.6267573227489429 0.018611055699721307 0.031194625510104764
2 0.023621724541953933 0.688191636253537 0.0014316196692093302 0.00891275014574431
2 0.21999222250183365 0.6152980725615574 0.05058389497872965 0.04774687578077269
2 0.2586459535704856 0.62102769765525 0.014316196692093322 0.035014375572566696
2 0.2801202486086255 0.5268071961145254 0.035313285173830145 0.07193862617636411
2 0.2798816453304239 0.5057985707709853 0.05201551464793898 0.05283987586405512
2 0.3576663140241309 0.5716892593484517 0.02720077371497727 0.0751217512284157
2 0.32187582229389766 0.6608167608058944 0.020519881925333727 0.01909875031230905
2 0.2281047339606865 0.7403948871071819 0.04199417696347364 0.04711025077036242
2 0.08541997359615666 0.8053306381690326 0.028632393384186595 0.028011500458053357
2 0.24862461588602025 0.8148800133251871 0.01145295735367462 0.03692425060379753
2 0.4082502090028604 0.9210584987091224 0.032927252391814536 0.03947075064543879
2 0.5373345825099016 0.8733116229283497 0.024814740932961713 0.04583700074954185
2 0.5323239136676691 0.8990949358499672 0.03483607861742705 0.021008625343540012
2 0.6320600839559192 0.7848207464813177 0.02433753437655871 0.06620900108267146
2 0.6835983920474549 0.7287977455652112 0.07014936379125718 0.0827612513533394
2 0.8291463917504032 0.8258830596527822 0.02815518682778346 0.02610162542682239
2 0.9768554820144493 0.6135686186809464 0.043425796632682825 0.04838350079118297
2 0.47895567272253375 0.48110692117865733 0.013982761607604284 0.022958678061378274
2 0.442026840784502 0.5098052687553802 0.015416891003256 0.020088843303706062
2 0.4042016779741878 0.5210454548895967 0.04947746414998428 0.01961053751076065
