1 0.7098290491730235 0.17216700000000004 0.01865809834604633 0.01433330000000001
0 0.3623066196692091 0.12359012496876916 0.019476478676836988 0.02451930016656472
0 0.2617877985233694 0.8553113057929452 0.011102561881525204 0.03352272744479881
0 0.990042661744564 0.8093627644823621 0.019914676510869967 0.021421110065964324
0 0.7250227934435972 0.37692312496876906 0.025044131128061874 0.029906999916717653
0 0.29454940295326115 0.7153698347576721 0.014137711676084748 0.03227620427301728
0 0.8208746360602157 0.5195289374323333 0.019749272120434303 0.015723874864665782
0 0.126625 0.475833 0.01775 0.0223333
0 0.01478293530217414 0.8826155413105821 0.02440716456086548 0.01946449848007168
0 0.4902500000000001 0.582 0.013499999999999998 0.0286667
2 0.21745441311280636 0.25789518753643625 0.01700000000000001 0.023002875114513033
0 0.2375707338255435 0.9010650826211639 0.021660920535867993 0.021666699999999997
0 0.5409902735576096 0.5931155413105824 0.010499999999999994 0.0289576448236341
0 0.251125 0.748167 0.019250000000000003 0.015
0 0.4961249999999999 0.595 0.02075 0.026000000000000002
1 0.4065445397320652 0.9121886942070543 0.01562798523369535 0.029682473788362074
0 0.4973536691277175 0.9474061528964728 0.01659504993152007 0.03153756799541608
0 0.5550755970467389 0.6006740702753091 0.01465119409347749 0.018681440550617445
0 0.2625 0.902667 0.014500000000000002 0.028000000000000008
0 0.79425 0.146 0.02 0.02
0 0.5964408706043484 0.4674999999999998 0.016420646978258593 0.030682473788361652
0 0.12899999999999992 0.7276453057929454 0.014046417719567337 0.031
0 0.05676646765108709 0.7765938471035276 0.017920646978258584 0.030290944823634428
0 0.7971249999999999 0.162667 0.02025 0.0333333
1 0.23835853234891288 0.9816886942070547 0.024019452884781065 0.0196667
0 0.6821250000000001 0.1195161250520516 0.02124999999999999 0.019699550104102907
0 0.32374999999999976 0.1381831250520516 0.020499999999999994 0.01836625010410281
0 0.2545 0.294667 0.0165 0.021999999999999992
0 0.908397429503814 0.6206669999999999 0.019794859007628018 0.018666700000000005
0 0.19362500000000002 0.950167 0.01825 0.0196667
0 0.4083091293956514 0.9450721528964726 0.0250912939565177 0.021507886894180813
0 0.06914779344359696 0.08884982505205154 0.019295586887193638 0.023699550104103007
0 0.28557073382554354 0.5828546942070546 0.021812114629345496 0.018376688414109225
0 0.87025 0.29950000000000004 0.014500000000000002 0.0256667
0 0.515 0.574 0.017500000000000005 0.018666700000000005
0 0.48079752496576 0.5621735536564372 0.02187798523369378 0.013477272555201376
0 0.6915 0.06049999999999999 0.0215 0.017
0 0.729625 0.343667 0.014250000000000002 0.0286667
0 0.13875000000000004 0.500333 0.006500000000000001 0.0333333
0 0.730375 0.327 0.02075 0.0166667
0 0.3296706469782586 0.681093847103527 0.013329353021741453 0.034624344823634835
0 0.552170586887194 0.29746962501041047 0.016567652451224563 0.028032950104102963
0 0.8292500000000002 0.2045 0.017500000000000005 0.0203333
0 0.134125 0.2845 0.019250000000000003 0.030333300000000004
0 0.8801036691277173 0.7874061528964728 0.018246244024997523 0.029914256409525088
0 0.883 0.300333 0.013499999999999998 0.0373333
0 0.6625 0.5301523760682542 0.019499999999999983 0.02163805213650876
0 0.255125 0.963833 0.02025 0.021666699999999997
2 0.51675 0.6175 0.013000000000000001 0.0263333
0 0.12675 0.300667 0.011 0.032
0 0.8155 0.582333 0.015 0.02
0 0.4770329353021744 0.5951236115858908 0.015197611813044404 0.02488364207054619
0 0.29764146765108696 0.6817245289647269 0.013763482417393247 0.0328698347576723
0 0.129375 0.219167 0.01675 0.0236667
0 0.6542335323489129 0.7331669999999998 0.015637711676084468 0.02957992317178175
0 0.5803798632211954 0.6154712355176365 0.016910920535868002 0.03053756799541572
0 0.601625 0.170667 0.01775 0.026000000000000002
1 0.8654999999999999 0.2314231249687692 0.011999999999999995 0.029639500124923456
2 0.7851250000000001 0.7575 0.01975 0.021
0 0.6067500000000001 0.368333 0.025 0.019333300000000005
1 0.7614205868871945 0.35510625002082025 0.023885304902448463 0.016333299999999995
0 0.33247866912771795 0.6152674007599639 0.014957338255434828 0.02186880151992906
0 0.06637500000000002 0.0628082496044085 0.01725 0.0313333
0 0.3901201367788044 0.8622896115858907 0.020759726442390172 0.017246523171781422
0 0.2025 0.395167 0.015 0.0203333
0 0.5898750000000001 0.30449999999999994 0.01375 0.0256667
0 0.6837158098346054 0.10466124977097344 0.019886032782014826 0.017147299833434996
0 0.15207977705258918 0.2385754374739742 0.017840445894821852 0.025150174947948512
0 0.337375 0.25299999999999995 0.01675 0.025333300000000003
0 0.6623750000000002 0.5938330000000002 0.015250000000000001 0.027000000000000003
0 0.569125 0.7045 0.01675 0.021666699999999997
0 0.20781838033079064 0.23016700000000004 0.018863239338418575 0.03033330000000001
0 0.6601201367788048 0.5125 0.022759726442390504 0.0196667
0 0.9500334622858294 0.6503633749895898 0.014205140992372188 0.02921320004164119
0 0.11037500000000001 0.2343648125468464 0.01675 0.02606292509369265
0 0.21425 0.406833 0.018 0.031
0 0.3523469279190212 0.5590650826211641 0.023976791140216253 0.018100584141091832
0 0.435 0.8125 0.024 0.0123333
0 0.8426249999999998 0.652833 0.019250000000000003 0.015
0 0.007625000000000001 0.321833 0.015250000000000001 0.0243333
0 0.11800000000000012 0.7195867768282186 0.01913174120869648 0.025260330484655317
0 0.6286022065564041 0.22442456252602605 0.016430891789642445 0.03424317503123054
0 0.026625000000000006 0.40699999999999986 0.01975 0.03
0 0.20200000000000004 0.03916669999999999 0.0165 0.021666699999999997
0 0.779 0.6305 0.018 0.023
0 0.309875 0.146 0.01725 0.0333333
0 0.615375 0.18 0.02575 0.018666700000000005
0 0.045125 0.353 0.015250000000000001 0.0306667
0 0.61825 0.199833 0.019499999999999997 0.028333299999999995
0 0.35634692791902123 0.9747754710352736 0.024410920535867974 0.022680407312873362
0 0.693 0.0586667 0.011 0.0266667
0 0.2861250000000001 0.6331735536564369 0.02125 0.0166667
0 0.021624999999999995 0.779333 0.01975 0.018666700000000005
0 0.0669430163910078 0.015789675072872114 0.021386032782015472 0.021153050062461803
0 0.234875 0.556833 0.01825 0.0256667
0 0.1086477934435969 0.16760625002082072 0.015249999999999996 0.03406580020820586
0 0.310625 0.125 0.01825 0.0173333
0 0.413125 0.11216699999999999 0.01625 0.0316667
0 0.30453382622561237 0.06284982505205154 0.01475 0.029333299999999996
0 0.31749999999999995 0.429333 0.021 0.0273333
0 0.6945113967217986 0.21950000000000006 0.024249272120433887 0.022999999999999993
0 0.6756819836089923 0.41183299999999995 0.02063603278201544 0.020999999999999987
1 0.425625 0.6117754710352731 0.016249999999999997 0.020883642070546195
0 0.44924325879130317 0.9234061528964724 0.024986517582607212 0.019478305792945592
0 0.554625 0.16699999999999998 0.01725 0.0273333
0 0.40575000000000006 0.988167 0.0165 0.0236667
0 0.549625 0.141 0.02075 0.0173333
0 0.8537499999999999 0.629 0.018499999999999996 0.024666699999999996
0 0.8980000000000001 0.282833 0.017500000000000005 0.025
0 0.38572684261662027 0.1830000000000001 0.023453685233240498 0.018666700000000005
0 0.17775 0.429833 0.020500000000000004 0.021666699999999997
0 0.413625 0.2955 0.02175 0.019
0 0.052875 0.33650000000000013 0.01275 0.0316667
0 0.8741249999999999 0.5945 0.02025 0.018333300000000004
0 0.414375 0.5945 0.02025 0.019
0 0.70975 0.7914999999999999 0.018 0.029666699999999997
0 0.4426249999999999 0.7958330000000001 0.019250000000000003 0.0196667
0 0.0725 0.20354506248438464 0.016499999999999994 0.02872962509369268
0 0.753375 0.629667 0.01475 0.026000000000000002
0 0.379125 0.304833 0.01875 0.029000000000000005
1 0.6287286691277173 0.9597608471035275 0.01897679114021709 0.028711121651853
0 0.2162389672179845 0.07633330000000003 0.023022065564031108 0.021999999999999992
0 0.26674999999999993 0.881333 0.019499999999999997 0.02
0 0.19425 0.428 0.018 0.0273333
0 0.9936249999999999 0.604167 0.01275 0.0203333
1 0.726375 0.134333 0.019250000000000003 0.024666699999999996
0 0.137625 0.498333 0.01775 0.0273333
0 0.29520059704673884 0.5640867768282183 0.01725 0.022666699999999998
0 0.9782499999999998 0.670167 0.017 0.030333300000000004
0 0.835477570496186 0.6797732500208208 0.026544859007627784 0.015546500041640633
0 0.5546250000000001 0.710333 0.01675 0.024666699999999996
0 0.8779999999999998 0.251667 0.0165 0.024666699999999996
0 0.706875 0.321667 0.019250000000000003 0.0166667
2 0.886375 0.5346670000000001 0.01725 0.018000000000000002
0 0.15800000000000003 0.5038329999999999 0.020500000000000004 0.029000000000000005
0 0.414 0.3315000000000001 0.019 0.029000000000000005
0 0.17075000000000004 0.807333 0.02 0.020666699999999996
0 0.95 0.19216699999999995 0.0155 0.0316667
3 0.7077500000000001 0.6596498749479486 0.0235 0.0223333
0 0.4120048632211953 0.6306669999999999 0.016509726442390425 0.03000000000000033
1 0.8974654458948221 0.3809999999999995 0.02493089178964301 0.021999999999999967
1 0.1785 0.2535 0.018499999999999996 0.021
0 0.24224999999999997 0.8545 0.015 0.028333299999999995
0 0.2784457338255435 0.8559853760682543 0.013259726442390471 0.031364014338978674
0 0.8465 0.198167 0.0125 0.029666699999999997
0 0.04275 0.9031670000000002 0.022 0.0163333
1 0.5137500000000002 0.23216699999999998 0.021 0.018333300000000004
0 0.71475 0.34816700000000006 0.013499999999999998 0.027000000000000003
0 0.18987499999999996 0.518333 0.01725 0.0233333
0 0.011971927919021116 0.5815433884141095 0.016207338255435348 0.030420076828218373
0 0.4423408098346045 0.13463662501041043 0.023862511458853212 0.02630620012492354
0 0.345875 0.145 0.015250000000000001 0.0273333
0 0.2713488059065225 0.6822245289647269 0.0225 0.019
0 0.098 0.45933300000000005 0.017 0.025333300000000003
0 0.13425 0.0763333 0.019 0.024666699999999996
0 0.23283720147663065 0.8856886942070549 0.024127985233694072 0.019319592687126
0 0.4417829353021741 0.5248330000000002 0.02193412939565182 0.023
0 0.11800000000000001 0.653333 0.0165 0.0286667
0 0.9032383955701081 0.7468330000000002 0.018976791140217025 0.02566669999999999
0 0.65675 0.966167 0.018499999999999996 0.0256667
0 0.961375 0.892833 0.01675 0.021
0 0.747125 0.18966699999999995 0.01975 0.021999999999999992
0 0.6122616044298916 0.6116019173788362 0.02497679114021611 0.017869834757671968
0 0.361125 0.262 0.01625 0.0313333
0 0.5669999999999998 0.8175 0.017500000000000005 0.0223333
0 0.7432500000000001 0.300667 0.014500000000000002 0.0313333
0 0.606625 0.338333 0.01725 0.019333300000000005
0 0.833625 0.807 0.01975 0.0233333
0 0.593375 0.4375 0.014250000000000002 0.027000000000000003
0 0.5795 0.35866699999999996 0.02 0.0233333
0 0.395 0.962333 0.019499999999999997 0.0213333
0 0.24112499999999998 0.7688330000000001 0.01825 0.023
0 0.805875 0.508 0.01725 0.029333299999999996
0 0.045125 0.395167 0.015250000000000001 0.031
0 0.27025 0.027666699999999995 0.02 0.0213333
1 0.365625 0.16183300000000003 0.019250000000000003 0.025
0 0.4713753639397828 0.07754650004164128 0.029066924571659394 0.02097280012492355
0 0.854141467651087 0.8290433884141097 0.020500000000000157 0.02388364207054585
0 0.3217616044298919 0.557 0.023627985233693867 0.025333300000000017
0 0.8427500000000001 0.35483299999999995 0.015 0.0343333
0 0.46507977705258924 0.22416843755725677 0.021840445894821828 0.025002875114513188
0 0.8623750000000001 0.539833 0.01825 0.021
0 0.59325 0.16433299999999998 0.0155 0.026000000000000002
0 0.4192073382554355 0.43800000000000044 0.023085323489129464 0.0166667
0 0.8945000000000001 0.711667 0.016 0.0306667
0 0.7254999999999999 0.550833 0.015 0.0263333
0 0.289125 0.2025 0.01575 0.0276667
0 0.545625 0.08216669999999998 0.02125 0.0163333
0 0.278375 0.7525 0.01625 0.0256667
1 0.789375 0.380167 0.01475 0.031
0 0.270125 0.833333 0.01875 0.018000000000000002
1 0.5311841293956517 0.683167 0.020868258791303603 0.021
0 0.730375 0.763333 0.01875 0.025333300000000003
0 0.721625 0.710333 0.01725 0.019333300000000005
0 0.2198633955701082 0.434934917378836 0.01894385583804219 0.03708677682821887
0 0.6380000000000001 0.603167 0.0165 0.023
0 0.786375 0.5036669999999999 0.01725 0.018000000000000002
0 0.813 0.9825 0.015 0.027000000000000003
0 0.5783749999999999 0.6721670000000001 0.01875 0.025
0 0.84175 0.242 0.020500000000000004 0.0213333
0 0.814 0.220167 0.016 0.0356667
0 0.8065000000000001 0.45 0.017 0.0266667
0 0.17 0.05949999999999998 0.019 0.021
0 0.3005969279190211 0.8335000000000001 0.02369385583804203 0.020333299999999995
0 0.50975 0.741333 0.016 0.03
0 0.75925 0.6785 0.017 0.029000000000000005
0 0.330125 0.812 0.01325 0.035333300000000005
0 0.606375 0.944667 0.01775 0.028000000000000008
0 0.8858749999999997 0.2725 0.01825 0.0196667
1 0.18575 0.205167 0.018499999999999996 0.021666699999999997
0 0.022624999999999996 0.317167 0.01625 0.027000000000000003
0 0.7610338262256129 0.49233300000000013 0.022067652451224426 0.02399999999999999
0 0.454125 0.31250000000000006 0.01975 0.023
0 0.668625 0.7213329999999999 0.01775 0.0273333
0 0.665625 0.694333 0.019250000000000003 0.0146667
0 0.46525 0.629833 0.0155 0.028333299999999995
0 0.667 0.2345465000416413 0.018 0.025093000083282274
0 0.2665 0.764167 0.020500000000000004 0.015666699999999995
0 0.746875 0.7159999999999997 0.01675 0.024
0 0.7054882393384186 0.5608330000000001 0.023476478676837203 0.024333299999999985
0 0.771125 0.5358329999999999 0.01825 0.029666699999999997
0 0.721375 0.909167 0.01875 0.0243333
0 0.3978749999999999 0.8345000000000001 0.01975 0.0256667
0 0.792875 0.11766700000000001 0.01575 0.026000000000000002
0 0.869125 0.14049999999999996 0.01575 0.0256667
0 0.5615000000000001 0.0915 0.021 0.027000000000000003
0 0.774125 0.472 0.01975 0.0166667
0 0.27325 0.9391669999999998 0.014500000000000002 0.025
0 0.613625 0.406 0.01375 0.0286667
0 0.825875 0.764667 0.015250000000000001 0.0326667
0 0.5906249999999998 0.21950000000000003 0.01975 0.029666699999999997
0 0.818125 0.582667 0.01325 0.036000000000000004
0 0.27812499999999996 0.9828329999999998 0.01475 0.0343333
0 0.11494301639100779 0.25894025002082055 0.021386032782015518 0.019879800041641315
0 0.274125 0.615333 0.02125 0.018000000000000002
0 0.323004863221195 0.6548915289647266 0.02129266174456409 0.03143595061658014
0 0.405875 0.257667 0.015250000000000001 0.0373333
0 0.50575 0.19416700000000003 0.017500000000000005 0.035
0 0.686 0.33099999999999996 0.0165 0.034666699999999995
0 0.545375 0.95 0.01825 0.029333299999999996
0 0.5259999999999999 0.7695000000000001 0.021 0.021666699999999997
1 0.16105721278604956 0.24796544155481284 0.02433753437655859 0.018462125301898766
2 0.6031890872935308 0.20658481587814317 0.013361783579287093 0.03501437557256663
1 0.5769427266913598 0.3116279425958431 0.020042675368930684 0.018462125301898766
1 0.5762269168567551 0.3275435678561006 0.02147429503813996 0.021008625343539956
0 0.5814761889771893 0.29985037990325253 0.01670222947410884 0.025465000416412108
0 0.6793035330398269 0.1601111901181911 0.017656642586915024 0.02355512538518121
2 0.7258311722891301 0.27597694201286616 0.013361783579286994 0.01464237523943696
0 0.7785761578289571 0.15406325251929323 0.020042675368930583 0.01782550029148849
2 0.8570766363572688 0.18398462800857743 0.010975750797271528 0.025465000416412108
2 0.8854704264632538 0.2123144409718359 0.020997088481736866 0.01464237523943696
2 0.8260582101910667 0.1925790656491165 0.011930163910077807 0.01973537532271936
1 0.725606230068212 0.570097696822426 0.012407370466480806 0.028648125468463702
1 0.8298758626422915 0.5509989465101168 0.019565468812527492 0.021008625343539956
1 0.9043200854411764 0.6363066979050974 0.01670222947410865 0.02610162542682239
1 0.8511115544022299 0.6595435107850737 0.015270609804899552 0.028011500458053357
2 0.7575790693472204 0.6573153232486375 0.01622502291770574 0.021008625343540012
0 0.6671484269088309 0.6073402599314286 0.018611055699721307 0.024191750395591547
0 0.947030072239255 0.5560919465933992 0.020997088481736866 0.019735375322719333
0 0.9019340526591609 0.534446696239449 0.0195654688125274 0.01464237523943696
0 0.8988322100425407 0.5529088215413477 0.0257691540457678 0.017188875281078146
0 0.880459757621021 0.5592750716454509 0.02720077371497727 0.015915625260257586
0 0.8823685838466335 0.5745540718952981 0.027200773714977457 0.01718887528107821
0 0.8401358036049583 0.5417678838591675 0.01717943603051193 0.015279000249847241
0 0.8169912856194074 0.5322185087030129 0.02433753437655852 0.017825500291488428
0 0.9413035935624174 0.6550871357122012 0.012407370466480995 0.030558000499694607
0 0.4913507769187418 0.5381774987460041 0.02151194093477581 0.018653925924869825
1 0.3798472164068205 0.5781160324569432 0.02366313502825338 0.016262396960142964
0 0.4752168212176599 0.5738112803204349 0.016492488049994765 0.01817562013192448
2 0.35152316084269913 0.6302513638879899 0.016492488049994803 0.02295867806137821
0 0.3409464565497677 0.625468305958536 0.020436343888036997 0.01817562013192448
0 0.3185381847427095 0.681908389526091 0.013624229258691329 0.03443801709206732
0 0.305989552530757 0.6735380381495468 0.015058358654343048 0.030133264955558996
0 0.25294457215807215 0.8600955555634759 0.013982761607604284 0.02822004178377749
2 0.5297315455188538 0.9727365698021133 0.03190937905325076 0.014349173788361445
2 0.675833477700873 0.7828491700027969 0.03441910549564133 0.019132231717815303
2 0.6548593352894667 0.7099075365786262 0.015416891003256 0.019610537510760712
2 0.7932528219698576 0.7945676619299588 0.013982761607604284 0.018653925924869762
0 0.849363134574731 0.8086776828218474 0.019360746841298095 0.014349173788361445
0 0.9073193878060075 0.7151689003010254 0.016133955701081903 0.016740702753088373
0 0.4236592491224651 0.6242907996414029 0.013982761607604284 0.023436983854323624
0 0.5633075990240514 0.5987014397188251 0.0028682587913034284 0.0009566115858906963
0 0.2038730207903744 0.4323197302982284 0.015058358654343068 0.02678512440494131
