2 0.37843056494546873 0.09303002401234725 0.04545306417165057 0.1254823579701428
1 0.3378474719350665 0.17578347560472593 0.0324664744083218 0.07680385703344948
1 0.5565903432611347 0.2174306375172302 0.03652478370936211 0.08653955722078813
0 0.31836758729007336 0.4002454521461452 0.035713121849154 0.07788560149870932
0 0.4413343591115923 0.31749200055376653 0.056004668354355205 0.07247687917241005
3 0.505455646068028 0.36508875702519994 0.03814810742977811 0.04435152307565393
0 0.508296462578756 0.1655069031847573 0.05519300649414713 0.03677931181883495
0 0.2538404694035338 0.12980933583118223 0.05762799207477125 0.0540872232629926
0 0.16171684826992055 0.3753653294451686 0.06493294881664363 0.06274117898507142
0 0.2956410552042481 0.5122060043005398 0.03895976928998618 0.0832943238250086
0 0.42185447446659924 0.4646092478291063 0.05438134463393905 0.07247687917241001
0 0.14122916367619995 0.6468831902253914 0.05356968277373103 0.05192373433247289
0 0.18830555156826662 0.7350453641440694 0.045453064171650556 0.07896734596396912
0 0.2633842736375108 0.7464036810292979 0.0689912581176839 0.043269778610394036
0 0.34942043081956364 0.7215235583283212 0.044641402311442466 0.04543326754091372
1 0.34576795244862746 0.6560780181801001 0.06168630137581148 0.053005478797732784
1 0.5247393926245015 0.7777742705218336 0.04951137347269074 0.07139513470715016
1 0.39122101662027803 0.6171352174307455 0.056816330214563206 0.04435152307565383
1 0.48293880682378715 0.5884689891013594 0.06006297765539536 0.054087223262992666
1 0.4731988645012906 0.5192373433247289 0.030843150687905795 0.07788560149870932
0 0.3072140140887452 0.5760289277508711 0.0641212869564356 0.05516896772825236
0 0.3425213050077952 0.6041542838476273 0.07304956741872415 0.059495945589291735
0 0.4281516312597441 0.5706202054245719 0.05600466835435513 0.04651501200617361
2 0.5986006219034337 0.5024703041132011 0.02029154650520117 0.04651501200617361
2 0.6858542718757987 0.6896120966031556 0.04869971161248274 0.04002454521461456
0 0.6371545602633159 0.7123287303736124 0.035713121849153956 0.09411176847760712
0 0.34657961430883544 0.7918369485702117 0.03246647440832183 0.0843760682902685
0 0.41760002707703947 0.8048178821533298 0.034901459988945956 0.08870304615130786
0 0.39812014243204635 0.6777129074852972 0.05762799207477121 0.0638229234503313
0 0.5316385184362699 0.5441174660257055 0.04220641673081833 0.09086653508182764
0 0.5068828316999244 0.5040929208110909 0.036524783709361956 0.09735700187338671
0 0.6976233688488152 0.5040929208110909 0.06899125811768383 0.058414201124031846
1 0.730089843257137 0.4126855134966334 0.05762799207477121 0.07680385703344944
2 0.8027335797457572 0.4121446412640035 0.032466474408321726 0.06057769005455173
0 0.7779778930094118 0.32452333957795554 0.03165481254811365 0.09519351294286697
0 0.7349598144183854 0.3023475780401285 0.033278136268529955 0.07680385703344948
2 0.7540338681332744 0.2834170498980812 0.01136326604291263 0.08653955722078813
