2 0.8176356990866289 0.7940851819558387 0.027771398173260558 0.03550306391167767
0 0.203875 0.818333 0.01625 0.0233333
0 0.8573750000000001 0.7903329999999998 0.02025 0.018000000000000002
0 0.805125 0.6505 0.01825 0.0196667
0 0.01 0.777167 0.02 0.015
0 0.44262499999999994 0.389 0.01575 0.022666699999999998
0 0.24812500000000004 0.023 0.01275 0.024
0 0.78625 0.480167 0.022 0.021
0 0.8952500000000002 0.565667 0.013000000000000001 0.029333299999999996
0 0.8848749999999999 0.0693333 0.014250000000000002 0.0273333
0 0.0125 0.737167 0.017500000000000005 0.028333299999999995
0 0.006125 0.747833 0.01225 0.0323333
2 0.8327499999999994 0.40706245451104034 0.013999999999999988 0.023875790977919416
0 0.78 0.8393330000000002 0.018 0.020666699999999996
0 0.7307499999999995 0.7948068636277599 0.01944385583804303 0.022032609211359112
0 0.636625 0.899333 0.023250000000000003 0.016
0 0.6335 0.882167 0.017500000000000005 0.0203333
0 0.346875 0.346833 0.019250000000000003 0.017
0 0.8644946504566852 0.09829938632492037 0.01698930091337063 0.013931472649840708
0 0.8163750000000001 0.354 0.01475 0.0313333
0 0.00575 0.10916700000000003 0.0115 0.0356667
0 0.484 0.136167 0.023 0.019
0 0.8448750000000002 0.216333 0.019250000000000003 0.0153333
1 0.009375 0.716 0.01875 0.018666700000000005
0 0.8931250000000002 0.491 0.02175 0.0173333
1 0.254 0.2735 0.021 0.018333300000000004
0 0.5181691207109231 0.8824300681861189 0.022915783757063442 0.025983745394322834
0 0.877 0.10199999999999998 0.020500000000000004 0.018666700000000005
0 0.30825 0.9179999999999999 0.013000000000000001 0.0273333
0 0.14512500000000003 0.538333 0.01375 0.0306667
2 0.7775828918785315 0.10349999999999988 0.026165783757063975 0.019666699999999968
0 0.2785 0.7325000000000002 0.014500000000000002 0.0263333
0 0.7717500000000002 0.528333 0.0155 0.0233333
0 0.806125 0.36133299999999996 0.014250000000000002 0.03
0 0.815125 0.417 0.01675 0.0266667
0 0.75475 0.3335 0.016 0.0203333
0 0.6673750000000002 0.888 0.01475 0.032
0 0.895 0.244167 0.019499999999999997 0.015666699999999995
2 0.789 0.818 0.017 0.021999999999999992
0 0.777625 0.490667 0.01775 0.0213333
0 0.355375 0.3815 0.02175 0.0163333
0 0.77625 0.4709999999999999 0.016 0.021999999999999992
0 0.803125 0.0796667 0.01475 0.029333299999999996
0 0.679 0.138167 0.020500000000000004 0.019
0 0.455125 0.581833 0.02075 0.0163333
1 0.095 0.247 0.016 0.026000000000000002
0 0.9616250000000001 0.4453329999999999 0.01975 0.021999999999999992
0 0.7209999999999986 0.37017618176656036 0.017499999999999995 0.01968636353312121
0 0.8967500000000003 0.10266700000000001 0.0255 0.019333300000000005
0 0.713125 0.058333300000000005 0.01475 0.0273333
0 0.945875 0.630833 0.02125 0.0176667
0 0.40275 0.8356670000000002 0.020500000000000004 0.02
0 0.709 0.7566669999999999 0.014500000000000002 0.029333299999999996
0 0.723875 0.35883299999999996 0.023250000000000003 0.0163333
0 0.07975000000000002 0.283 0.015 0.0286667
0 0.31287500000000007 0.8178329999999999 0.01475 0.0316667
0 0.802 0.228167 0.014000000000000002 0.028333299999999995
0 0.542125 0.679833 0.01375 0.0276667
1 0.10737500000000001 0.235 0.01725 0.028000000000000008
2 0.204125 0.609167 0.01675 0.0203333
0 0.6295 0.0853333 0.018 0.020666699999999996
0 0.475625 0.4975 0.01875 0.023
0 0.46875 0.3786669999999999 0.015 0.024666699999999996
0 0.49912500000000004 0.381667 0.01475 0.028000000000000008
0 0.414875 0.07949999999999999 0.01975 0.021666699999999997
0 0.525625 0.8745 0.02025 0.0236667
0 0.882875 0.529167 0.014250000000000002 0.029666699999999997
0 0.38875 0.8575 0.013499999999999998 0.0323333
0 0.772625 0.45 0.015250000000000001 0.0266667
0 0.77275 0.1505 0.013499999999999998 0.031
0 0.378125 0.8511669999999998 0.02175 0.0176667
1 0.44800000000000006 0.40716700000000006 0.0155 0.029666699999999997
0 0.166875 0.0331667 0.01725 0.0276667
0 0.691125 0.252167 0.01825 0.0276667
0 0.02925000000000001 0.615167 0.020500000000000004 0.021
0 0.42524999999999996 0.343167 0.018 0.0236667
0 0.117625 0.11466699999999999 0.015250000000000001 0.034
0 0.8732500000000001 0.0803333 0.0255 0.0166667
0 0.700625 0.785 0.01575 0.021999999999999992
0 0.9418749999999999 0.144833 0.01575 0.028333299999999995
0 0.91775 0.11866699999999998 0.02 0.016
0 0.492875 0.293167 0.01275 0.0323333
0 0.748 0.22949999999999998 0.017500000000000005 0.0236667
0 0.072375 0.7928329999999998 0.01575 0.0343333
0 0.511375 0.315 0.02375 0.02
0 0.252625 0.04449999999999999 0.01575 0.0323333
0 0.915375 0.8956669999999999 0.02125 0.0166667
0 0.78625 0.714667 0.014500000000000002 0.0326667
0 0.49700000000000005 0.331167 0.014500000000000002 0.029666699999999997
0 0.945 0.11916699999999998 0.017 0.0316667
0 0.8965 0.877333 0.016 0.029333299999999996
0 0.7133749999999999 0.15883299999999997 0.014250000000000002 0.030333300000000004
0 0.607375 0.283833 0.015250000000000001 0.0323333
0 0.8855 0.138 0.022 0.018000000000000002
0 0.5675 0.5145 0.019 0.0236667
0 0.9113749999999999 0.134167 0.02275 0.0203333
0 0.67875 0.7171670000000002 0.021 0.019
0 0.38512500000000005 0.898667 0.02175 0.018000000000000002
0 0.86575 0.32683299999999993 0.014000000000000002 0.027000000000000003
0 0.9135 0.100333 0.017 0.0266667
0 0.715375 0.4530000000000001 0.02275 0.02
0 0.6011250000000001 0.897667 0.01775 0.0233333
0 0.22974999999999998 0.239333 0.014000000000000002 0.034
0 0.455875 0.7731670000000002 0.02375 0.0196667
0 0.678375 0.3295 0.01625 0.0276667
0 0.345375 0.598667 0.019250000000000003 0.022666699999999998
0 0.255125 0.884333 0.01725 0.0326667
0 0.931 0.24066700000000002 0.022 0.02
0 0.91025 0.6679999999999999 0.014500000000000002 0.0313333
0 0.299375 0.4215 0.02375 0.018333300000000004
0 0.36675 0.220833 0.020500000000000004 0.0196667
0 0.760875 0.456 0.01675 0.028000000000000008
0 0.744375 0.7575 0.01475 0.027000000000000003
0 0.06525 0.52 0.017 0.0233333
0 0.784875 0.7993330000000001 0.02175 0.019333300000000005
0 0.228625 0.0683333 0.01625 0.0273333
0 0.787875 0.457833 0.01975 0.021666699999999997
0 0.9512500000000002 0.2675 0.0215 0.021666699999999997
0 0.6927499999999999 0.490333 0.0225 0.022666699999999998
0 0.8591250000000001 0.220833 0.01875 0.025
0 0.2225 0.653 0.017 0.029333299999999996
0 0.15024999999999997 0.6664999999999998 0.0155 0.0263333
0 0.03237500000000001 0.0795 0.015250000000000001 0.028333299999999995
0 0.42075 0.276667 0.0215 0.02
1 0.769 0.501333 0.021 0.019333300000000005
0 0.4805 0.8420000000000001 0.0165 0.0313333
0 0.881875 0.606 0.01575 0.0313333
0 0.02625 0.7605 0.018 0.0203333
1 0.6405775423352168 0.5767192727444799 0.022 0.02
0 0.13025000000000003 0.2835 0.017 0.031
0 0.7588750000000001 0.322167 0.02125 0.0176667
0 0.9013750000000001 0.216833 0.024250000000000004 0.0176667
0 0.48499999999999993 0.331167 0.015 0.0256667
2 0.0535 0.592167 0.014000000000000002 0.0276667
1 0.344125 0.2085 0.01325 0.023
0 0.27225 0.775833 0.019499999999999997 0.025
0 0.704625 0.551 0.01875 0.0233333
0 0.5575 0.262333 0.016 0.032
0 0.21349999999999997 0.07000000000000002 0.015 0.028000000000000008
0 0.407625 0.8511669999999999 0.019250000000000003 0.0236667
0 0.240625 0.171667 0.02275 0.02
0 0.247375 0.19683299999999998 0.02375 0.0223333
0 0.685375 0.157667 0.02175 0.019333300000000005
0 0.01 0.363 0.017500000000000005 0.026000000000000002
0 0.86175 0.24833300000000003 0.022 0.018000000000000002
0 0.73675 0.921667 0.014500000000000002 0.0286667
0 0.46537500000000004 0.8269999999999998 0.02575 0.018666700000000005
0 0.462625 0.356667 0.01675 0.026000000000000002
0 0.67925 0.7710000000000001 0.0215 0.020666699999999996
0 0.370375 0.09700000000000002 0.01975 0.020666699999999996
0 0.806 0.798167 0.017500000000000005 0.025
0 0.066875 0.31683300000000003 0.02375 0.018333300000000004
0 0.4781250000000001 0.1545 0.01575 0.030333300000000004
0 0.59875 0.6171670000000001 0.021 0.023
0 0.07312500000000001 0.25049999999999994 0.024250000000000004 0.0203333
1 0.16925 0.6941669999999999 0.014000000000000002 0.029666699999999997
0 0.373625 0.06766669999999998 0.01825 0.0213333
0 0.43799999999999994 0.600333 0.023 0.02
0 0.6807500000000001 0.0425 0.0215 0.021666699999999997
0 0.9286250000000001 0.144333 0.014250000000000002 0.0273333
0 0.4105 0.3455 0.0165 0.0263333
0 0.526875 0.6965 0.01825 0.0263333
0 0.447875 0.6793330000000001 0.02075 0.0213333
0 0.860125 0.0261667 0.02075 0.0203333
0 0.43200000000000005 0.3193329999999999 0.02 0.020666699999999996
0 0.9131249999999999 0.255167 0.01875 0.019
0 0.287625 0.108667 0.01875 0.0213333
0 0.35875 0.125667 0.020500000000000004 0.0233333
0 0.45425000000000004 0.30949999999999994 0.022 0.018333300000000004
0 0.401375 0.764667 0.02125 0.0213333
0 0.659 0.8533329999999998 0.020500000000000004 0.024
0 0.867125 0.395 0.02275 0.02
0 0.188875 0.6984999999999999 0.01375 0.0336667
0 0.157875 0.6243329999999999 0.02025 0.0273333
0 0.50475 0.9016670000000001 0.018499999999999996 0.025333300000000003
0 0.6172499999999999 0.253167 0.019499999999999997 0.021666699999999997
0 0.782875 0.0396667 0.01725 0.025333300000000003
0 0.818125 0.152333 0.02125 0.020666699999999996
2 0.45475 0.8533329999999998 0.019499999999999997 0.024
0 0.97425 0.275667 0.023 0.021999999999999992
0 0.398375 0.047666699999999985 0.02275 0.024
0 0.206625 0.648667 0.02275 0.019333300000000005
2 0.7047670382581463 0.0528767054101119 0.014986652184560476 0.024728409495276216
2 0.7603754055745418 0.08128806951106754 0.014197881016951998 0.01525795479495766
2 0.7600163722551304 0.2704340953313186 0.03983294396422657 0.02630681861199596
3 0.7205778138747079 0.38539489266574095 0.013014724265539335 0.011048863817038353
2 0.435634229576157 0.3730306879181029 0.011831567514126666 0.01367954567823786
2 0.27133728165730536 0.5761193276027118 0.014986652184560476 0.03367272782335486
0 0.683273023940816 0.45984318933768953 0.018536122438798475 0.015784091167197613
0 0.7771721451506117 0.824981831672193 0.023663135028253256 0.019993182145117912
