0 0.10074759004453332 0.05046126115573772 0.02079487623694995 0.020567149096651395
1 0.18948434640048353 0.1176632250645638 0.015416891003255901 0.028698347576722877
1 0.227847307734167 0.1253161177516899 0.016133955701081858 0.02678512440494136
1 0.08380693655839737 0.20387784424296876 0.017747351271190034 0.026832954984235897
0 0.12580900123354713 0.2122960261988075 0.01893050802260269 0.0215715912618367
0 0.1792482478390193 0.20282557149848887 0.02169120710923226 0.0215715912618367
0 0.17352965687385813 0.21703125354896674 0.01971927919021114 0.019467045772876997
0 0.27528113749534766 0.13258636580445973 0.015775423352168905 0.029463636845435473
0 0.2508292312994858 0.2012471623817692 0.016564194519777333 0.024728409495276205
0 0.25319554480231116 0.21650511717672685 0.01419788101695205 0.024728409495276205
0 0.26680184744355684 0.21413750350164718 0.016958580103581616 0.03051590958991532
1 0.34705931374771615 0.06524091015775 0.020508050357819618 0.02104545488959677
0 0.3375940597364149 0.08181420588330747 0.01971927919021114 0.013153409305997999
0 0.31353653912435725 0.08365568318614719 0.020508050357819618 0.01683636391167743
3 0.34074914440684867 0.22413409457420566 0.012620338681735142 0.018940909400637095
1 0.3545526398399964 0.2265017082492853 0.01340910984934357 0.024728409495276205
0 0.3669757857298295 0.2207142081546462 0.014592266600756288 0.029989773217675417
0 0.523744055292008 0.021308523075716738 0.021296821525428 0.016310227539437505
2 0.5491819254473803 0.04840454624607259 0.02957891878531676 0.05050909173503227
0 0.5079686319398391 0.08049886495270765 0.021296821525428 0.016836363911677414
0 0.5395194786441769 0.08891704690854638 0.01893050802260276 0.014731818422717756
1 0.49653145000951665 0.09970284253946472 0.015775423352168853 0.018414773028397172
1 0.49120724462815957 0.11732841100950205 0.02405752061205762 0.0220977276340766
1 0.6335804403814841 0.1523164797634567 0.020113664774015338 0.020519318517356847
0 0.5692955902213959 0.17441420739753327 0.020902435941623807 0.018414773028397155
3 0.652708141195989 0.16731136637229432 0.010254025178909809 0.01999318214511694
0 0.6775544329756549 0.11469772914830244 0.017352965687385716 0.025254545867516135
0 0.6730189987619064 0.1336386385489395 0.016958580103581616 0.024202273123036286
1 0.6424541160170792 0.16126079809153526 0.018141736854994282 0.0215715912618367
0 0.6377214890114284 0.22387102638808545 0.01656419451977741 0.027885227728715694
2 0.711471593182818 0.04735227350159275 0.014986652184560476 0.018940909400637102
0 0.6907663500330965 0.04682613712935283 0.013803495433147808 0.02735909135647581
2 0.7035838815067337 0.1312710248738599 0.014986652184560476 0.03735568242903428
0 0.7956729153250197 0.11759147919562199 0.011437181930322475 0.023676136750796373
0 0.7607697911583461 0.11732841100950203 0.016564194519777333 0.023150000378556454
0 0.7410505119681348 0.12890341119878024 0.013409109849343617 0.029463636845435494
0 0.7246835102402595 0.1375846613407389 0.018536122438798475 0.025780682239756037
0 0.7516989227308488 0.1554732979968962 0.014986652184560476 0.025780682239756058
0 0.7869964324813268 0.17494034376977324 0.015381037768364756 0.028937500473195564
0 0.713049135518035 0.1599454571609355 0.019719279190211048 0.02209772763407663
0 0.7493326092280235 0.176255684700373 0.01971927919021114 0.01788863665615728
0 0.7140350994775456 0.19914261689280952 0.020113664774015428 0.01736250028391734
1 0.9163902562335049 0.07970966039434779 0.018141736854994282 0.01315340930599798
0 0.9445888254755067 0.1720465937224537 0.01695858010358171 0.023150000378556454
0 0.9424197047645835 0.19809034414832968 0.01577542335216876 0.015257954794957675
0 0.938278656134639 0.24307500397484275 0.020902435941623995 0.018940909400637095
0 0.9110660508521475 0.28542898194015626 0.016169808935973144 0.026832954984235897
3 0.8757685411016698 0.3327812554417491 0.013409109849343617 0.027885227728715715
1 0.7430577921515487 0.23781364025244361 0.020113664774015338 0.01367954567823792
1 0.7708619758097464 0.35277443758686594 0.013409109849343523 0.025780682239756027
0 0.7600163722551304 0.28227216370671676 0.013803495433147808 0.0215715912618367
0 0.7592276010875219 0.3112096641799123 0.024846291779666088 0.01631022753943749
0 0.7326065741807369 0.3043698913407934 0.01735296568738581 0.02578068223975609
0 0.7140704517419383 0.29305795933763507 0.014197881016951998 0.02735909135647581
0 0.7055911616901475 0.3185755733912712 0.022479978276840763 0.019467045772876997
0 0.6665469888935295 0.30410682315467347 0.016958580103581523 0.02630681861199596
0 0.6803504843266772 0.3164710279023115 0.015381037768364756 0.028937500473195595
0 0.6900129311298808 0.319890914321871 0.011042796346518191 0.02735909135647584
0 0.12277223223825462 0.2360899956844562 0.014750020834277946 0.03183125052051511
1 0.15986419639504176 0.24129874576963148 0.018654438113939756 0.02372875038802037
1 0.25639006803112535 0.25113749593051793 0.024294151962340124 0.020256250331236913
1 0.1707097999496579 0.28007499640371347 0.022125031251416908 0.01794125029338122
0 0.2850224614153119 0.2401412457507036 0.019088262256124398 0.01909875031230908
0 0.28870996662388143 0.2606868710866725 0.013448548407724028 0.024307500397484284
0 0.2748275940739727 0.2939649966308474 0.01518384497646257 0.03183125052051517
0 0.24749667311634016 0.3327412472649295 0.02038973468267834 0.015626250255525626
0 0.2535702111069252 0.35212937258197047 0.016051493260831908 0.02662250043533988
0 0.20736793996426045 0.23927312073650775 0.014750020834277946 0.028937500473195564
0 0.19543777605418267 0.23522187067026037 0.016051493260831867 0.026622500435339938
0 0.19088262256124391 0.22219999545732239 0.014750020834277924 0.028358750463731687
0 0.026246360602171045 0.2980162466970948 0.016051493260831877 0.02025625033123688
0 0.05900008333711176 0.34229062242108393 0.018220613971755097 0.025465000416412108
0 0.19218409498779784 0.2728406212854146 0.022558855393601532 0.01736250028391737
0 0.2665849353724644 0.2331962456371362 0.02125738296704774 0.01331125021767025
0 0.2809011320645578 0.2250937455046419 0.014316196692093322 0.02372875038802037
0 0.43295649390027596 0.23232812062294084 0.013882372549908628 0.028937500473195564
0 0.6075707111295957 0.26300187112452816 0.021257382967047635 0.01620500026498951
0 0.5939052506507793 0.2696574962333631 0.014750020834278017 0.026043750425876023
2 0.4906551048108338 0.33881812236430053 0.02082355882486299 0.021992500359628617
2 0.48935363238427987 0.35068249755831077 0.03383828309040232 0.057296250936927216
0 0.5138646964177123 0.3469206224967953 0.012580900123354687 0.028937500473195595
1 0.4624565355688318 0.36572999780437243 0.019088262256124398 0.016783750274453394
1 0.6093060076983343 0.33389874728385727 0.013448548407723984 0.028358750463731618
1 0.6385891372957979 0.3110381219100329 0.015617669118647308 0.024307500397484284
0 0.5997618765702721 0.39756124832488754 0.015183844976462664 0.0248862504069482
2 0.35248211552502423 0.36225749774758886 0.01518384497646257 0.0214137503501647
1 0.35508506037813214 0.3903268732065887 0.011713251838985438 0.028937500473195595
0 0.3750409709186258 0.401323123386403 0.021257382967047635 0.01736250028391737
0 0.7036627586234947 0.3602318727144652 0.01735296568738581 0.027780000454267772
0 0.7587584246809448 0.33823937235483664 0.013014724265539335 0.027780000454267772
0 0.7377179537849892 0.40508499844791834 0.01691914154520116 0.01678375027445346
0 0.6661369703245228 0.4484912491577117 0.01518384497646257 0.0248862504069482
0 0.7431407555622974 0.4181068736608563 0.019088262256124398 0.01967750032177297
0 0.7652657868137144 0.4279456238217429 0.016485317403016415 0.024307500397484284
0 0.8546335601037512 0.4160812486277327 0.013014724265539427 0.026043750425876023
0 0.8772277677617453 0.4210006237081758 0.013014724265539235 0.028937500473195595
0 0.9112829629232402 0.43054999886433043 0.01258090012335459 0.0248862504069482
3 0.6978414849683945 0.46758999947002083 0.01171325183898539 0.028358750463731618
1 0.7475143492485362 0.544853125733453 0.019955910540493605 0.01736250028391731
1 0.793716620391201 0.6224056270016171 0.01691914154520116 0.021992500359628617
1 0.8041283998036325 0.6186437519401017 0.015183844976462664 0.022571250369092535
0 0.896532942088962 0.674782502858101 0.019522086398308953 0.020256250331237003
0 0.8707204056289756 0.6915662531325546 0.016485317403016606 0.016783750274453394
0 0.8451247812400815 0.6817275029716678 0.010411779412431542 0.0248862504069482
0 0.8201798930644645 0.6389000022713386 0.010845603554616095 0.028358750463731687
0 0.8156247395715256 0.6160393768975141 0.018220613971755104 0.01620500026498948
0 0.7928489721068318 0.5879700014385143 0.022125031251416932 0.01794125029338122
0 0.9134520836341632 0.7503093790931413 0.017786789829570552 0.023150000378556454
0 0.8880733713163614 0.7607268792634919 0.013014724265539427 0.027780000454267772
3 0.8698527573446063 0.7456793790174302 0.015617669118647308 0.01852000030284501
0 0.8290732879792496 0.7332362538139562 0.019955910540493692 0.015626250255525564
0 0.9882867481610146 0.5668456260930815 0.021691207109232377 0.015047500246061649
0 0.7865585220451545 0.714716253511111 0.013014724265539427 0.027201250444803857
0 0.7058672315988105 0.7300531287619045 0.01735296568738581 0.02083500034070079
0 0.7557570079500444 0.7549393791688521 0.013882372549908617 0.02662250043533982
0 0.6802716072099163 0.726580628705121 0.013882372549908628 0.026622500435339938
0 0.6614002570248843 0.5619262510126384 0.01171325183898539 0.02951625048265939
0 0.6095582720338192 0.5260437504258758 0.015617669118647214 0.028358750463731687
0 0.6420950826976676 0.5871018764243187 0.011279427696800837 0.027780000454267772
0 0.6195362273040661 0.6076475017602874 0.01822061397175501 0.0248862504069482
0 0.5260471246632751 0.5596112509747827 0.022125031251416932 0.022571250369092535
0 0.5802751424363558 0.6377425022524108 0.01171325183898539 0.03183125052051517
0 0.5501243645545228 0.6765187528864928 0.019955910540493605 0.02025625033123688
0 0.524094916023444 0.6785443779196165 0.019955910540493692 0.016205000264989604
0 0.4676977775394402 0.5364612505962263 0.012147075981170036 0.01794125029338128
0 0.4614073274777628 0.5109962501798142 0.016919141545201254 0.02372875038802037
0 0.45273084463407004 0.49218687487223695 0.017786789829570455 0.023150000378556454
2 0.4412345048661768 0.5318312505205148 0.013014724265539427 0.04919375080443247
2 0.425833747818622 0.5682925011167413 0.01691914154520121 0.030673750501587282
1 0.4201940339702216 0.5338568755536387 0.013448548407724028 0.025465000416412108
3 0.442102153150546 0.6241418770300089 0.01822061397175501 0.015047500246061649
1 0.44622348250130023 0.6024387516751122 0.013448548407723984 0.0248862504069482
0 0.4410175927950845 0.5931787515236897 0.012580900123354779 0.0248862504069482
0 0.425833747818622 0.6171968769164419 0.01691914154520121 0.026622500435339938
0 0.4136866718374519 0.5876806264337824 0.021257382967047635 0.017362500283917434
0 0.40652857349140525 0.5549812508990715 0.019088262256124398 0.01794125029338122
0 0.41628961669055975 0.4907399998485772 0.014316196692093275 0.022571250369092535
0 0.4093484304156055 0.5046300000757111 0.011713251838985438 0.026043750425876023
0 0.3987197389320816 0.4953699999242885 0.012147075981170036 0.03298875053944299
0 0.4303889013115606 0.5402231256577416 0.012147075981170121 0.028937500473195706
0 0.526697860876552 0.47424562457885583 0.019088262256124398 0.01620500026498954
0 0.5143338728242896 0.43662687396370153 0.01258090012335459 0.030095000492123367
0 0.5121647521133664 0.4620918743801136 0.01865443811393966 0.013890000227133886
0 0.4778926448807794 0.4372056239731654 0.022992679535786133 0.01736250028391737
0 0.4535984929184393 0.4508062491955673 0.01171325183898539 0.026043750425876023
0 0.3928631130125889 0.4262093737933511 0.019522086398309046 0.015047500246061649
0 0.2972048896608746 0.4108724985425575 0.01301472426553938 0.022571250369092598
0 0.27898427568911954 0.4386524989968252 0.011279427696800787 0.0248862504069482
0 0.3514329074339553 0.5465893757618446 0.01735296568738581 0.03241000052997908
0 0.32887405204035375 0.5697393761404012 0.01735296568738581 0.027780000454267772
0 0.3117379984240603 0.5735012512019165 0.01518384497646257 0.027201250444803857
0 0.31846227262792226 0.5983875016088648 0.02169120710923224 0.015626250255525564
0 0.2998078345139825 0.5726331261877207 0.019955910540493643 0.026622500435339938
0 0.2930835603101205 0.5150475002460615 0.013448548407723984 0.028358750463731618
0 0.26401734278374933 0.5350143755725665 0.025595624388894064 0.016205000264989604
0 0.17938628279335084 0.4059531234621142 0.024727976104524797 0.01736250028391731
1 0.09782734406263752 0.478875624654567 0.018654438113939756 0.01967750032177297
0 0.14294505484984063 0.45514687426654676 0.014316196692093297 0.03125250051105125
0 0.0774376093799592 0.4308393738690624 0.016051493260831877 0.025465000416412108
0 0.07179789553155878 0.43894187400155715 0.019522086398309036 0.024307500397484284
0 0.04750374356921865 0.5335675005489068 0.016051493260831877 0.028358750463731618
0 0.013448548407724002 0.5405125006624737 0.023426503677970844 0.014468750236597798
0 0.06225376440349659 0.5978087515994008 0.01952208639830904 0.027201250444803857
0 0.023144517985550835 0.6435589398475231 0.014793403248496406 0.028011500458053357
0 0.08589718015255977 0.7164525035395026 0.014316196692093297 0.031194625510104764
0 0.2376488650887487 0.6569280650661394 0.020997088481736866 0.021645250353950304
0 0.15556933738741383 0.7613345667734293 0.019088262256124398 0.025465000416412108
0 0.25315807817184977 0.723137066148811 0.017656642586915072 0.031831250520515046
0 0.26866729125495104 0.7298216287581192 0.02004267536893042 0.027374875447643162
0 0.3213986157374946 0.7724755044556092 0.013838990135690319 0.02482837540600175
1 0.29205041251870323 0.7934841297991494 0.01145295735367462 0.02864812546846364
1 0.32784090424893647 0.7880728172106619 0.012407370466480857 0.022918500374770986
0 0.24265953393098136 0.8272252553508953 0.02242870815094615 0.015915625260257523
0 0.2355014355849347 0.8456873806527941 0.021474295038139912 0.02610162542682239
0 0.2951522551353234 0.8211773177519975 0.02147429503813996 0.01909875031230905
0 0.34311151405383605 0.7925291922835342 0.019088262256124398 0.020372000333129733
0 0.34573615011405306 0.8129011926166636 0.013838990135690182 0.021645250353950304
0 0.33380598620397534 0.8533268807777178 0.017656642586915072 0.02482837540600183
0 0.2937206354661141 0.8772003186681041 0.012884577022883995 0.031831250520515046
0 0.07348980968607892 0.9248782487715844 0.014316196692093297 0.025465000416412108
0 0.07611444574629603 0.9621208118805871 0.018611055699721282 0.021008625343539894
0 0.2576915404576794 0.9051428734488647 0.012407370466480857 0.026738250437232797
1 0.26174779618710575 0.9175570611518659 0.01193016391007776 0.02610162542682239
1 0.2457613765476016 0.9312444988756876 0.012407370466480857 0.030558000499694607
1 0.2767798027138037 0.9169204361414555 0.012407370466480857 0.02482837540600183
0 0.32784090424893647 0.907689373490506 0.014316196692093275 0.026738250437232672
0 0.33452179603858 0.9321994363913028 0.02099708848173682 0.019735375322719333
0 0.39560423525817795 0.7561726210128541 0.01622502291770574 0.028011500458053232
0 0.46026572365079943 0.7841841214709073 0.019565468812527492 0.021645250353950304
3 0.4993966612758544 0.7746347463147529 0.014793403248496368 0.015279000249847366
2 0.5110882219077305 0.8093308093821143 0.013361783579287093 0.010822625176975277
0 0.5048845366744902 0.8249281221371669 0.013361783579287093 0.025465000416412108
0 0.5418680447957311 0.8876356856625818 0.015747816361302645 0.02610162542682239
0 0.6196527134894381 0.8685369353502727 0.01670222947410884 0.023555125385181272
0 0.6609310806183072 0.8640805602774004 0.01622502291770565 0.027374875447643075
2 0.647092090482617 0.9060978109644802 0.008589718015255965 0.015915625260257523
0 0.6194141102112365 0.8987766233447619 0.01813384914331812 0.022918500374770986
0 0.5941221627218717 0.9232866862455587 0.01908826225612449 0.02228187536436058
0 0.518962130088382 0.9286979988340459 0.01670222947410884 0.026738250437232672
0 0.4962948186592342 0.9427037490630729 0.012407370466480806 0.026738250437232672
0 0.5285062612164441 0.9554362492712788 0.0128845770228839 0.030558000499694482
0 0.7843026365057946 0.7800460589032404 0.01049854424086834 0.026101625426822515
0 0.758294879181825 0.8475283100067326 0.02147429503813996 0.019735375322719333
0 0.9088535477270061 0.7946884341426774 0.014316196692093181 0.02864812546846364
0 0.9100465641180139 0.8188801845382688 0.02147429503813996 0.01718887528107821
0 0.7747585053777323 0.9487516866619707 0.01622502291770574 0.027374875447643075
