1 0.22472090565164626 0.0581643759511231 0.022558855393601574 0.019098750312309076
0 0.10129793720011467 0.19764312823192573 0.015183844976462593 0.03530375057729859
2 0.12385679259371621 0.17275687782497756 0.014316196692093275 0.0665562510883498
0 0.27222464922086487 0.19156625313255465 0.02472797610452477 0.015047500246061683
0 0.27244156129195723 0.1470025024038335 0.016485317403016512 0.03125250051105123
0 0.07158098346046647 0.30789500503480083 0.01735296568738581 0.03241000052997902
0 0.14034210999673274 0.274038129481162 0.023860327820155475 0.020256250331236913
0 0.17526495344259668 0.29834562987864627 0.014750020834277946 0.026043750425875964
0 0.07852216973542078 0.3677956310143156 0.016485317403016512 0.03183125052051511
0 0.08763247672129836 0.4193043818566038 0.02169120710923226 0.026043750425875964
0 0.17765098622461223 0.430300632036418 0.021257382967047614 0.02025625033123688
2 0.12515826502027014 0.247994379055286 0.014316196692093297 0.027201250444803825
0 0.22211796079853838 0.44621625729667563 0.013882372549908628 0.024307500397484284
0 0.2895776149082507 0.40744000666259356 0.01691914154520116 0.01967750032177297
0 0.34575784132116216 0.43695625714525305 0.021691207109232283 0.018520000302845136
0 0.2995555701784976 0.3686637560285115 0.008242658701508256 0.021992500359628617
0 0.33382767741108454 0.326415005337646 0.021257382967047635 0.015047500246061713
0 0.3540005000226706 0.41756813182821206 0.019088262256124398 0.02372875038802037
0 0.36571375186165594 0.30326500495908965 0.014750020834277924 0.027780000454267772
2 0.3704858174256871 0.33712188051272834 0.029500041668555892 0.02372875038802037
0 0.39781673838331977 0.3229425052808626 0.018220613971755104 0.02083500034070079
0 0.4093130781512129 0.35766750584869716 0.016051493260831908 0.021992500359628617
0 0.5171183774840972 0.3481181306925427 0.011279427696800648 0.026043750425876023
0 0.5060558618583887 0.2963200048455226 0.02038973468267834 0.01736250028391731
0 0.49781320315688043 0.23931312891332734 0.02125738296704773 0.02025625033123688
0 0.4735190511945403 0.25899062923510036 0.01691914154520116 0.02025625033123688
0 0.49065510481083385 0.261595004277688 0.014750020834277924 0.027780000454267772
0 0.39781673838331977 0.39875875652063486 0.014750020834277924 0.027780000454267772
0 0.4244969231276754 0.4638681325853249 0.017786789829570503 0.016783750274453394
2 0.5420632656597142 0.42885375701275835 0.04468388664501842 0.024307500397484284
1 0.5798059660297784 0.48094125786451036 0.01691914154520116 0.018520000302845136
2 0.5988942282859028 0.5414206338534892 0.017786789829570455 0.01678375027445346
0 0.10585309069305344 0.4855712579402216 0.020823558824862975 0.015047500246061649
0 0.12298914430934692 0.5098787583377059 0.021257382967047614 0.02083500034070079
0 0.08915086121894461 0.5153768834276131 0.017786789829570455 0.01678375027445346
0 0.09240454228532943 0.5272412586216233 0.014750020834277934 0.015047500246061713
0 0.17743407415351992 0.5038018832383349 0.021691207109232283 0.014468750236597798
0 0.2019451381869524 0.4928056330585205 0.013448548407724003 0.027201250444803857
0 0.21105544517282993 0.5058275082714585 0.020389734682678316 0.01620500026498948
2 0.23795254198827787 0.5064062582809224 0.01691914154520116 0.011575000189278227
0 0.17114362409184256 0.5816437595112309 0.016919141545201185 0.01736250028391731
0 0.1657208223145345 0.6253393852257563 0.01735296568738581 0.016783750274453394
0 0.10563617862196112 0.6557237607226115 0.019522086398309036 0.023150000378556454
0 0.27808127514035763 0.6001637598140761 0.012147075981170086 0.03356750054890692
0 0.32818796356268415 0.6134750100317459 0.016051493260831867 0.023150000378556454
0 0.30020630639177454 0.6285225102778077 0.013014724265539335 0.025465000416412108
0 0.06312141268786589 0.7205437617825696 0.009110306985877552 0.026622500435339938
1 0.19218070226433084 0.6629398337266843 0.011852309054972874 0.028461171150468964
0 0.20655162699348548 0.6791468895207015 0.015111694045090433 0.03083293541300798
0 0.228182091018811 0.6977257095772578 0.018667386761582277 0.014230585575234482
0 0.1782542391247377 0.7008880619273099 0.017185848129710697 0.027670583062956042
1 0.3287785641228934 0.7578104042282477 0.018371079035207995 0.022927054537877755
0 0.24877547800182648 0.8062339245884205 0.01896369448795661 0.0209505843190952
0 0.3157410241624232 0.9078964878047323 0.0213341562989512 0.018974114100312647
0 0.2976662528535896 0.9547388319898792 0.017185848129710725 0.03043764136925152
2 0.4462645776303122 0.9697600056526267 0.012148616781347203 0.016207055794017038
0 0.46982104187707086 0.8867482564637588 0.02014892539345388 0.020159996231582277
0 0.483747505016664 0.8397082652567337 0.01955630994070522 0.014625879618990945
1 0.42774534473191705 0.7300141681143014 0.010667078149475507 0.028461171150468964
0 0.4735248884567499 0.7349553436612577 0.021630464025325577 0.02332234858163422
0 0.5013778147359362 0.7367341668581621 0.021037848572576914 0.022927054537877755
0 0.5227119710348874 0.7402918132519707 0.009778154970352657 0.026879994975442866
0 0.4701173496034452 0.7760659242119351 0.020148925393453972 0.020159996231582152
0 0.49071073658646064 0.7572894571335007 0.022223079478074143 0.01502117366274753
0 0.5078965847161712 0.7592659273522834 0.018074771308833622 0.025298818800416897
0 0.5201933553607057 0.775868277190057 0.01896369448795656 0.018183526012799597
1 0.5073039692634226 0.7865412163714827 0.013333847686844426 0.027670583062955917
0 0.514119046970032 0.8096659179312389 0.013333847686844525 0.027275289019199452
0 0.5013778147359362 0.808282388778091 0.015111694045090414 0.026879994975442995
0 0.44848688557811967 0.8278494439440384 0.01303753996047024 0.02648470093168641
0 0.3554462594965825 0.6958212333293631 0.01185230905497292 0.033599993719303584
2 0.34389025816798396 0.6628141806756941 0.01777846358245934 0.04111058055067735
0 0.3738173385317905 0.6220988941687732 0.013630155413218855 0.02292705453787788
0 0.3935218023356829 0.6159718364905473 0.013333847686844473 0.028065877106712503
0 0.38922534030325523 0.5900800766244956 0.016593232676962066 0.025298818800416897
1 0.3422605656729252 0.5705130214585483 0.02222307947807419 0.0162070557940171
0 0.35292764382240077 0.592056546843278 0.012741232234095866 0.025298818800416897
0 0.35885379834988723 0.6066824264622691 0.01807477130883366 0.016602349837773624
2 0.3895216480296295 0.6341553625033468 0.01777846358245934 0.013835291531477896
0 0.42656011382641984 0.6430494784878684 0.01185230905497292 0.028461171150468964
0 0.4773768888996161 0.6525365355380246 0.012741232234095866 0.020555290275338613
0 0.48256227411116676 0.5630024346271744 0.016000617224213448 0.024903524756660314
2 0.3895112929025192 0.09740045238160494 0.058668929822115794 0.016523291029022263
0 0.47767765688519875 0.12457691788986525 0.012711601461458399 0.03000281792111938
3 0.49022628909715116 0.14262209098735007 0.012385662962446743 0.014783997236493603
0 0.5550880504004904 0.12696844685459216 0.018252555944658223 0.02261081930287258
0 0.5650291746203492 0.18110396614704666 0.019882248439717063 0.01695811447715442
0 0.5943636395314068 0.1784950254582537 0.015319109453552386 0.022175995854740397
0 0.6080530564899006 0.1571886764997776 0.01597098645157598 0.02478493654353341
2 0.6347800134088646 0.2237166640639988 0.02118600243576406 0.021306348958476096
0 0.6426025373851466 0.213498313032893 0.010755970467387905 0.026089406887929885
0 0.6813892187675453 0.1780602020101215 0.014667232455528985 0.023915289647269095
0 0.6968712974706038 0.15849314684417412 0.02151194093477581 0.01956705516594743
0 0.7444583183263199 0.1337082103006407 0.013689416958493645 0.021306348958476096
0 0.7596144585303665 0.1350126806450372 0.024445387425881548 0.016088467580890106
0 0.7550513195442019 0.17327714408066772 0.017274740447622977 0.026524230336062042
0 0.7946528471741303 0.16110208753296706 0.018252555944658223 0.016088467580890074
0 0.6597143085832637 0.2380658378523603 0.011081908966399651 0.025654583439797728
0 0.6872561117497571 0.23371760337103858 0.009452216471340815 0.023915289647269033
0 0.5765999913352663 0.27046018473820654 0.013689416958493645 0.019132231717815272
0 0.6197868424543238 0.2861138288709645 0.018578494443669973 0.014783997236493603
0 0.6344540749098528 0.27741735990832117 0.01531910945355248 0.01826258482155093
0 0.6447211376287231 0.26937312611787617 0.016948801948611227 0.01087058620330412
1 0.6813892187675453 0.2604592454311668 0.013363478459481892 0.026089406887929885
0 0.708442114185521 0.25806771646643983 0.018578494443669973 0.02304564275100475
0 0.7216426233954971 0.27806959508051937 0.017600678946634727 0.012609879995832816
0 0.7074642986884859 0.29241876886888085 0.023793510427858145 0.018697408269683087
0 0.6919822199854275 0.2798088888730481 0.022815694930822805 0.017827761373418773
0 0.6890487734943217 0.3256827626509915 0.012385662962446743 0.026089406887929822
0 0.6745445102882985 0.3669909902235471 0.014015355457505395 0.03043764136925152
0 0.7069753909399681 0.3663387550513489 0.02411944892686989 0.01782776137341871
0 0.7726519984908368 0.3972112198687326 0.014667232455528891 0.014349173788361445
0 0.7304429628688145 0.38873216263015536 0.015645047952564228 0.022610819302872624
0 0.7164276074113092 0.3809053405637764 0.016948801948611227 0.024350113095401315
1 0.821379804093094 0.45286862122964977 0.016948801948611227 0.016958114477154392
1 0.7675999517561545 0.4872196736320907 0.013689416958493645 0.022175995854740397
1 0.7077902371874975 0.5122220218996902 0.02053412543774056 0.01652329102902223
1 0.7205018386489557 0.5798370680842418 0.02118600243576406 0.01782776137341871
1 0.8459881607684813 0.5511387205075191 0.021837879433787555 0.013479526892097131
0 0.705834606193427 0.48113214535824045 0.01988224843971697 0.01087058620330412
0 0.7343542248569556 0.48504555639142993 0.02020818693872872 0.016088467580890137
0 0.7293021781222733 0.49917731845572527 0.01597098645157598 0.013044703443964911
0 0.781289368714648 0.49895990673165924 0.011081908966399651 0.023915289647269095
0 0.8329506208080112 0.5207010791382674 0.013363478459481985 0.02043670206221172
0 0.8675001017032572 0.5489646032668581 0.013363478459481985 0.02739387723232642
0 0.6593883700842521 0.558965542573898 0.01173378596442315 0.026524230336062105
1 0.7982381706632594 0.5946210653207354 0.013689416958493645 0.026524230336062105
1 0.8412620525328109 0.6415819977190094 0.02020818693872872 0.016088467580890074
1 0.7156127611637797 0.6741937563289216 0.018578494443670067 0.021306348958476096
1 0.6602032163317813 0.6976742225280586 0.01792661744564648 0.01869740826968302
0 0.6691665250546046 0.6844121073600276 0.016948801948611227 0.021741172406608115
0 0.6971972359696156 0.6728892859845251 0.011081908966399651 0.02304564275100472
0 0.7395692408411436 0.6876732832210187 0.01955630994070522 0.020436702062211775
0 0.7330504708609085 0.7072403383869663 0.020208186938728813 0.020436702062211657
0 0.8248021583327174 0.5737495398103917 0.02053412543774056 0.014349173788361445
0 0.8427287757783637 0.5941862418726035 0.017274740447622977 0.01956705516594746
0 0.8446844067724345 0.6204930604845993 0.01727474044762307 0.02435011309540119
0 0.8225205888396353 0.6000563584223877 0.014015355457505487 0.02869834757672289
0 0.8340914055545525 0.6117965915219561 0.022815694930822805 0.01913223171781518
0 0.7786818607225541 0.6602794059886925 0.014993170954540738 0.028263524128590737
0 0.709745868181568 0.572227657741929 0.019230371441693567 0.02174117240660824
2 0.7759113834809542 0.6835424604637633 0.013363478459481892 0.010435762755172029
0 0.6535214771020403 0.7224591590715922 0.022815694930822805 0.02304564275100472
1 0.6841596960091452 0.7994229093909851 0.02086006393675231 0.021306348958476096
0 0.7341912556074496 0.7898567935320776 0.018578494443669973 0.022175995854740397
0 0.7099088374310739 0.7363735094118213 0.019556309940705313 0.021306348958476096
1 0.7980752014137535 0.7163716307977417 0.01531910945355248 0.01434917378836157
0 0.8487586380100812 0.7065411378627783 0.020208186938728813 0.016088467580890074
0 0.8393064215387404 0.7304564275100472 0.016948801948611227 0.021306348958476096
1 0.8148610341128587 0.7313260744063116 0.018252555944658223 0.012609879995832816
0 0.8679890094517748 0.7898098281800877 0.014993170954540645 0.024350113095401315
0 0.814535095613847 0.7019754916573905 0.018252555944658317 0.024350113095401315
0 0.8239873120851879 0.7076281964831085 0.016948801948611227 0.02261081930287256
1 0.7604293047778958 0.9086870758922455 0.01173378596442315 0.025219759991665508
1 0.559814158636161 0.920209897267748 0.012711601461458399 0.01869740826968315
0 0.5876819003016659 0.9189054269233514 0.01173378596442315 0.02739387723232642
0 0.6333132901633116 0.9015124889980646 0.017600678946634727 0.02304564275100472
0 0.6675368325595457 0.917600956578955 0.015645047952564228 0.02739387723232642
0 0.6826929727635924 0.9212969558880784 0.019230371441693473 0.02435011309540119
1 0.6799224955219924 0.951952008981396 0.016948801948611227 0.023915289647269033
2 0.6318465669177586 0.9184706034752194 0.03422354239623421 0.029133171024855048
0 0.7064864831914504 0.8662917896993595 0.02053412543774056 0.016088467580890074
1 0.7216426233954971 0.8599868497014431 0.010430031968376155 0.031307288265515834
0 0.555576958149008 0.7682391021455561 0.019230371441693567 0.014783997236493603
0 0.5705701291035488 0.7884583924837016 0.021186002435764153 0.019567055165947336
0 0.6044677330007712 0.8073732124774509 0.01792661744564648 0.02261081930287256
0 0.6122902569770533 0.8206353276454819 0.02118600243576406 0.017827761373418828
0 0.7457620723223668 0.9002080186536682 0.01629692495058773 0.02826352412859061
0 0.7439694105778021 0.9332546007117127 0.017274740447622977 0.016958114477154392
0 0.7547253810451902 0.9371680117449023 0.018578494443669973 0.02304564275100472
0 0.9398643469323315 0.878684257971126 0.012059724463434996 0.020871525510343814
0 0.7566869104877254 0.4860386843077812 0.012711601461458492 0.01652329102902223
0 0.824808056781182 0.36341847193451066 0.017274740447622977 0.016523291029022294
0 0.8252969645296997 0.3399380057353738 0.02020818693872872 0.015653644132757917
0 0.8208967947930411 0.2575389623143285 0.014015355457505487 0.026524230336062042
2 0.8626169226665454 0.17122650786009383 0.028356649414022623 0.01130540965143628
0 0.8505571982031108 0.19775073819615585 0.013363478459481985 0.02261081930287256
0 0.8283933802703113 0.2494947285238835 0.013363478459481892 0.022610819302872592
2 0.8525128291971812 0.08870398341896164 0.02183787943378765 0.020871525510343915
