0 0.0125 0.396875 0.025 0.07291669999999999
1 0.290625 0.930208 0.0515625 0.05
1 0.717578 0.442187 0.0601562 0.046875
0 0.7832029999999999 0.472396 0.022656300000000004 0.084375
0 0.659375 0.585417 0.0265625 0.0708333
1 0.6265620000000001 0.283854 0.0625 0.0552083
1 0.75625 0.546875 0.034375 0.07291669999999999
0 0.46757800000000005 0.135937 0.0679687 0.0447917
1 0.382422 0.31406300000000004 0.0648438 0.042708300000000005
0 0.5210939999999998 0.5734380000000001 0.0265625 0.09270830000000001
0 0.711719 0.709375 0.0375 0.0833333
0 0.376953 0.723437 0.0351562 0.084375
0 0.10976600000000002 0.877083 0.0539063 0.0666667
0 0.408594 0.133333 0.059375 0.06875
1 0.8402339999999999 0.423958 0.0601562 0.05833330000000001
0 0.35625 0.16041699999999998 0.059375 0.0395833
1 0.261719 0.427083 0.0609375 0.0458333
0 0.7625 0.455729 0.0421875 0.07187499999999998
0 0.332422 0.303646 0.0398437 0.078125
0 0.696875 0.524479 0.046875 0.0739583
0 0.24140600000000004 0.860937 0.0328125 0.0822917
0 0.387891 0.10416699999999998 0.0507812 0.06875
1 0.332422 0.0682292 0.0570313 0.0447917
0 0.101562 0.233333 0.0296875 0.06875
0 0.397656 0.523438 0.03125 0.09479169999999999
0 0.6957030000000001 0.472396 0.0585938 0.0385417
0 0.103125 0.474479 0.06875 0.040625
0 0.5773439999999999 0.9072919999999999 0.05625 0.06875
0 0.5800779999999999 0.619792 0.0460938 0.0770833
0 0.267188 0.527083 0.0375 0.0791667
1 0.7367190000000001 0.403125 0.046875 0.0645833
0 0.103906 0.823958 0.0578125 0.0458333
1 0.6957030000000001 0.323438 0.0632813 0.040625
0 0.19609400000000002 0.503646 0.046875 0.05937499999999999
0 0.421484 0.473958 0.030468800000000004 0.0791667
0 0.692187 0.5875 0.046875 0.0708333
0 0.537109 0.344792 0.0445312 0.07291669999999999
0 0.432031 0.542708 0.0296875 0.0791667
0 0.572266 0.85625 0.0570313 0.06875
0 0.6296870000000001 0.571875 0.0359375 0.0666667
0 0.755859 0.690104 0.0507812 0.0614583
0 0.0890625 0.580208 0.0390625 0.06875
0 0.644922 0.501562 0.0648438 0.042708300000000005
0 0.387891 0.6572919999999999 0.0570313 0.0479167
1 0.29921899999999996 0.7067710000000001 0.0421875 0.0760417
0 0.808594 0.38333300000000003 0.0625 0.0708333
0 0.683594 0.6885419999999999 0.0328125 0.0770833
0 0.7222659999999999 0.630729 0.0679687 0.051041699999999995
0 0.7847660000000001 0.756771 0.0632813 0.07187499999999998
0 0.6964839999999998 0.379167 0.0335938 0.07291669999999999
0 0.644922 0.630729 0.0632813 0.0489583
0 0.4625 0.6463540000000001 0.0421875 0.0885417
0 0.646875 0.416667 0.059375 0.0520833
0 0.23554700000000003 0.94375 0.0585938 0.075
0 0.363672 0.219792 0.0335938 0.0916667
0 0.316797 0.186979 0.0507812 0.084375
0 0.44101600000000013 0.719271 0.0476562 0.084375
0 0.440234 0.22552100000000003 0.0523437 0.0614583
0 0.494922 0.405208 0.0617188 0.04375
0 0.465625 0.28906199999999993 0.046875 0.0802083
0 0.7777339999999999 0.624479 0.0445312 0.0697917
0 0.30625 0.396354 0.040625 0.0864583
0 0.6332030000000001 0.454167 0.0664062 0.0458333
0 0.277344 0.845833 0.04375 0.06875
0 0.255078 0.764063 0.0398437 0.0802083
0 0.4542970000000001 0.38906199999999996 0.0351562 0.09479169999999999
0 0.808203 0.552083 0.0664062 0.0416667
0 0.233594 0.5557290000000001 0.0453125 0.078125
0 0.36601599999999995 0.809896 0.0710938 0.051041699999999995
0 0.359375 0.369792 0.05625 0.0625
0 0.460547 0.874479 0.0523437 0.0760417
0 0.585938 0.48281199999999996 0.0625 0.05729170000000001
0 0.569531 0.288021 0.0421875 0.09270830000000001
0 0.6839840000000001 0.770833 0.0570313 0.0708333
0 0.188281 0.714583 0.0578125 0.0625
0 0.522656 0.278646 0.0515625 0.053125
0 0.12890600000000002 0.764063 0.0640625 0.0677083
0 0.534375 0.473958 0.040625 0.0875
0 0.0863281 0.970312 0.0476562 0.05937499999999999
0 0.524219 0.18281200000000003 0.046875 0.078125
0 0.728906 0.24218800000000001 0.053125 0.0614583
0 0.471484 0.480729 0.0414063 0.0760417
2 0.3082302684013197 0.28205816428882896 0.04896802958279942 0.10638643914539035
1 0.4568113444641974 0.17745973252403346 0.06842108243076087 0.04201817344397771
2 0.1264448435117492 0.8899806736910595 0.02616100210587914 0.02413809963802962
2 0.1794376426492993 0.8479625002470819 0.08653254542713873 0.07241429891408915
1 0.5178536827112488 0.6794428046260224 0.06439631287601015 0.05721623617903341
1 0.5265740167465418 0.7228019836054461 0.05366359406334187 0.05095821034695173
1 0.6402737566682474 0.5341672049526952 0.06238392809863483 0.03844215868278808
2 0.1445563065081271 0.5028770757922864 0.065067107801802 0.013410055354460857
