1 0.16462499999999994 0.8986669999999998 0.01675 0.025333300000000003
1 0.6678147690945028 0.17647182256883467 0.015 0.021999999999999992
1 0.321125 0.0525 0.01275 0.031
1 0.17675000000000002 0.1935 0.013000000000000001 0.0343333
1 0.803375 0.11583300000000003 0.01775 0.0236667
1 0.2705 0.725833 0.019 0.021
1 0.543375 0.181667 0.01375 0.024
1 0.573375 0.198667 0.01875 0.018666700000000005
1 0.8967500000000002 0.08100000000000002 0.020500000000000004 0.019333300000000005
1 0.6026622313483638 0.31329888338740874 0.013101691830758837 0.029123888087513126
1 0.570875 0.429833 0.01875 0.015
1 0.84175 0.0983333 0.0165 0.0233333
1 0.12112499999999997 0.922667 0.015250000000000001 0.021999999999999992
1 0.086875 0.525833 0.01825 0.021666699999999997
1 0.72625 0.8859999999999999 0.021 0.022666699999999998
1 0.14199963606021707 0.11105043126717694 0.02299927212043426 0.025434162534354043
1 0.40924999999999995 0.572167 0.013000000000000001 0.0223333
1 0.428375 0.42449999999999993 0.01575 0.0243333
1 0.95075 0.856333 0.0155 0.0286667
1 0.872625 0.783167 0.023250000000000003 0.0203333
1 0.726125 0.313 0.01675 0.02
1 0.552476846136813 0.14472117680309562 0.01945369227362541 0.01944235360619144
1 0.7971249999999999 0.976333 0.014250000000000002 0.024
1 0.24525 0.393333 0.0235 0.02
1 0.427125 0.7185000000000001 0.01975 0.0176667
1 0.873375 0.6771670000000001 0.022250000000000002 0.021
1 0.187 0.722667 0.019 0.0153333
1 0.397125 0.7163330000000001 0.01675 0.0266667
1 0.327875 0.135833 0.022250000000000002 0.021666699999999997
1 0.42137500000000006 0.5923330000000001 0.01825 0.0213333
1 0.525875 0.17266700000000001 0.024250000000000004 0.014000000000000004
1 0.661375 0.16683300000000006 0.02125 0.0203333
1 0.845 0.592333 0.024 0.018666700000000005
1 0.413 0.0136667 0.018499999999999996 0.0233333
1 0.7838379229576897 0.28748823510939125 0.020194615895614967 0.020822713168626147
1 0.33175 0.258333 0.020500000000000004 0.024
1 0.8305 0.08600000000000002 0.016 0.026000000000000002
1 0.342625 0.11250000000000002 0.01975 0.0203333
1 0.33324999999999994 0.357667 0.024 0.018000000000000002
1 0.676875 0.557 0.019250000000000003 0.018666700000000005
1 0.45175000000000004 0.7196670000000001 0.0165 0.026000000000000002
1 0.5081944615895613 0.6748212351093912 0.01655538410438524 0.025395294043756685
1 0.476875 0.29833300000000007 0.02075 0.0173333
1 0.765 0.0215 0.017500000000000005 0.018333300000000004
1 0.09375 0.6915 0.0155 0.0236667
1 0.24925 0.3623329999999999 0.022 0.02
1 0.8984999999999999 0.421667 0.011 0.032
1 0.510125 0.9245000000000002 0.02175 0.017
1 0.055125 0.330167 0.01875 0.021666699999999997
1 0.5353749999999999 0.151667 0.01775 0.0266667
1 0.011375 0.0076666699999999996 0.02275 0.0153333
1 0.636125 0.798333 0.01825 0.021999999999999992
1 0.657 0.801667 0.019 0.018000000000000002
1 0.28225 0.397667 0.020500000000000004 0.018000000000000002
1 0.094375 0.295 0.01475 0.026000000000000002
1 0.55375 0.195333 0.019 0.019333300000000005
1 0.292875 0.39183300000000004 0.019250000000000003 0.0163333
1 0.8163750000000001 0.768 0.01475 0.024
1 0.8512499999999998 0.7483330000000001 0.013499999999999998 0.0273333
1 0.5793981538631876 0.41349999999999976 0.0139258459153794 0.02566669999999998
1 0.715625 0.576667 0.019250000000000003 0.02
1 0.3785 0.36333299999999996 0.017 0.0286667
1 0.695 0.344833 0.019 0.021
1 0.565875 0.207 0.01825 0.026000000000000002
1 0.5550000000000002 0.945167 0.017500000000000005 0.0236667
1 0.456375 0.221 0.01625 0.0266667
1 0.247875 0.573667 0.01675 0.0273333
1 0.62725 0.929167 0.021 0.023
1 0.067625 0.26383299999999993 0.01275 0.031
1 0.58525 0.21350000000000002 0.02 0.018333300000000004
1 0.872125 0.951167 0.02125 0.023
1 0.582375 0.4375 0.02125 0.015666699999999995
1 0.659375 0.925333 0.01675 0.024666699999999996
1 0.4881997816361301 0.09245100629007967 0.016750000000000004 0.02109798741984064
1 0.40375 0.6246670000000001 0.014000000000000002 0.0313333
1 0.809875 0.807 0.02075 0.0233333
1 0.825875 0.156833 0.01375 0.029000000000000005
1 0.826625 0.773333 0.01775 0.021999999999999992
1 0.478375 0.524167 0.01475 0.029000000000000005
1 0.9784768461368129 0.1893952940437561 0.012897999557133812 0.027333299999999953
1 0.9091249999999998 0.5841670000000001 0.02275 0.017
1 0.9111249999999999 0.6666670000000002 0.022250000000000002 0.0166667
1 0.241625 0.672333 0.01175 0.035333300000000005
1 0.555 0.7914999999999999 0.020500000000000004 0.021
1 0.5892500000000002 0.384667 0.016 0.026000000000000002
1 0.824625 0.551333 0.02075 0.02
1 0.6139999999999999 0.534167 0.0215 0.018333300000000004
1 0.589 0.6125 0.013000000000000001 0.028333299999999995
1 0.30825 0.5938329999999999 0.014500000000000002 0.0223333
1 0.407 0.0803333 0.017500000000000005 0.02
1 0.087 0.545167 0.017500000000000005 0.0236667
1 0.17325 0.728 0.018499999999999996 0.0233333
1 0.8929999999999996 0.3512364112844174 0.022999999999999972 0.024472122568834638
1 0.859375 0.6161670000000001 0.022250000000000002 0.017
1 0.033 0.45899999999999996 0.014000000000000002 0.0266667
1 0.486125 0.697167 0.022250000000000002 0.017
1 0.5719999999999998 0.395833 0.015 0.027000000000000003
1 0.075125 0.294167 0.01575 0.028333299999999995
1 0.709375 0.370167 0.01475 0.0223333
1 0.01075 0.806167 0.0215 0.0196667
1 0.636125 0.630167 0.01825 0.021
1 0.910625 0.9656670000000002 0.024250000000000004 0.0173333
1 0.0745 0.578167 0.013000000000000001 0.0263333
1 0.379 0.827333 0.0125 0.020666699999999996
1 0.155875 0.891167 0.01275 0.029666699999999997
1 0.19125 0.20233299999999999 0.015 0.0266667
1 0.24224999999999997 0.7185000000000001 0.018499999999999996 0.0256667
1 0.46575000000000005 0.5768329999999999 0.016 0.0316667
1 0.4902499999999999 0.5290000000000001 0.018 0.021999999999999992
1 0.647125 0.933333 0.01975 0.018000000000000002
1 0.4912499999999999 0.68 0.019 0.019333300000000005
1 0.54275 0.77 0.018 0.024
1 0.0685 0.22149999999999997 0.020500000000000004 0.0176667
1 0.0705 0.24383300000000002 0.017500000000000005 0.0223333
1 0.730625 0.905 0.02125 0.0173333
1 0.6537499999999992 0.37660005830629567 0.018499999999999982 0.02146588338740882
1 0.10125 0.5465 0.015 0.028333299999999995
1 0.2225 0.608833 0.017500000000000005 0.027000000000000003
1 0.35725 0.15383300000000003 0.023 0.0176667
1 0.96575 0.698167 0.0155 0.027000000000000003
1 0.11275 0.8908329999999998 0.013499999999999998 0.029000000000000005
1 0.213 0.592833 0.014000000000000002 0.029666699999999997
1 0.0575 0.7886669999999999 0.013499999999999998 0.029333299999999996
1 0.206375 0.6374999999999998 0.01975 0.025
1 0.7345 0.669 0.0215 0.016
1 0.4921249999999999 0.36633300000000013 0.02025 0.018000000000000002
1 0.751625 0.516167 0.01875 0.0256667
1 0.030375 0.579 0.02075 0.018666700000000005
1 0.1235 0.449333 0.018 0.025333300000000003
1 0.3167499999999999 0.279 0.018499999999999996 0.024666699999999996
1 0.15387500000000004 0.699 0.01725 0.0213333
1 0.277 0.714667 0.021 0.02
1 0.8652500000000001 0.0233333 0.019 0.020666699999999996
1 0.351125 0.35066699999999995 0.02075 0.018000000000000002
1 0.254625 0.4341670000000001 0.01825 0.023
1 0.5572500000000001 0.666167 0.017500000000000005 0.025
1 0.32899999999999996 0.605833 0.014500000000000002 0.0256667
1 0.187125 0.699 0.02175 0.02
1 0.7755 0.5295 0.0235 0.0176667
1 0.5155 0.220833 0.015 0.0256667
1 0.8215 0.684667 0.022 0.0173333
1 0.6437500000000002 0.392667 0.0155 0.032
1 0.635875 0.3655 0.014250000000000002 0.031
1 0.05324999999999999 0.535667 0.017 0.025333300000000003
1 0.713125 0.874167 0.01575 0.027000000000000003
1 0.58975 0.959 0.019499999999999997 0.025333300000000003
1 0.338375 0.596333 0.01725 0.024666699999999996
1 0.909875 0.0866667 0.015250000000000001 0.029333299999999996
1 0.59125 0.23 0.017 0.0233333
1 0.612375 0.957333 0.01625 0.029333299999999996
1 0.49625 0.0461667 0.0225 0.0143333
1 0.4705 0.715167 0.016 0.031
1 0.5162963077263744 0.5354882351093913 0.01638861456701625 0.024014934481321356
1 0.5642500000000001 0.252833 0.024 0.021
1 0.360375 0.32683299999999993 0.01725 0.0223333
1 0.652125 0.895833 0.01775 0.0263333
1 0.6305 0.867333 0.015 0.03
1 0.24650000000000002 0.7 0.019 0.018000000000000002
1 0.166 0.42566700000000013 0.013000000000000001 0.03
1 0.5756250000000002 0.674667 0.01625 0.0273333
1 0.674125 0.682833 0.01975 0.0196667
1 0.08287499999999999 0.6731669999999998 0.01475 0.0323333
1 0.10125 0.919 0.019499999999999997 0.019333300000000005
1 0.8578750000000003 0.956 0.01875 0.018000000000000002
1 0.79325 0.226 0.017 0.026000000000000002
1 0.02831023090549729 0.7042246463938087 0.01575 0.0286667
1 0.25525000000000003 0.415167 0.023 0.0203333
1 0.48925 0.12033299999999998 0.0225 0.018000000000000002
1 0.175375 0.5094999999999998 0.01725 0.035
1 0.742 0.5375 0.023 0.019
1 0.560875 0.229167 0.02175 0.0203333
1 0.694875 0.29550000000000004 0.02025 0.021666699999999997
1 0.153875 0.5918330000000002 0.01175 0.029666699999999997
1 0.09725 0.7538329999999999 0.019499999999999997 0.0196667
1 0.06212499999999999 0.1975 0.01625 0.0276667
1 0.760625 0.3215 0.015250000000000001 0.029000000000000005
1 0.7438749999999998 0.29399999999999993 0.019250000000000003 0.026000000000000002
1 0.5341249999999998 0.828167 0.014250000000000002 0.028333299999999995
1 0.7445 0.629833 0.017 0.023
1 0.091375 0.432667 0.02125 0.018000000000000002
1 0.4771250000000001 0.8335000000000001 0.024250000000000004 0.015666699999999995
1 0.6215000000000002 0.441833 0.012 0.029666699999999997
1 0.439763923179123 0.43833299999999914 0.01297215364175406 0.03133329999999997
1 0.155375 0.148167 0.02025 0.0196667
1 0.89625 0.94 0.014500000000000002 0.029333299999999996
1 0.462625 0.42466699999999996 0.01675 0.0266667
1 0.09225 0.5605 0.015 0.0263333
1 0.9225 0.8496669999999998 0.0155 0.032
1 0.475625 0.4235 0.01775 0.0256667
1 0.7225 0.540333 0.016 0.03
1 0.7496250000000001 0.668167 0.015250000000000001 0.027000000000000003
1 0.5975 0.5305 0.017500000000000005 0.023
1 0.6316250000000001 0.150167 0.01375 0.028333299999999995
1 0.366125 0.3861670000000001 0.01475 0.031
1 0.8483750000000001 0.5625 0.02125 0.015
1 0.84425 0.397 0.018499999999999996 0.021999999999999992
1 0.426 0.230333 0.02 0.018666700000000005
1 0.161375 0.49700000000000005 0.01375 0.029333299999999996
1 0.040625 0.5945 0.01675 0.0256667
1 0.683875 0.6048329999999998 0.01675 0.0276667
1 0.022125000000000002 0.3521670000000001 0.01675 0.025
1 0.3188750000000001 0.0866667 0.01475 0.034666699999999995
1 0.20712499999999998 0.965833 0.02375 0.017
1 0.424625 0.610667 0.02125 0.019333300000000005
1 0.891125 0.570333 0.02275 0.020666699999999996
1 0.72575 0.5968329999999998 0.0155 0.023
1 0.940625 0.326 0.01475 0.0273333
1 0.825875 0.6664999999999999 0.01775 0.0176667
1 0.350875 0.41083299999999995 0.02075 0.0196667
1 0.764 0.6183330000000001 0.016 0.0273333
1 0.5923749999999999 0.3225 0.01325 0.031
1 0.924125 0.379667 0.01675 0.0266667
1 0.013625 0.28850000000000003 0.019250000000000003 0.0176667
1 0.513625 0.762 0.014250000000000002 0.0313333
1 0.7653750000000001 0.675667 0.01975 0.0173333
1 0.9647499999999998 0.595333 0.017500000000000005 0.025333300000000003
1 0.009249999999999998 0.39716699999999994 0.018499999999999996 0.028333299999999995
1 0.800125 0.7156670000000002 0.01725 0.0273333
1 0.805125 0.556833 0.01225 0.029666699999999997
1 0.93375 0.09399999999999999 0.0165 0.024666699999999996
1 0.38325 0.494833 0.019 0.021666699999999997
1 0.884875 0.16350000000000006 0.02075 0.0223333
1 0.4291249999999999 0.1145 0.019250000000000003 0.0203333
1 0.9520000000000001 0.6104999999999999 0.02 0.018333300000000004
1 0.633 0.19433299999999998 0.0215 0.0213333
1 0.57125 0.7895 0.0215 0.0203333
1 0.015 0.519167 0.0165 0.028333299999999995
1 0.03500000000000001 0.331167 0.020500000000000004 0.0243333
1 0.654125 0.8625 0.01825 0.021
1 0.6253750000000001 0.564167 0.01625 0.023
1 0.5875 0.645 0.0165 0.0266667
1 0.75275 0.703 0.013000000000000001 0.029333299999999996
1 0.51725 0.891333 0.0125 0.0333333
1 0.6560000000000001 0.566167 0.0235 0.021
1 0.9404999999999998 0.4470000000000001 0.017500000000000005 0.028000000000000008
1 0.23425 0.7375 0.017 0.031
1 0.349125 0.929167 0.01475 0.030333300000000004
1 0.09525 0.581667 0.020500000000000004 0.022666699999999998
1 0.21575 0.685 0.021 0.018666700000000005
1 0.9035 0.811833 0.0165 0.0323333
1 0.634375 0.1025 0.01675 0.029666699999999997
1 0.419 0.267667 0.025 0.0146667
1 0.57575 0.7090000000000001 0.019499999999999997 0.020666699999999996
1 0.8215 0.795 0.0215 0.0213333
1 0.6707499999999998 0.295 0.018 0.0273333
1 0.24887500000000004 0.9886669999999999 0.02025 0.022666699999999998
1 0.177625 0.226333 0.01325 0.035333300000000005
1 0.361875 0.29783299999999996 0.01475 0.029666699999999997
1 0.662875 0.456 0.02075 0.0173333
1 0.257 0.8496669999999998 0.02 0.02
1 0.46725 0.406 0.02 0.0213333
1 0.72725 0.507667 0.014000000000000002 0.0313333
1 0.545375 0.535 0.01725 0.0266667
1 0.688 0.533 0.018499999999999996 0.0273333
1 0.1985 0.311 0.0165 0.0326667
1 0.5407500000000001 0.566833 0.014500000000000002 0.0323333
1 0.009 0.6644999999999999 0.018 0.0263333
1 0.7879999999999999 0.577333 0.015 0.0233333
1 0.70225 0.3165 0.015 0.028333299999999995
1 0.36725 0.21600000000000003 0.020500000000000004 0.022666699999999998
1 0.515875 0.163167 0.01675 0.0263333
1 0.8606250000000002 0.15750000000000003 0.02125 0.023
1 0.8796250000000001 0.588667 0.02075 0.018666700000000005
1 0.9549028463582461 0.5719575880875131 0.01675 0.0223333
1 0.314875 0.11066699999999997 0.01675 0.0306667
1 0.9363749999999997 0.38583300000000004 0.019250000000000003 0.019
1 0.47587499999999994 0.0665 0.015250000000000001 0.029666699999999997
1 0.725 0.39050000000000007 0.019 0.0203333
1 0.8970000000000001 0.609167 0.0155 0.0256667
1 0.49800000000000005 0.611333 0.020500000000000004 0.0213333
1 0.062625 0.657 0.014250000000000002 0.0286667
1 0.62125 0.506167 0.0125 0.0316667
1 0.5597499999999999 0.127333 0.019499999999999997 0.019333300000000005
1 0.3990000000000001 0.254167 0.022 0.0203333
1 0.5943750000000001 0.678833 0.014250000000000002 0.0323333
1 0.16087499999999996 0.466333 0.02175 0.018000000000000002
1 0.796875 0.631833 0.02125 0.0176667
1 0.7866250000000001 0.77 0.019250000000000003 0.021999999999999992
1 0.40016192273625634 0.5897599410656352 0.01624999999999996 0.022822713168625802
1 0.697375 0.133333 0.014250000000000002 0.029333299999999996
1 0.6672499999999999 0.3515 0.019 0.0263333
1 0.70625 0.6115 0.019499999999999997 0.0196667
1 0.35137500000000005 0.3795 0.01775 0.0243333
1 0.675625 0.3365000000000001 0.01975 0.021666699999999997
1 0.43500000000000005 0.051666699999999996 0.020500000000000004 0.02
1 0.769875 0.9234999999999998 0.019250000000000003 0.0203333
1 0.296125 0.7061669999999998 0.01375 0.029000000000000005
1 0.649375 0.833 0.01275 0.03
1 0.26525 0.20783300000000002 0.013000000000000001 0.0323333
1 0.7801249999999998 0.709667 0.01375 0.0286667
1 0.131625 0.397333 0.01675 0.0273333
1 0.133875 0.16133299999999998 0.01275 0.0333333
1 0.6696760002214331 0.19123641128441732 0.01835200044286591 0.02019447743116522
1 0.07799999999999999 0.3453329999999999 0.013000000000000001 0.0313333
1 0.306 0.3474999999999999 0.014000000000000002 0.03300000000000001
1 0.1673147690945028 0.9187905880875128 0.015629538189005327 0.024961535737461092
1 0.332625 0.0651667 0.01325 0.031
1 0.8813749999999999 0.390833 0.01975 0.0236667
1 0.576875 0.8291669999999999 0.01875 0.0223333
1 0.6261250000000002 0.546167 0.02025 0.0223333
1 0.21349999999999997 0.518167 0.013000000000000001 0.028333299999999995
1 0.70975 0.3375000000000001 0.0245 0.0163333
1 0.7304999999999999 0.931 0.022 0.0153333
1 0.7857499999999998 0.362167 0.024 0.019
1 0.192 0.24066700000000002 0.018 0.03
1 0.07737499999999999 0.7001669999999999 0.02075 0.0223333
1 0.566875 0.6255000000000001 0.01625 0.028333299999999995
1 0.7485 0.6051670000000001 0.019 0.0243333
1 0.396875 0.560167 0.014250000000000002 0.029666699999999997
1 0.8125 0.96 0.013499999999999998 0.0313333
1 0.792875 0.693 0.022250000000000002 0.019333300000000005
1 0.14887500000000004 0.48283300000000007 0.022250000000000002 0.0196667
1 0.6545000000000001 0.274667 0.024 0.018666700000000005
1 0.5763749999999999 0.598667 0.01975 0.022666699999999998
1 0.126 0.117 0.014500000000000002 0.028000000000000008
1 0.11200000000000002 0.357667 0.013499999999999998 0.03
1 0.2691249999999999 0.3703212351093911 0.017749999999999985 0.022023529781217292
1 0.846625 0.6431669999999999 0.01625 0.0323333
1 0.3928749999999999 0.526167 0.01575 0.031
1 0.5105000000000001 0.4935 0.017 0.0243333
1 0.031875 0.549 0.01575 0.0266667
1 0.548125 0.589 0.019250000000000003 0.020666699999999996
1 0.4945000000000001 0.2765000000000001 0.0155 0.035
1 0.6427500000000002 0.6821670000000001 0.018 0.028333299999999995
1 0.158875 0.188167 0.014250000000000002 0.031
1 0.35174999999999995 0.837667 0.012 0.0313333
1 0.37799999999999995 0.542667 0.022 0.018000000000000002
1 0.34037500000000004 0.9005 0.01825 0.021666699999999997
1 0.543875 0.0375 0.019250000000000003 0.0236667
1 0.6701250000000001 0.5851670000000001 0.02075 0.0203333
1 0.9652036922736255 0.2713528821312697 0.019592615452748374 0.022038464262538943
1 0.9343749999999998 0.27566700000000005 0.02125 0.018000000000000002
1 0.271875 0.343333 0.01725 0.024
1 0.17675000000000002 0.19183300000000003 0.021 0.018333300000000004
1 0.689125 0.32333300000000004 0.01775 0.025333300000000003
1 0.2475 0.9310000000000003 0.023 0.02
1 0.677375 0.0801667 0.01875 0.021
1 0.4727499999999999 0.2565 0.0165 0.0276667
1 0.483375 0.6425 0.02125 0.0196667
1 0.170875 0.770667 0.02025 0.021999999999999992
1 0.4571249999999999 0.271667 0.01325 0.0313333
1 0.02675 0.31266700000000003 0.020500000000000004 0.024
1 0.063125 0.3865 0.02275 0.0223333
1 0.260875 0.153333 0.01475 0.0286667
1 0.9064999999999998 0.512667 0.019499999999999997 0.0233333
1 0.653875 0.40816699999999995 0.02125 0.0176667
1 0.419 0.44800000000000006 0.018 0.024
1 0.771125 0.261667 0.01975 0.025333300000000003
1 0.5319999999999999 0.2025 0.013000000000000001 0.0316667
1 0.45787499999999987 0.0863333 0.02075 0.021999999999999992
1 0.28224999999999967 0.37900711724066055 0.02099999999999997 0.019318465518677896
1 0.553875 0.694667 0.015250000000000001 0.03
1 0.299 0.834333 0.017500000000000005 0.026000000000000002
1 0.39275 0.279333 0.0215 0.022666699999999998
1 0.37425 0.193333 0.015 0.034666699999999995
1 0.287 0.627667 0.022 0.02
1 0.337125 0.6585 0.02025 0.019
1 0.25462500000000005 0.180333 0.02175 0.0213333
1 0.3571250000000001 0.475 0.01475 0.0306667
1 0.67475 0.205167 0.0225 0.0203333
1 0.49275000000000013 0.24 0.020500000000000004 0.0213333
1 0.013875000000000002 0.547667 0.019250000000000003 0.0213333
1 0.9706249999999998 0.2165 0.02375 0.0223333
1 0.5046944615895614 0.5461552351093912 0.013333230462631096 0.025690229781217346
1 0.602875 0.146667 0.02275 0.020666699999999996
1 0.4388750000000001 0.029000000000000005 0.02125 0.020666699999999996
1 0.0656159015054276 0.04656911951151363 0.01889737963356316 0.03291351303821263
1 0.04383142220562564 0.05602300091610662 0.01837245242151973 0.02521035041224798
1 0.3435648602824189 0.14390908360324892 0.011023471452911809 0.03291351303821265
1 0.08740038080522958 0.28081529209198447 0.02362172454195394 0.021008625343540012
1 0.5789947148838932 0.10714398925205393 0.013648107513128959 0.018207475297734654
1 0.4834579622919907 0.08298407010698294 0.015747816361302645 0.02591063792369931
1 0.7438218594655273 0.12149988323680624 0.014697961937215807 0.03151293801530998
1 0.5568455529238558 0.15685334401657747 0.01955630994070522 0.01857882005655612
1 0.9336270692921518 0.17029334150429892 0.017185848129710676 0.02174117240660824
1 0.9288861456701628 0.18867451453897688 0.022519387204448522 0.02213646645036474
1 0.988147690945027 0.19084863177963765 0.010667078149475696 0.03043764136925152
2 0.7955476688017176 0.19341804306405494 0.014222770865967467 0.025298818800416865
1 0.7913993606324771 0.2817662618436358 0.018963694487956654 0.019369408144069167
1 0.6848767330009082 0.28552155525932266 0.012741232234095866 0.025298818800416834
1 0.6810247325580421 0.30410037531587875 0.010370770423101316 0.01660234983777356
1 0.6490234981096152 0.33849095712269545 0.010963385875849883 0.02134587836285173
1 0.655245960363476 0.3460015439540692 0.01688954040333639 0.02450823071290385
1 0.6589498069431551 0.36537095209813836 0.01896369448795656 0.018974114100312647
1 0.5851691830759489 0.3631968348574775 0.011852309054972827 0.026484700931686346
1 0.5731687201577887 0.3746603621264164 0.021037848572576914 0.01778823196904314
1 0.37893900551942056 0.34382742671340827 0.013630155413218808 0.02332234858163434
1 0.3699016198650037 0.341258015428991 0.01688954040333639 0.020555290275338676
1 0.32723330726710126 0.37367212701702507 0.021037848572576866 0.02055529027533874
1 0.343530232217689 0.3940297702704855 0.019260002214330985 0.015416467706504053
1 0.3207145372868662 0.39264624111733765 0.020445233119828207 0.026089406887929885
1 0.26500868472849354 0.35726742420112984 0.012741232234095866 0.030437641369251582
1 0.04177938941877943 0.44403446680568437 0.01422277086596747 0.014230585575234482
1 0.07970677839469267 0.5934556153456465 0.01955630994070527 0.015811761750260576
1 0.6367653039784187 0.6061050247458549 0.01244492450772158 0.022927054537877755
1 0.9392569160932641 0.5711215018734036 0.02074154084620263 0.013835291531478021
1 0.8848844483035759 0.6130226705115941 0.01214861678134711 0.02648470093168641
1 0.8762915242387206 0.627648550130585 0.018074771308833712 0.013835291531477896
1 0.6445788822140004 0.656307368302932 0.02340831038357137 0.018974114100312647
1 0.6296153420320971 0.6472156052965324 0.01185230905497292 0.029251759237982008
1 0.5484270250055328 0.6480061933840454 0.016000617224213354 0.026089406887929947
1 0.5436861013835437 0.6650038372655755 0.01244492450772158 0.013439997487721433
1 0.5333153309604424 0.6612485438498886 0.011259693602224168 0.028065877106712503
1 0.5125737901142398 0.6359497250494719 0.017185848129710767 0.028065877106712378
1 0.5133145594301757 0.6604579557623756 0.012148616781347203 0.02569411284417336
1 0.49968440401695674 0.6897097150003577 0.021037848572576914 0.015416467706504115
1 0.4081253165672913 0.710857946341331 0.015111694045090414 0.028461171150468964
1 0.017037694266523528 0.6916861852191403 0.021037848572576876 0.016207055794017163
1 0.1798587899092136 0.7096720642100613 0.02192677175169984 0.014230585575234607
1 0.05007600575726046 0.8098791043023377 0.010667078149475605 0.03280940563179066
1 0.25645433717697597 0.7138226516695052 0.020445233119828207 0.014625879618991068
1 0.37468112000033044 0.7565144083952084 0.02400092583632008 0.01936940814406923
1 0.5352799076952133 0.7879402848738511 0.01451907859234175 0.030832935413008106
1 0.5576511410364744 0.8618602710563191 0.01896369448795656 0.01502117366274753
1 0.8049199386958464 0.7780579337799384 0.012741232234095866 0.027670583062955917
1 0.8646259455602723 0.7509802917826174 0.014815386318716216 0.024903524756660314
1 0.8711447155405071 0.7958461657489818 0.01718584812971086 0.015811761750260455
1 0.877070870067994 0.8120532215429986 0.01244492450772158 0.018974114100312647
1 0.938516146777328 0.8638367412751018 0.010963385875849975 0.028461171150468964
1 0.786658437010488 0.9577035373180531 0.01777846358245934 0.026879994975442866
1 0.7743616663659536 0.9474258921803838 0.012741232234095866 0.026879994975442866
1 0.7813248979357502 0.9695623586307485 0.01185230905497292 0.022927054537877755
1 0.5630942574610618 0.9071058997172193 0.013926463139593184 0.025298818800416897
1 0.5559828720280781 0.9156047216579843 0.019260002214330843 0.022531760494121294
1 0.5731687201577889 0.9545411849680011 0.01748215585608505 0.018974114100312647
1 0.5333153309604425 0.9086870758922453 0.01007446269672694 0.028461171150468964
1 0.5465010247840998 0.9001882539514804 0.020445233119828255 0.020159996231582152
1 0.5580570261126983 0.9304282482988532 0.016296924950587637 0.014230585575234607
