0 0.23062526302032407 0.33310164883393206 0.05765631575508105 0.053345887895192116
0 0.5323909801578045 0.11351508703279252 0.03998744479787872 0.0806391328648253
1 0.3436130430887489 0.4602633583515413 0.03998744479787877 0.08684214308519653
0 0.3101351823277341 0.4670866695939496 0.03998744479787877 0.08063913286482528
0 0.42684272470293844 0.42304529702931426 0.06137607806186045 0.05458648993926638
1 0.5347158315995417 0.35109037847300856 0.06509584036863988 0.05210528585111785
0 0.6151556914836466 0.4106392765885719 0.056726375178386135 0.05458648993926638
0 0.6160856320603414 0.31945502634911555 0.06788566209872444 0.04093986745444978
0 0.49240353535992587 0.49934232273987966 0.041847325951268485 0.08808274512927071
0 0.5998116719681815 0.20283843420613745 0.029758098454235393 0.08808274512927068
0 0.6435188790728397 0.1904324137653951 0.050216791141522145 0.0459022756307467
0 0.7039650165580054 0.14328953609057415 0.06695572152202957 0.05086468380704365
1 0.741627609914147 0.258665526189478 0.039987444797878816 0.07319552060037983
0 0.6309646812874591 0.2623873323217007 0.06230601863855533 0.06327070424778601
0 0.6979204028094886 0.43297011338190805 0.056726375178386135 0.04962408176296936
1 0.7007102245395732 0.4813535931008033 0.05486649402499648 0.049624081762969424
1 0.7369779070306727 0.5123686442026592 0.058586256331775804 0.049624081762969424
0 0.8814325764714057 0.2946429854676309 0.038127563644489146 0.07071431651223142
0 0.8660885569559408 0.4069174704563492 0.04277726652796328 0.06699251038000865
0 0.8358654882133578 0.44661673586672473 0.04184732595126839 0.08187973490889956
0 0.7796040833233192 0.4509588430209846 0.059516196908470785 0.060789500159637494
1 0.6080300469231185 0.6227822261252661 0.02882815787754051 0.0446616735866724
0 0.6726609170034109 0.6761281140204582 0.06323595921525012 0.06203010220371169
0 0.5959408194260852 0.6506957721169363 0.05114673171821702 0.07071431651223135
0 0.5429342065544787 0.6246431291913774 0.041847325951268485 0.08808274512927065
0 0.5024817914682523 0.5930077770674845 0.048356909988132475 0.06947371446815714
0 0.30951912180407 0.6140980118167465 0.05114673171821702 0.07195491855630573
0 0.40995270408711426 0.7568419993614499 0.03068803903093028 0.09180455126149333
0 0.5159659298303277 0.9026127395401724 0.04742696941143759 0.06823311242408281
0 0.5420042659777837 0.8337593260940523 0.05300661287160679 0.079398530820751
0 0.5792018890455779 0.8480262496009061 0.03254792018431994 0.07815792877667675
0 0.6354632939356165 0.7996427698820108 0.07067548382880898 0.05086468380704351
0 0.7837888159184461 0.8393420352923865 0.056726375178386135 0.06823311242408281
