0 0.24953571239453953 0.7400399908448512 0.060371543321259595 0.047382195585762045
1 0.17675446294613217 0.7816111624436803 0.057017568692300714 0.06436826570141269
0 0.18983496399907174 0.6555566421117471 0.041589285399089924 0.08761236164914492
0 0.3307018984153441 0.5929763837909293 0.048297234657007644 0.08582435426855022
1 0.24886491746874775 0.5093870387481226 0.05500518391492538 0.0634742620111153
1 0.12812183082622863 0.566603274927156 0.05232200421175828 0.05989824724992561
1 0.08552635303845106 0.6054924354550929 0.03152736151221334 0.07867232474617106
1 0.5121519258420187 0.7856341790500185 0.05030961943438293 0.056322232488736114
0 0.0717750570597197 0.6846117620464127 0.0348813361411722 0.08135433581706324
0 0.05534058137782127 0.6144324723580669 0.0395769006217146 0.07509630998498144
0 0.07412283929999092 0.5156450645802044 0.050309619434382974 0.05811023986933091
0 0.08284317333528396 0.4789909132780112 0.046284849879632335 0.07599031367527885
0 0.32600633393480166 0.5219030904122862 0.06573790272759374 0.06168625463052039
0 0.45211577998365504 0.551852214037249 0.060371543321259595 0.06079225094022298
0 0.5017546044922462 0.6475106088990705 0.06976267228234441 0.05006420665665424
0 0.4916926806053696 0.7056208487684015 0.07110426213392795 0.04291217713427506
0 0.5574305833329634 0.6971278137105762 0.052322004211758324 0.059898247249925686
0 0.511145733453331 0.8605354243136059 0.06305472302442668 0.051852214037249024
1 0.6429569363714145 0.8341623154498327 0.05701756869230058 0.049170202966356935
1 0.5966720864917822 0.74923196487158 0.048968029582799465 0.07956632843646844
0 0.641279949056935 0.6893337176216542 0.059029953469675975 0.04023016606338296
0 0.7583336636075992 0.6745826567317472 0.03421054121538032 0.08940036902973979
0 0.600026061120741 0.6276474629911337 0.06104233824705136 0.034866143921598494
0 0.6087463951560341 0.5163440035491078 0.051651209285966566 0.087612361649145
1 0.786171653027958 0.17125857909431214 0.04158928539908989 0.07152029522379182
1 0.6553666424985622 0.31117015662585484 0.04158928539908989 0.0759903136752788
1 0.7667186001799966 0.3473773060828995 0.06171313317284306 0.044700184514869894
2 0.6100879850076175 0.33262624519299244 0.0315273615122133 0.05811023986933086
0 0.5799022133469877 0.41934460315183997 0.05701756869230072 0.05095821034695167
0 0.49672364254880796 0.4872888836144423 0.022136232551128482 0.08671835795884761
0 0.41119728951035683 0.4685148061181969 0.0268317970316709 0.07599031367527885
0 0.36625402948230806 0.43901268433838275 0.060371543321259595 0.05632223248873602
0 0.4447370357999455 0.2901610699038661 0.03085656658642153 0.07867232474617099
0 0.4725750252203041 0.4153215865455017 0.0677502875049691 0.05721623617903346
1 0.5158412979338733 0.266469972110985 0.04158928539908989 0.0724142989140892
0 0.48900950090220247 0.20210170640957234 0.03488133614117224 0.09565839486182158
0 0.5691694945343194 0.15561351451410765 0.028844181809046215 0.07062629153349442
0 0.6191437165058065 0.16768256433312256 0.050980414360174704 0.04827619927605949
0 0.6832046319189208 0.23026282265394038 0.03689372091854756 0.08582435426855016
0 0.7060116593958413 0.31161715847100363 0.03555213106696401 0.09476439117152419
0 0.8643192618826996 0.3679393909597396 0.048968029582799465 0.07867232474617099
0 0.7643708179397254 0.39073648506232334 0.065067107801802 0.0455941882051673
0 0.6526834627953951 0.3983355164298512 0.06707949257917724 0.04291217713427511
0 0.528586401523917 0.3934184961332155 0.032198156438005075 0.08671835795884761
0 0.4869971161248272 0.3572113466761709 0.06707949257917731 0.050064206656654286
0 0.4873325135877231 0.2923960791296095 0.030185771660629763 0.0777783210558736
0 0.5540766087040044 0.21998178021552037 0.05634677376650888 0.05095821034695167
0 0.5624615452764017 0.2700459868721746 0.05970074839546781 0.047382195585762094
0 0.5507226340750456 0.32011019352882886 0.061713133172843146 0.03665415130219328
0 0.5698402894601111 0.35229432637953517 0.06238392809863491 0.0438061808245725
0 0.051986606748862414 0.31826531374587363 0.057017568692300714 0.046488191895464645
0 0.02582560464298326 0.3938086255760037 0.0395769006217146 0.07241429891408926
0 0.1287926257520204 0.3312283672551859 0.028173386883254478 0.0777783210558736
2 0.2337720316384329 0.3513434502868773 0.04896802958279942 0.1877407749624536
0 0.2790506891293776 0.31021928053319703 0.04695564480542411 0.041124169753680315
0 0.30856566586421563 0.37279953885401484 0.033539746289588654 0.08940036902973975
0 0.1492518709886695 0.5216511532885317 0.04896802958279942 0.03844215868278817
