2 0.392125 0.0598333 0.01575 0.03633329999999999
0 0.971375 0.525667 0.019250000000000003 0.0173333
0 0.22150000000000003 0.0628333 0.017 0.0203333
3 0.474875 0.9071669999999998 0.01775 0.0203333
0 0.8738749999999998 0.572667 0.01825 0.0266667
0 0.884 0.167667 0.018 0.0273333
2 0.5785 0.790667 0.014500000000000002 0.0173333
0 0.17712500000000003 0.15433299999999997 0.01625 0.025333300000000003
0 0.15049999999999997 0.033666699999999994 0.016 0.020666699999999996
0 0.56675 0.889333 0.0215 0.019333300000000005
0 0.16725000000000004 0.162833 0.017 0.028333299999999995
0 0.6996366044298921 0.04400737027530885 0.017773208859783233 0.019318559449382357
0 0.745875 0.9735 0.01675 0.021666699999999997
0 0.858125 0.508 0.02025 0.018666700000000005
0 0.9076249999999999 0.485333 0.015250000000000001 0.029333299999999996
2 0.4645000000000001 0.0545 0.0165 0.0203333
0 0.30425 0.143333 0.0155 0.028000000000000008
2 0.3536017911402165 0.7227462231717816 0.02375 0.015
0 0.657125 0.1505 0.01625 0.0223333
1 0.365625 0.588167 0.01625 0.027000000000000003
0 0.061875 0.5775000000000001 0.01725 0.021666699999999997
2 0.3839176617445647 0.7972462231717814 0.01275 0.021999999999999992
0 0.652125 0.176333 0.01475 0.028000000000000008
0 0.23237499999999997 0.09700000000000002 0.019250000000000003 0.022666699999999998
0 0.21025 0.0618333 0.019499999999999997 0.0203333
0 0.9903750000000001 0.39399999999999996 0.01475 0.0273333
0 0.677 0.7433330000000001 0.016 0.024666699999999996
0 0.2125 0.041000000000000016 0.016 0.025333300000000003
0 0.662125 0.17266700000000001 0.01125 0.0266667
0 0.849375 0.515667 0.01625 0.024
3 0.9277500000000001 0.33352876448236335 0.013499999999999996 0.030391528964726938
0 0.12474999999999997 0.7544999999999998 0.0155 0.025
1 0.5971249999999999 0.3455 0.01375 0.028333299999999995
0 0.768875 0.526 0.02275 0.018666700000000005
0 0.834 0.7295 0.019499999999999997 0.021
0 0.132125 0.899167 0.02075 0.019
0 0.725 0.687 0.014000000000000002 0.0286667
0 0.79425 0.08 0.017 0.0306667
0 0.593625 0.702333 0.02275 0.018000000000000002
0 0.599125 0.1985 0.01825 0.021
0 0.72425 0.4805 0.02 0.0223333
0 0.740625 0.33933300000000005 0.02175 0.019333300000000005
0 0.142875 0.273167 0.014250000000000002 0.028333299999999995
0 0.8965 0.151167 0.0165 0.0276667
0 0.356625 0.3935 0.01375 0.0316667
0 0.1175 0.649167 0.023 0.0176667
0 0.86675 0.5865000000000001 0.019 0.0243333
0 0.210125 0.889333 0.01775 0.024
0 0.645375 0.727833 0.01575 0.031
0 0.462375 0.433333 0.01975 0.0166667
0 0.42950000000000005 0.642 0.016 0.0266667
0 0.197625 0.9489999999999997 0.02275 0.02
0 0.629125 0.921333 0.014250000000000002 0.029333299999999996
0 0.49487500000000006 0.756333 0.01475 0.0266667
0 0.990125 0.419333 0.01575 0.024
2 0.3795 0.6058329999999998 0.019 0.021666699999999997
0 0.953125 0.306333 0.02375 0.0173333
0 0.9422500000000003 0.154667 0.013000000000000001 0.0273333
0 0.685125 0.743 0.015250000000000001 0.026000000000000002
0 0.7085000000000001 0.4194999999999999 0.018 0.025
0 0.960625 0.546167 0.014250000000000002 0.030333300000000004
0 0.6223750000000001 0.146167 0.02125 0.0176667
0 0.9857500000000001 0.532333 0.016 0.024
0 0.0225 0.385667 0.024 0.018666700000000005
0 0.37325 0.419167 0.0235 0.0176667
1 0.399625 0.34566699999999995 0.01675 0.0273333
0 0.423 0.04483329999999999 0.018499999999999996 0.029000000000000005
0 0.645625 0.156333 0.01475 0.0266667
0 0.45362500000000006 0.44583300000000003 0.02075 0.0203333
0 0.62425 0.791667 0.0165 0.0266667
0 0.779125 0.1465 0.01475 0.031
0 0.163375 0.12683300000000003 0.01625 0.0243333
0 0.7495 0.8761670000000001 0.0165 0.0203333
0 0.728875 0.7675 0.01775 0.021666699999999997
0 0.634125 0.8253329999999999 0.01475 0.028000000000000008
0 0.63675 0.300667 0.022 0.02
0 0.31199999999999994 0.9035 0.019499999999999997 0.023
1 0.15975 0.230667 0.014500000000000002 0.0286667
0 0.16775000000000007 0.048833299999999996 0.017 0.0256667
0 0.17675000000000002 0.019666700000000002 0.020500000000000004 0.018000000000000002
0 0.4357500000000002 0.10515237606825424 0.018500000000000003 0.027638052136508374
0 0.729625 0.44866700000000004 0.014250000000000002 0.029333299999999996
0 0.037875000000000006 0.7943330000000001 0.015250000000000001 0.029333299999999996
0 0.29275 0.943167 0.013499999999999998 0.028333299999999995
0 0.332 0.7496670000000001 0.015 0.0273333
0 0.6535 0.8 0.0165 0.0273333
1 0.583625 0.8884999999999998 0.01625 0.030333300000000004
0 0.615 0.787333 0.015 0.029333299999999996
0 0.178875 0.12316699999999998 0.02075 0.018333300000000004
0 0.5193749999999999 0.757167 0.01375 0.030333300000000004
0 0.2335 0.1155 0.02 0.0223333
0 0.42199999999999993 0.543167 0.021 0.0263333
0 0.11637499999999999 0.309 0.01675 0.024
0 0.3041249999999999 0.934833 0.01625 0.029666699999999997
0 0.238625 0.9016670000000001 0.019250000000000003 0.0273333
1 0.407 0.32966699999999993 0.02 0.024
0 0.139125 0.8395 0.02125 0.018333300000000004
1 0.411625 0.6593329999999998 0.01475 0.035333300000000005
0 0.565625 0.37799999999999995 0.01575 0.0326667
1 0.745875 0.1485 0.01675 0.0263333
0 0.5876249999999998 0.6805 0.01375 0.029666699999999997
0 0.713125 0.45883300000000005 0.02175 0.0203333
0 0.5901250000000001 0.2825 0.014250000000000002 0.025
0 0.148875 0.922333 0.01575 0.0326667
0 0.5643749999999998 0.0655 0.01375 0.030333300000000004
0 0.762875 0.18366699999999997 0.023250000000000003 0.018666700000000005
0 0.6136249999999999 0.0748333 0.014250000000000002 0.029000000000000005
1 0.609 0.8666669999999997 0.022 0.02
0 0.64275 0.897833 0.0225 0.0176667
0 0.584125 0.5255 0.01575 0.0323333
0 0.5715 0.653 0.0155 0.029333299999999996
0 0.6167500000000001 0.695833 0.021 0.018333300000000004
0 0.6309999999999999 0.6573329999999998 0.0215 0.019333300000000005
0 0.186125 0.14333300000000002 0.02025 0.0173333
0 0.5184999999999998 0.3885 0.0165 0.023
0 0.428875 0.662333 0.01575 0.0273333
0 0.661875 0.12083299999999998 0.01625 0.029000000000000005
0 0.7125 0.480167 0.014500000000000002 0.0316667
0 0.17125 0.516833 0.0225 0.021666699999999997
0 0.563 0.764833 0.023 0.0196667
0 0.745625 0.112667 0.015250000000000001 0.029333299999999996
0 0.605375 0.374667 0.015250000000000001 0.0333333
1 0.28412500000000007 0.444 0.01775 0.0286667
1 0.094375 0.357333 0.01725 0.025333300000000003
0 0.5436250000000001 0.845333 0.02275 0.02
0 0.774625 0.168167 0.01825 0.023
1 0.8426249999999998 0.498 0.015250000000000001 0.0306667
0 0.5532500000000001 0.6381669999999999 0.0155 0.029666699999999997
0 0.33925 0.3571670000000001 0.0235 0.019
0 0.4483750000000001 0.827667 0.02375 0.018000000000000002
0 0.9472500000000003 0.3545 0.023 0.0196667
0 0.8561249999999998 0.663167 0.019250000000000003 0.019
0 0.758125 0.488333 0.02075 0.019333300000000005
0 0.8341249999999999 0.7081669999999999 0.02125 0.0203333
0 0.782125 0.0746667 0.01475 0.0333333
0 0.7176249999999998 0.38933299999999993 0.015250000000000001 0.024666699999999996
0 0.023875 0.871 0.01725 0.0266667
0 0.584 0.604 0.023 0.02
0 0.5335 0.540333 0.017500000000000005 0.0286667
0 0.146875 0.6505 0.02075 0.021666699999999997
0 0.22862500000000005 0.0768333 0.01875 0.0276667
1 0.097375 0.30900000000000005 0.01625 0.03
0 0.05175 0.298667 0.017500000000000005 0.0233333
1 0.6186463308722824 0.19072452896472708 0.017509726442390593 0.02991322317178142
0 0.6025 0.7895 0.013499999999999998 0.0343333
0 0.37237500000000007 0.393333 0.01225 0.032
0 0.4225 0.459167 0.016 0.029666699999999997
0 0.5715 0.323167 0.018 0.0256667
0 0.331 0.053 0.0165 0.03
0 0.419875 0.3633330000000001 0.01675 0.0266667
0 0.17712500000000003 0.8881669999999999 0.01875 0.0196667
0 0.7708749999999999 0.5033329999999999 0.01875 0.024666699999999996
0 0.695375 0.06 0.02125 0.021999999999999992
0 0.5165 0.3515 0.019499999999999997 0.027000000000000003
0 0.06525 0.344333 0.020500000000000004 0.024
1 0.63075 0.6365 0.014000000000000002 0.0316667
0 0.5006250000000001 0.09983330000000003 0.01825 0.023
0 0.40425 0.760667 0.020500000000000004 0.0213333
0 0.25025 0.533667 0.019499999999999997 0.0266667
1 0.5811249999999998 0.06431907606825421 0.016749999999999998 0.02997145213650843
0 0.770625 0.5435 0.02075 0.025
0 0.100625 0.926333 0.01375 0.0333333
0 0.59775 0.180167 0.014500000000000002 0.0263333
0 0.75425 0.5535 0.016 0.0263333
0 0.8655000000000002 0.526167 0.0225 0.0176667
0 0.03 0.33433299999999994 0.0225 0.020666699999999996
0 0.356125 0.8705000000000002 0.02175 0.0196667
0 0.6158749999999998 0.6720000000000002 0.024250000000000004 0.019333300000000005
0 0.620875 0.171667 0.02125 0.022666699999999998
0 0.03225 0.557 0.018499999999999996 0.0273333
0 0.360125 0.3635 0.014250000000000002 0.023
0 0.32562499999999994 0.5838329999999999 0.01725 0.029666699999999997
0 0.107875 0.852667 0.01975 0.024666699999999996
0 0.9023749999999999 0.044166699999999996 0.01825 0.030333300000000004
0 0.383125 0.623833 0.02125 0.0223333
0 0.563625 0.9060000000000001 0.019250000000000003 0.024666699999999996
0 0.064875 0.898667 0.02125 0.018000000000000002
0 0.695875 0.507667 0.022250000000000002 0.02
0 0.9467500000000001 0.333167 0.02 0.0243333
0 0.849625 0.5425 0.01975 0.021
0 0.89625 0.10266700000000001 0.0155 0.0313333
0 0.6052500000000001 0.715333 0.016 0.0286667
0 0.296875 0.0348333 0.02075 0.0243333
0 0.35025 0.841833 0.016 0.03300000000000001
0 0.784 0.837333 0.019499999999999997 0.022666699999999998
0 0.28237499999999993 0.0411667 0.01275 0.0323333
0 0.7985 0.534167 0.018 0.0256667
0 0.4488750000000001 0.399833 0.02125 0.021666699999999997
0 0.679 0.6560000000000001 0.0225 0.022666699999999998
0 0.9696249999999997 0.9875 0.01875 0.025
0 0.5445 0.561833 0.024 0.017
0 0.375 0.0451667 0.019499999999999997 0.0243333
0 0.747125 0.535667 0.01675 0.026000000000000002
0 0.1945 0.051 0.021 0.020666699999999996
0 0.938875 0.2645 0.02075 0.0256667
0 0.113625 0.899833 0.01575 0.0263333
0 0.57025 0.0423333 0.021 0.022666699999999998
0 0.08099999999999997 0.9146670000000001 0.0165 0.0306667
0 0.746375 0.0528333 0.01725 0.0243333
0 0.046125 0.345167 0.014250000000000002 0.030333300000000004
0 0.1395 0.47533299999999995 0.0225 0.0213333
0 0.428625 0.86 0.014250000000000002 0.0333333
0 0.409375 0.42449999999999993 0.023250000000000003 0.0176667
0 0.218 0.872333 0.022 0.021999999999999992
0 0.345375 0.382833 0.01325 0.029666699999999997
0 0.45875 0.4605 0.0225 0.0243333
0 0.179125 0.850667 0.02125 0.021999999999999992
0 0.943125 0.402833 0.02125 0.0236667
0 0.519 0.0608333 0.0225 0.019
2 0.4619689315743103 0.06409297625468109 0.03477763784455419 0.02678512440494136
1 0.706667259707385 0.03611208736737628 0.02222900563260171 0.020567149096651395
2 0.6215691057224024 0.3006151908661722 0.008246244024997428 0.013870867995416035
0 0.5656380592919854 0.3087463893462437 0.020436343888036956 0.011957644823634516
2 0.5170569260142834 0.31663843492984245 0.019360746841298283 0.01817562013192448
2 0.5765732959338298 0.4134953580012822 0.012907164560865523 0.01769731433897919
0 0.6038217544512124 0.3340965963723489 0.011473035165213714 0.022480372268432927
2 0.44301999596376335 0.3814488698739416 0.02904112026194724 0.015784091167197613
2 0.14413000426299788 0.29367975686846415 0.021511940934775785 0.017219008546033723
1 0.10827676937170486 0.34198864195594764 0.01147303516521375 0.02869834757672289
2 0.10935236641844366 0.3560986628478364 0.012907164560865486 0.022480372268432927
0 0.35566409012162653 0.5813806913251112 0.019360746841298238 0.012914256409525338
0 0.4933405121041916 0.5459860626471528 0.01290716456086543 0.014827479581306858
2 0.5395911851139595 0.6296895764125945 0.011473035165213714 0.030133264955558996
2 0.6998551450780393 0.5421596163035897 0.008604776373910286 0.016740702753088307
0 0.7396522358073746 0.4634783133640745 0.014341293956517143 0.024871901233159792
3 0.7165268993024906 0.8950118784484886 0.017568085096733528 0.019610537510760712
