0 0.4320254719561914 0.16072559953213741 0.039107344173660394 0.09243998157675094
0 0.3693061463946607 0.17203474621439951 0.04058309301040227 0.09342338563607809
0 0.3353639231495969 0.20989580249849432 0.03468009766343468 0.08063913286482528
0 0.24202280922567168 0.2723419602657675 0.06936019532686936 0.044253182669721204
1 0.19775034412341477 0.20006176190522296 0.05312695812270842 0.05703743544097397
1 0.15310894181197215 0.3864168311477155 0.05534058137782126 0.06588807197491822
1 0.26010073247575993 0.3372466281813587 0.05976782788804698 0.06588807197491822
1 0.445676148696054 0.271850258236104 0.061981451143159866 0.05703743544097397
1 0.5449202579669468 0.4055932103045947 0.058292079051305075 0.05900424355962826
1 0.41320967428773214 0.41837746307584744 0.057554204632934175 0.06097105167828249
1 0.43866634172152996 0.5378610562840946 0.06124357672478889 0.056054031381646906
1 0.17561411157228615 0.43214511990642734 0.029514976734838022 0.07080509227155396
0 0.3597137789558383 0.5531038192036654 0.0317285999899509 0.08653955722078815
0 0.39476281382845846 0.5776889206868437 0.026563479061354173 0.0767055166275168
0 0.18188604412843923 0.49262446955504635 0.06124357672478887 0.05408722326299247
0 0.1394582650721096 0.5594959455892917 0.06493294881664362 0.04818679890702967
0 0.21287676970001915 0.5811308348944888 0.05534058137782126 0.07572211256818964
1 0.21619720458268843 0.4232944833724832 0.056078455796192195 0.06883828415289965
0 0.2335372534144058 0.45918873153792367 0.04943758603085367 0.048186798907029725
0 0.2416538720164862 0.5255685055425056 0.04058309301040227 0.08063913286482528
0 0.34126691849656454 0.2910266373929831 0.04353459068388609 0.07178849633088107
0 0.3907045045274182 0.322003865261788 0.04058309301040227 0.09243998157675092
0 0.385908320808007 0.3888753412960334 0.06345719997990173 0.04523658672904837
0 0.5652118044721479 0.3082362084312081 0.06788444649012748 0.05113701108501116
0 0.5618913695894787 0.343638754566985 0.0641950743982727 0.03540254613577695
0 0.5098712230943268 0.4503380950039795 0.04132096742877324 0.08162253692415244
0 0.5061818510024719 0.5270436116314962 0.056078455796192236 0.0678548800935725
0 0.5641049928445916 0.5535955212333289 0.05091333486759551 0.08555615316146101
1 0.5666875533088899 0.47934851475413 0.035417972081805686 0.08457274910213389
1 0.6021055253906955 0.44001235238104447 0.03984521859203138 0.08457274910213389
0 0.6227660091050821 0.5245851014831784 0.04869971161248274 0.06293785979693689
2 0.6508052370031782 0.33823003224068576 0.06640869765338547 0.07572211256818964
0 0.6478537393296944 0.3942840636223326 0.03541797208180561 0.0953901937547323
0 0.7142624369830799 0.37805789664343487 0.05312695812270849 0.05703743544097397
0 0.7264373648862005 0.44542107470734377 0.06419507439827254 0.04621999078837544
1 0.6906504555952095 0.4886908533177378 0.06198145114315972 0.03441914207644973
0 0.6873300207125402 0.5673631780639087 0.03320434882669277 0.08948976939876957
1 0.6330962509622753 0.6283342297421914 0.056078455796192236 0.05998764761895537
0 0.684009585829871 0.665211881966959 0.05312695812270849 0.06687147603424534
0 0.6183387625948563 0.6848799631535017 0.07231169300035316 0.04917020296635684
0 0.3132276905984684 0.558020839500301 0.03172859998995087 0.0767055166275168
2 0.3427426673333065 0.589981471428433 0.025825604642983283 0.07965572880549822
1 0.2958876417667511 0.6465272048397435 0.05165120928596651 0.07277190039020823
0 0.3250336812924036 0.6779961347382119 0.04943758603085367 0.08457274910213383
0 0.37151976964977357 0.6671786900856134 0.04501033952062802 0.08063913286482537
0 0.2195176394653577 0.7192991052299516 0.06124357672478889 0.043269778610394036
0 0.23390619062359128 0.8299320619042545 0.04574821393899892 0.09539019375473239
0 0.32982986501181477 0.7783033487895799 0.05460270695945029 0.07473870850886247
0 0.2792854673534047 0.8864777953155649 0.0641950743982727 0.05900424355962831
0 0.37889851383348294 0.8264901476966097 0.03320434882669277 0.08457274910213383
3 0.3925491905733456 0.7340501661198588 0.04722396277574079 0.08457274910213373
0 0.45047233241546514 0.700614428102736 0.06567082323501458 0.053103819203665505
1 0.4434625254409412 0.8014133441837678 0.033942223245063664 0.09735700187338661
0 0.4818319951962306 0.7851871772048697 0.061981451143159866 0.05703743544097405
0 0.550454316104729 0.7778116467599163 0.06345719997990173 0.044253182669721204
0 0.5880859114416475 0.811247384777039 0.06788444649012741 0.04228637455106697
2 0.687141246610717 0.7030729382510538 0.051651209285966566 0.014751060889907104
