0 0.07710787671976432 0.5516287131146747 0.07157381858198218 0.04818679890702967
0 0.1900026627305197 0.5988321079623773 0.04353459068388609 0.08358934504280677
1 0.17745879761821357 0.6607865636999868 0.047961837194111755 0.052120415144338336
3 0.13835145344455319 0.681438048945857 0.042058841847144174 0.06392126385626395
0 0.10736072787297328 0.6062076384073309 0.056816330214563185 0.057037435440973866
0 0.1486816953017465 0.6091578505853122 0.03763159533691847 0.07867232474617093
0 0.21029420923572084 0.7020895341917268 0.05017546044922461 0.038352758313758305
1 0.23685768829707501 0.7709278183446264 0.06788444649012741 0.04228637455106687
0 0.2700620371237678 0.7114318727553345 0.05460270695945029 0.0649046679155912
0 0.3228200580372907 0.7340501661198587 0.03910734417366036 0.08653955722078815
0 0.3383154208230807 0.6696372002339313 0.07157381858198215 0.04228637455106697
0 0.2752271580523645 0.5791640267758345 0.039845218592031294 0.0737553044495353
0 0.35565546965479805 0.5983404059327136 0.06050570230641796 0.049170202966356935
0 0.30289744874127505 0.5378610562840948 0.04648608835736989 0.07572211256818955
0 0.2412849348073008 0.5103257426229348 0.04427246510225702 0.08358934504280667
1 0.39919006033868404 0.5122925507415891 0.02951497673483806 0.08752296128011522
1 0.33757754640470977 0.3987093818893047 0.06271932556153076 0.047203394847702605
0 0.4253846021908529 0.47885681272446656 0.03468009766343465 0.06982168821222684
0 0.453423830088949 0.46164724168624155 0.027301353479725145 0.07867232474617099
0 0.4762979370584484 0.5245851014831784 0.06714657207175652 0.05113701108501116
0 0.4888418021707546 0.5644129658859275 0.059767827888046944 0.05015360702568401
0 0.45342383008894893 0.6086661485556487 0.03615584650017658 0.0796557288054981
0 0.46227832310940037 0.6966808118654275 0.06124357672478889 0.04917020296635684
0 0.49437586030853675 0.7468344188911115 0.057554204632934175 0.0590042435596282
0 0.4914243626350529 0.7915793035904964 0.0649329488166436 0.04621999078837533
1 0.30289744874127505 0.4434542665886895 0.039107344173660394 0.09145657751742381
0 0.27190672316969516 0.3736325783764628 0.06124357672478884 0.05212041514433829
0 0.20180865342445498 0.3569147093679015 0.05386483254107939 0.05998764761895537
1 0.282605902236074 0.2807008947700482 0.04427246510225702 0.06687147603424534
1 0.38221894871615236 0.24382324254528057 0.05017546044922461 0.05998764761895537
1 0.3755780789508137 0.2964353597192824 0.039845218592031294 0.0649046679155911
1 0.3143345022260248 0.23300579789268205 0.059029953469675975 0.036385950195104114
0 0.3368396719863388 0.19514474160858725 0.06124357672478884 0.05113701108501115
3 0.42759822544596576 0.22563026744772852 0.02434985580624126 0.035402546135776924
3 0.475191125430892 0.29594365768961883 0.0324664744083218 0.0383527583137584
1 0.44641402311442496 0.26496642982081403 0.06640869765338561 0.05113701108501116
0 0.6913883300135805 0.2118626106171486 0.07378744183709497 0.06097105167828253
2 0.6116978928295178 0.4193608671351746 0.06345719997990167 0.07277190039020814
1 0.4869971161248273 0.3687155580798271 0.06493294881664366 0.0501536070256841
0 0.42870503707352214 0.3293793957067415 0.039845218592031294 0.09145657751742381
0 0.38406363476207966 0.40264299812661336 0.039107344173660394 0.07867232474617093
0 0.3958696254560149 0.34068854238900365 0.03172859998995083 0.08457274910213383
0 0.30363532315964603 0.30479429422356313 0.04501033952062799 0.0737553044495353
0 0.5482406928496161 0.19071942334161515 0.04574821393899892 0.06785488009357253
0 0.503968227747359 0.27578387447341257 0.03541797208180561 0.09440678969540524
1 0.5729594858650431 0.23005558571470064 0.04648608835736998 0.07768892068684387
1 0.6286690044520497 0.2792257886810575 0.039845218592031294 0.07768892068684387
0 0.5748041719109702 0.31462833481683455 0.059029953469675975 0.04425318266972125
0 0.5748041719109702 0.36084832560521 0.04574821393899892 0.07178849633088107
0 0.7220101183759747 0.32790428961775075 0.037631595336918455 0.09440678969540521
2 0.684009585829871 0.34511386065597577 0.03689372091854756 0.08948976939876957
0 0.6559703579317748 0.4582053274785966 0.033942223245063664 0.08948976939876947
1 0.7146313741922653 0.5245851014831784 0.04501033952062802 0.07867232474617106
1 0.7548455299934822 0.6155499769709387 0.0693601953268693 0.044253182669721204
2 0.7138934997738944 0.6381682703354628 0.03025285115320888 0.052120415144338336
0 0.761855336968006 0.5142593588602435 0.05534058137782134 0.0737553044495353
0 0.6260864439877513 0.5422863745510669 0.04353459068388609 0.08850636533944241
0 0.6688831602532664 0.5703133902418904 0.04058309301040227 0.08948976939876957
0 0.6954466393146206 0.5963735978140595 0.05091333486759551 0.06097105167828253
0 0.5297938323903423 0.6081744465259851 0.03394222324506374 0.09243998157675097
0 0.5711147998191156 0.6165333810302658 0.04574821393899892 0.06392126385626395
0 0.5936199695794295 0.6494774170177249 0.04943758603085371 0.06883828415289957
0 0.5253665858801166 0.7222493174079331 0.044272465102256964 0.07473870850886247
0 0.5404930114567211 0.6863550692424926 0.039107344173660394 0.06982168821222684
0 0.7935839369579571 0.747326120920775 0.06714657207175659 0.06195445573760959
0 0.8326912811316174 0.699631024043409 0.04943758603085371 0.06687147603424534
0 0.7338161090699101 0.6932388976577825 0.04648608835736982 0.07965572880549822
1 0.6795823393196453 0.6775044327085482 0.04279671626551504 0.0796557288054981
0 0.6430575556102832 0.6966808118654275 0.058292079051305075 0.06687147603424534
0 0.6260864439877513 0.7409339945351486 0.05238908370433752 0.06293785979693677
1 0.5888237858600183 0.6981559179544182 0.04722396277574079 0.04228637455106687
1 0.6183387625948563 0.9198525691648382 0.05017546044922469 0.061954455737609805
2 0.8725364997236489 0.7954519556599553 0.047961837194111755 0.1298093358311822
1 0.9725490196078432 0.42770034843205573 0.05228758169934641 0.05749128919860627
