2 0.4489291598023065 0.10659340659340659 0.054365733113673806 0.12087912087912088
2 0.5477759472817134 0.4098901098901099 0.07084019769357495 0.13406593406593406
2 0.6161449752883031 0.5989010989010989 0.09555189456342669 0.07252747252747255
2 0.9143327841845138 0.5351648351648352 0.08237232289950576 0.0945054945054945
2 0.8509060955518946 0.8263736263736265 0.08401976935749589 0.1010989010989011
2 0.13179571663920925 0.5395604395604395 0.09225700164744646 0.07252747252747255
2 0.05189456342668864 0.3714285714285714 0.060955518945634266 0.11428571428571428
2 0.050247116968698526 0.210989010989011 0.08401976935749589 0.09670329670329672
2 0.38467874794069196 0.9560439560439561 0.08401976935749589 0.0835164835164835
0 0.07907742998352553 0.9648351648351648 0.05930807248764415 0.06593406593406594
