0 0.335125 0.5715 0.023250000000000003 0.028333299999999995
0 0.5555140360404883 0.28928920455835877 0.019584216242938 0.020232163438481873
0 0.502625 0.35350000000000004 0.01675 0.0323333
0 0.8449999999999993 0.3138414773028397 0.017499999999999984 0.018317045394320546
0 0.8881152735576086 0.9488844586894181 0.02274999999999999 0.020405336277600928
0 0.9591390360404894 0.1797715454889596 0.018566843248587685 0.02035306353312108
0 0.8198943855838026 0.4005159546056794 0.01671122883239043 0.018516699621443488
0 0.11837500000000001 0.923760847103527 0.016513482417393078 0.02007193627760113
0 0.12269719279190205 0.3626669999999991 0.015217902740111446 0.029333299999999958
0 0.8150872014766306 0.9233915289647274 0.017089079464131754 0.021853960969311314
0 0.41294978163613033 0.6095 0.022399563272260403 0.0203333
0 0.9020000000000005 0.4523763884141092 0.020519452884781183 0.018753476828218568
0 0.7239331567514122 0.45903461367507914 0.01805614416195892 0.021826927160881818
0 0.7479859639595096 0.1701408636277601 0.014528072080978416 0.030634090788641287
0 0.28351246360602156 0.43538343126717705 0.018325509515696236 0.027232437465646006
0 0.587572192791902 0.49580686362775933 0.01777807208097942 0.019509881766559913
2 0.17992647242655394 0.09239375004731958 0.032249999999999994 0.0176667
0 0.8303502648728803 0.24755227274447983 0.021411758578154805 0.018196245299681536
0 0.6063415783757062 0.5186931363722395 0.021816843248587868 0.01801966353312179
0 0.6309154396445382 0.17783299999999996 0.023330879289077174 0.019666699999999995
0 0.482625 0.6205 0.022250000000000002 0.0256667
0 0.895471927919019 0.24943754548895966 0.015999999999999955 0.021830336088322574
0 0.215875 0.0426667 0.01975 0.0213333
0 0.45971188130236906 0.7180533063816903 0.014524927212043556 0.028700287511451504
0 0.5261250000000001 0.6043330000000001 0.02175 0.0313333
0 0.661875 0.568167 0.01275 0.029666699999999997
0 0.3183749999999992 0.6573168562442717 0.015749999999999945 0.02802208705339734
0 0.9092073382554365 0.6857103884141093 0.02076348241739165 0.014143972555201844
1 0.43387499999999996 0.26932450001892766 0.023249999999999976 0.015388299886432843
0 0.7733943855838041 0.16434147730283974 0.020500000000000004 0.021317045394320566
0 0.408 0.819 0.019 0.021999999999999992
0 0.8122499999999997 0.8113698347576725 0.02299999999999999 0.021057195726982916
0 0.7486303495433145 0.13399999999999987 0.01573930091337016 0.025999999999999975
0 0.17899999999999974 0.4074636818611995 0.02099999999999997 0.02173863627760061
0 0.34749999999999986 0.2540787500094639 0.015999999999999986 0.02777669977286606
0 0.21289338449764622 0.10653512501419587 0.015580879289076833 0.02682794983911346
0 0.3490845603554614 0.2087267500473193 0.014095582720338333 0.0316667000000004
0 0.07414338449764625 0.0971392000567835 0.020845582720338228 0.02603669992428865
0 0.5767998544240868 0.6131180062900797 0.02290029115182633 0.01976468741984067
0 0.6778420646978257 0.8153042355176363 0.01307935302174115 0.02144872469171038
0 0.8506356990866297 0.4092284545110404 0.02125 0.022666699999999998
0 0.8990377985233694 0.5575938471035272 0.015556144161958085 0.01712913200458417
0 0.8716036691277173 0.9087174586894186 0.016207338255435376 0.025229716145676376
0 0.29207514557591296 0.5448329999999995 0.016000727879565843 0.02633329999999999
0 0.695248675635594 0.49283977283911695 0.013735275734462166 0.027999999999999914
0 0.5218609639595096 0.5199823409305983 0.016278072080978857 0.023585226971604416
0 0.5912945397320662 0.7785802231717815 0.018937885370654273 0.02550685365643695
0 0.8968372014766304 0.7810070702753089 0.017957338255435717 0.018215908832802424
0 0.5556911758578154 0.1513586250331237 0.02127940686252286 0.020652049858041314
0 0.19974999999999998 0.8900318499541939 0.021 0.020730999908390283
0 0.7809999999999997 0.0809117091167197 0.017133686497175175 0.026248518044161194
0 0.7138469279190222 0.7392391528964726 0.022023208859782012 0.01720210151992873
0 0.4793625363939784 0.680351581312982 0.01532623739526183 0.030630137374034652
0 0.8644191207109226 0.16964086362775999 0.01673930091337096 0.027699209211358967
0 0.06512500000000003 0.5367174312671771 0.01725 0.035899137465645985
0 0.473412026878282 0.4702335750229026 0.01357478163613026 0.03633329999999999
0 0.20468412939565173 0.9573627644823636 0.016999999999999998 0.024608471035272986
0 0.6199665783757065 0.41475288641955943 0.01948930091337043 0.02126477264984085
0 0.2678536691277178 0.9889640318611999 0.014187885370654104 0.022071936277600655
0 0.847021330872283 0.7217971652423274 0.014372014766304751 0.028493146343563286
1 0.2028275423352169 0.3625 0.0225 0.021666699999999997
0 0.5708349044679857 0.46156415897476016 0.02073930091337187 0.01614738148264476
0 0.211125 0.4961670000000001 0.022250000000000002 0.021
0 0.7709427485918495 0.5461089876541451 0.015839079464131923 0.01691218993403776
0 0.1258247816361302 0.7870646999083882 0.024999999999999977 0.020128699816779942
0 0.7141249999999998 0.8872174586894179 0.017164676510870867 0.02507193627760082
0 0.3768285822804326 0.9290514919271621 0.0152964177195675 0.022332266762255918
0 0.14534926378672303 0.22445637500473192 0.017492637867230442 0.022948749933752562
0 0.6695581567514118 0.23168465906939978 0.01511631350282677 0.030075345205042958
0 0.09400735171563068 0.22484249998107195 0.013808813725045737 0.03119419994321642
0 0.6434889672179842 0.98594687502366 0.01861028615159961 0.021161249839114053
1 0.5785261940934776 0.681333 0.01575 0.0306667
2 0.6070086864971739 0.49236761367507886 0.017017372994350667 0.022598072649839512
0 0.9108207338255433 0.5825938471035275 0.01514146765108706 0.023158713105819403
0 0.8532500000000001 0.526 0.0165 0.028000000000000008
0 0.38131617585781524 0.17303512501419582 0.022661758578153602 0.020633749895897016
0 0.2202499999999997 0.8921669999999992 0.02499999999999997 0.017997124885487124
0 0.5754244702542374 0.30351595460567904 0.018651059491525065 0.02559466372239998
0 0.762125 0.05907840911671976 0.018749999999999902 0.031176481766560484
0 0.5998750000000002 0.3375 0.01775 0.029000000000000005
0 0.1479996360602171 0.6343011500458052 0.015250000000000001 0.0343333
0 0.7583663135028244 0.3008414773028391 0.017633686497176424 0.025722381671922406
0 0.2465 0.468167 0.0215 0.03300000000000001
0 0.5271250000000001 0.2625 0.02275 0.0203333
0 0.415125 0.304333 0.01725 0.034666699999999995
0 0.856907935302174 0.48042784710352726 0.01731587060434848 0.025839220418693312
0 0.7717383955701096 0.7246236115858907 0.012806144161955007 0.029360914625748018
0 0.7148798632211961 0.6478627644823632 0.017674402953259897 0.023405336277601024
0 0.566697192791902 0.5137107954416393 0.013006673907720132 0.02742159088328127
0 0.831125 0.667333 0.015250000000000001 0.0266667
0 0.35757514557591286 0.6764338625343517 0.02389956327226044 0.01826324986258311
0 0.6190140360404889 0.34984147730283915 0.012872987410545997 0.029369318138800997
0 0.3876748544240868 0.617782568732823 0.018349708848173746 0.03223243746564598
0 0.37487500000000007 0.333667 0.02025 0.022666699999999998
0 0.139875 0.738 0.01575 0.0306667
0 0.6284244904843038 0.6143011500458054 0.017651019031391865 0.02739769990838941
0 0.7507446504566849 0.2674477272555201 0.02391175857815383 0.017634090788641407
0 0.6358943855838032 0.4286744773028395 0.016499999999999956 0.026585226971603176
0 0.7761878853706545 0.47571694207054593 0.01587577074130799 0.021433884141092596
0 0.7125000000000028 0.590934917378836 0.017499999999999988 0.026070903039857027
0 0.8531390360404886 0.3771222045583596 0.021700529745763242 0.01656556343848233
0 0.2515120338681734 0.26160488638170337 0.013056144161957717 0.030023072460563016
0 0.8995377985233692 0.8419278471035274 0.01592440295326121 0.021709055176365254
0 0.8489999999999999 0.820833 0.017 0.0323333
0 0.8795261940934777 0.5053975660022921 0.016315870604348116 0.02262227834814721
0 0.086625 0.496167 0.01975 0.025
0 0.30049999999999993 0.5946670000000001 0.0235 0.0326667
1 0.31756016934086695 0.3578869772082006 0.011379661318265037 0.027735227350159188
0 0.972375 0.555167 0.02375 0.029666699999999997
0 0.6655 0.571167 0.023 0.040999999999999995
0 0.6975334216242931 0.2889039318138794 0.014834216242938077 0.02700340892744254
0 0.39975 0.567 0.0155 0.026000000000000002
0 0.08112499999999992 0.7602335750229018 0.020749999999999987 0.030198849954193564
0 0.2337126091819348 0.8626669999999987 0.017275655091609297 0.029333299999999986
0 0.331375 0.331 0.02275 0.026000000000000002
0 0.48625 0.8370000000000001 0.020500000000000004 0.0286667
0 0.2693469279190207 0.32836931813880055 0.01091843248587296 0.03007193627760053
0 0.45362499999999994 0.5999324249770973 0.01675 0.03386554995419474
0 0.6195 0.978 0.015 0.0366667
1 0.41867647242655354 0.18503512501419578 0.016014703431261868 0.027439549952680373
0 0.2328497088481737 0.4260000000000001 0.0165 0.034666699999999995
0 0.5204743449083908 0.785 0.018499999999999996 0.024666699999999996
2 0.3808749999999999 0.23265750001892782 0.020147055146892176 0.021879199905360913
0 0.0749999999999999 0.26026306818611955 0.017499999999999984 0.03214738148264331
0 0.39961029656873814 0.15608824999053608 0.016779406862523372 0.02656419986750524
0 0.5735551534929387 0.16765937492902064 0.022198527573446064 0.01412454991482484
0 0.4474750727879566 0.701282568732823 0.01845014557591327 0.02656583746564615
2 0.8114835323489129 0.888775987654145 0.015315870604348083 0.028651859449382106
0 0.2922500000000003 0.6558487061984686 0.014500000000000011 0.03436411239693888
0 0.3625 0.885 0.019 0.0326667
0 0.9449999999999981 0.27841140911671974 0.015999999999999966 0.02819624529968146
0 0.802713241421846 0.3730176590694002 0.02046122883239191 0.022983745394320555
0 0.288125 0.623 0.01775 0.0373333
0 0.25473596395950976 0.38914086362775996 0.012717902740110656 0.03052954529968163
0 0.6210915783757056 0.474815340930599 0.015795445075329647 0.027951136182962983
0 0.442125 0.1845 0.02375 0.021
0 0.03378877116760845 0.36985913637223994 0.021 0.024666699999999996
0 0.6577024750342398 0.8156881775881827 0.020858532348912953 0.017432850903348528
0 0.8208158706043486 0.5655005166188719 0.01663174120869622 0.01833226676225612
0 0.3047169120710923 0.10143767504258756 0.016227934435968726 0.029476249876969226
0 0.661 0.880167 0.0155 0.035
0 0.48975 0.389167 0.020500000000000004 0.0276667
0 0.8315969279190205 0.3757630681861198 0.01701737299435021 0.030617836182961936
0 0.37976838449764605 0.03031500003785565 0.017566175857815804 0.02660079979179396
0 0.20734491532956614 0.2635716362776006 0.020422457664783233 0.01781057255520192
0 0.42918659015054267 0.7749148436641147 0.022725072787956702 0.02009798741984081
0 0.41474963606021703 0.6735 0.01625 0.0343333
0 0.3430772086398309 0.05865750001892783 0.019448527573446044 0.025388299886433086
1 0.785 0.859167 0.0225 0.035
0 0.03900000000000001 0.33333299999999993 0.017500000000000005 0.024666699999999996
0 0.10338034954331472 0.31934147730283885 0.01487298741054522 0.029107954416402678
0 0.34975 0.1145 0.018499999999999996 0.0396667
0 0.22748541033641434 0.9515716362776011 0.014273208859783592 0.02581057255520084
0 0.672050794618643 0.41711472725552007 0.022045445075328317 0.015248518044161385
0 0.2744341293956517 0.9285938471035275 0.01549999999999999 0.029738636277600376
0 0.6482727225376642 0.35358859088327954 0.0162780720809787 0.02766669999999995
0 0.9277335323489138 0.5690065536564372 0.01866467651087134 0.025347107312873783
2 0.24489372826323227 0.1704418777871219 0.02125738296704759 0.03877625063408205
0 0.05314345741761905 0.07639500124923629 0.021257382967047614 0.01620500026498951
0 0.14923550491151796 0.12182687699215335 0.019088262256124377 0.021413750350164726
0 0.16333478953251895 0.11054125180760707 0.014316196692093297 0.01736250028391734
0 0.13730534100144026 0.1467131273991015 0.02038973468267834 0.01678375027445344
0 0.13296709957959377 0.169863127777658 0.012580900123354732 0.03298875053944297
0 0.4390300318908611 0.039933750653009886 0.020823558824862896 0.01620500026498952
0 0.44770651473455386 0.05353437587541181 0.011279427696800742 0.02951625048265948
0 0.4340410542557376 0.055560000908535495 0.022125031251416932 0.019677500321772987
0 0.42471383519876765 0.06539875106942199 0.01648531740301656 0.018520000302845167
0 0.5390264966644217 0.08276125135333935 0.018654438113939756 0.020835000340700807
1 0.4184233851370904 0.23063187877136873 0.012580900123354732 0.03530375057729859
1 0.43035354904716805 0.23121062878083257 0.012147075981170036 0.03298875053944293
0 0.42232780241675216 0.2529137541357293 0.015183844976462618 0.02083500034070082
1 0.5474860674370223 0.2653568793392034 0.019955910540493605 0.012153750198742142
0 0.5323022224605597 0.20169437829817313 0.012147075981170131 0.02025625033123688
0 0.574816988394655 0.2011156282887092 0.013014724265539335 0.02951625048265948
0 0.5637544727689465 0.18259562798586404 0.018654438113939843 0.017941250293381252
2 0.5550779899252536 0.2069031283833483 0.009110306985877505 0.014468750236597798
0 0.5491063658584957 0.3296244372083095 0.016958580103581523 0.020519318517356812
0 0.6490831113528662 0.18546307121457162 0.02287436386064495 0.018414773028397155
0 0.6670276554159584 0.16152386627765528 0.016958580103581523 0.015784091167197582
0 0.6573652086127548 0.1473181842271774 0.022085592693036477 0.01367954567823789
1 0.6902964048604077 0.2186096626656865 0.013803495433147808 0.027885227728715715
0 0.6475055690176493 0.319890914321871 0.019719279190211235 0.014731818422717737
1 0.629166639370753 0.36092955135658455 0.013014724265539335 0.01683636391167743
0 0.6993672732879047 0.31883864157739117 0.020113664774015338 0.017888636656157246
0 0.7362423253735997 0.30252841403795366 0.024451906195861715 0.01999318214511694
0 0.7427496875063693 0.319890914321871 0.022479978276840763 0.014731818422717737
0 0.7277630353218087 0.3280460280915897 0.02405752061205762 0.015257954794957613
0 0.721255673189039 0.31068352780767244 0.018141736854994282 0.0215715912618367
0 0.7699622927888606 0.25438693597800105 0.011437181930322475 0.024728409495276205
0 0.6731406319649238 0.09628295611990527 0.022085592693036477 0.023150000378556454
0 0.7340732046626763 0.07050227388014921 0.022479978276840663 0.018940909400637102
0 0.7646380874075028 0.1294295475710201 0.020508050357819493 0.015784091167197468
0 0.7470879289282156 0.1528426161356966 0.0019719279190210486 0.0057875000946391135
0 0.7916534998980929 0.16652216181393448 0.013014724265539427 0.024728409495276205
0 0.8107812007125977 0.17204659372245362 0.022085592693036383 0.02104545488959679
1 0.9079109661817141 0.097861365236625 0.018536122438798475 0.024202273123036296
1 0.8982485193785105 0.09207386514198589 0.014197881016951998 0.02104545488959677
0 0.8842478311534607 0.1039119335173841 0.020113664774015237 0.014205682050477812
0 0.9136295571468751 0.11075170635650304 0.01498665218456057 0.020519318517356847
0 0.8937130851647619 0.1273250020820605 0.019324893606406858 0.01999318214511694
2 0.8481615502353741 0.21124375345432764 0.013409109849343523 0.028937500473195564
0 0.9733789730932152 0.21545284443224702 0.013803495433147808 0.027885227728715715
0 0.9652940686252285 0.2249232991325656 0.013409109849343617 0.027885227728715715
1 0.8866141446562859 0.2914795502209153 0.012225953097931043 0.015784091167197555
1 0.8657117087146622 0.29305795933763523 0.020113664774015237 0.01999318214511688
1 0.8621622384604241 0.274380118123118 0.01301472426553924 0.026832954984235897
1 0.8519082132815143 0.26175284518935993 0.01695858010358171 0.02683295498423587
0 0.8546689123681439 0.23097386741332465 0.020113664774015237 0.01999318214511694
0 0.8706415285122149 0.3406733010253478 0.013409109849343617 0.027885227728715715
1 0.8629510096280325 0.3485653466089465 0.012225953097930857 0.020519318517356874
1 0.7878205559133281 0.3751352334070625 0.018141736854994282 0.02104545488959676
1 0.6600396267607599 0.35882500586762495 0.012620338681735142 0.02630681861199596
0 0.6829139906214049 0.4253812569559748 0.014986652184560386 0.026832954984235963
2 0.6722655798586907 0.4506358028234909 0.013409109849343617 0.015257954794957613
0 0.6927736302165103 0.4582647802209697 0.014197881016951998 0.029463636845435473
1 0.6801532915347752 0.482467053344006 0.01498665218456057 0.02209772763407663
2 0.6604340123445641 0.5324500087067984 0.014986652184560386 0.015784091167197555
1 0.6064031873633855 0.4585278484070897 0.01577542335216895 0.026832954984235897
0 0.557893760555466 0.47431193957428724 0.01183156751412676 0.027885227728715715
0 0.531272733648681 0.5206119403314002 0.004338241421846476 0.0005261363722399392
0 0.48197453567315324 0.529030122287239 0.020902435941623807 0.012101136561518164
1 0.41433740805072894 0.48983296255536496 0.014986652184560523 0.025254545867516208
0 0.42498581881344294 0.501934099116883 0.016564194519777427 0.02209772763407663
0 0.4149289864264352 0.5363960314985978 0.02169120710923224 0.020519318517356812
0 0.350841329058249 0.4045988702524981 0.018141736854994234 0.015784091167197613
0 0.3092336499669035 0.36803239238182356 0.017747351271190048 0.0215715912618367
0 0.2997683959556021 0.3496176193534265 0.020902435941623807 0.01631022753943749
1 0.2642736934132221 0.3435670510726674 0.015381037768364662 0.02735909135647584
0 0.292472262655224 0.27069716351743855 0.018141736854994282 0.015257954794957675
0 0.25382247544241016 0.28595511831239623 0.01971927919021114 0.018414773028397186
0 0.22838460528703786 0.2922687547792752 0.016958580103581616 0.018414773028397186
0 0.21615865218910688 0.27780000454267745 0.0193248936064069 0.018940909400637067
0 0.015578230560266805 0.2701710271451986 0.019324893606406924 0.01736250028391731
0 0.01597261614407103 0.3477761420505867 0.0240575206120576 0.01894090940063713
0 0.07611641767421502 0.3009500049212339 0.01971927919021114 0.01683636391167743
1 0.07946869513655092 0.2827983000789567 0.019324893606406927 0.019467045772876997
1 0.1031318301648043 0.3709261424291432 0.013803495433147808 0.01894090940063713
0 0.12781977613257298 0.44712829288542416 0.019422306845606578 0.016806900274831952
0 0.16298989933948216 0.46043375560299943 0.023621724541953926 0.021008625343539956
0 0.021522015693780254 0.49964985624427416 0.019947234057649994 0.021008625343540012
0 0.1595778724611999 0.48144238094653935 0.02099708848173689 0.019608050320637595
0 0.212070593665542 0.4292709613434152 0.022046942905823687 0.01610661276338068
0 0.30996951871163997 0.4443271428396189 0.02152201569378024 0.021008625343539956
0 0.24435361720621246 0.5112046001832212 0.02467157896604074 0.017507187786283254
0 0.24067912672190844 0.48914554357250417 0.01627274357334607 0.02661092543515069
0 0.22466884675458412 0.5052521563358848 0.015747816361302607 0.019608050320637352
0 0.07348980968607892 0.6253514645497884 0.01364810751312894 0.03431408806111536
1 0.07401473689812235 0.6470603774047796 0.017847525209476314 0.02310948787789402
0 0.056954602506711166 0.6365560647330097 0.022571870117867095 0.02030833783208869
0 0.08425081753296905 0.6554638275421958 0.014173034725172362 0.02871178796950469
0 0.09579921619792431 0.6698197215269481 0.021522015693780254 0.019608050320637227
0 0.08083879065468681 0.6852260467788774 0.015747816361302628 0.029412075480956024
0 0.0957992161979243 0.6936294969162935 0.017322597997432892 0.021008625343540012
0 0.1530162823106572 0.7268931537102319 0.013123180301085518 0.03011236299240736
0 0.12414528564826904 0.7321453100461166 0.02467157896604077 0.018207475297734553
0 0.11364674140740062 0.8011183467478213 0.019422306845606578 0.016806900274832014
0 0.07453966411016576 0.8280794159386977 0.01994723405765 0.025910637923699232
0 0.10446051519664076 0.843485741190627 0.011548398664955264 0.02871178796950469
0 0.11259688698331378 0.855040485129574 0.013123180301085518 0.02521035041224802
0 0.1608901904913085 0.8651946540456182 0.023621724541953926 0.02030833783208869
1 0.2939592387443157 0.6985262263202011 0.011548398664955278 0.032913513038212695
0 0.3349035612837023 0.7920146090989535 0.017847525209476276 0.01820747529773419
0 0.3057701010152927 0.6964253637858472 0.00997361702882501 0.032913513038212695
0 0.2784738859890348 0.8270289846715206 0.018372452421519712 0.026610925435150565
0 0.28608533056366436 0.8392840161219189 0.012598253089042073 0.018907762809186022
0 0.26272606962773215 0.8445361724578039 0.014173034725172385 0.03221322552676136
0 0.24172898114599525 0.827729272182972 0.018372452421519758 0.015406325251929347
0 0.3141689364079874 0.8623935039998131 0.018372452421519712 0.018907762809186022
0 0.3283419711331597 0.8648445102898927 0.02257187011786713 0.021008625343540012
0 0.4543245020235807 0.6179931625032979 0.002624636060217014 0.004902012580159338
1 0.48634506195822935 0.6586098381674752 0.014173034725172385 0.03291351303821257
1 0.4464505938429294 0.7640031086409009 0.014173034725172291 0.022409200366442682
1 0.5002556330773801 0.7489469271446972 0.014697961937215714 0.025910637923699357
0 0.5543231359178524 0.5896315182895189 0.014697961937215714 0.028011500458053357
0 0.5527483542817221 0.6043375560299968 0.02624636060217099 0.015406325251929347
0 0.5577351627961346 0.6158922999689438 0.020472161269693354 0.01610661276338068
0 0.6076032479402594 0.60328712476282 0.014173034725172291 0.018907762809186022
0 0.6212513554533886 0.6060882748086253 0.012073325876998603 0.03431408806111536
0 0.5086544684700748 0.7787091463813788 0.018897379633563086 0.018207475297734678
0 0.41757959718054133 0.7825607276943611 0.02257187011786713 0.02030833783208856
0 0.6470946002090594 0.7188689065082237 0.01994723405765002 0.02030833783208856
0 0.6690197317493398 0.7247870079996263 0.015222889149259228 0.026610925435150565
1 0.6535343789940589 0.7612019585950955 0.01889737963356318 0.021008625343540012
0 0.6335871449364088 0.7724065587783169 0.01889737963356318 0.02521035041224802
0 0.7918660730075796 0.48469421462574774 0.02222900563260162 0.021523760682542168
0 0.8741492470830968 0.5200888433037059 0.01685102039890762 0.022480372268432927
2 0.8748663117809228 0.536351240263849 0.018285149794559422 0.016740702753088307
2 0.8739699809086406 0.571028410252389 0.036570299589118845 0.008609504273016768
0 0.930438825862427 0.5805945261112965 0.016133955701081903 0.014349173788361445
0 0.7821856995869305 0.5605056828075906 0.02222900563260171 0.017219008546033723
0 0.7992159861602945 0.5363512402638488 0.01900221449238533 0.015784091167197613
0 0.7818271672380176 0.5368295460567942 0.02151194093477581 0.014827479581306792
0 0.8363240842727829 0.5275025830943593 0.01290716456086543 0.02774173599083213
0 0.8427776665532157 0.5516570256381012 0.011473035165213807 0.023436983854323686
0 0.830946099039089 0.5495046495698468 0.012190099863039618 0.02678512440494131
0 0.8218035241418091 0.5535702488098826 0.01900221449238533 0.015784091167197555
0 0.8562226296374505 0.6635805811873202 0.020436343888036956 0.021523760682542106
0 0.8424191342043028 0.7460883304703987 0.010755970467387809 0.022958678061378336
0 0.8356070195749572 0.7513496941927977 0.014341293956517143 0.022958678061378336
0 0.7622871542222627 0.7833961823201383 0.016133955701081806 0.01913223171781518
0 0.6403861555918665 0.7982236619014452 0.017568085096733528 0.022002066475487515
0 0.6608224994799037 0.8288352326499495 0.024021667377166378 0.014349173788361445
0 0.5643772976223255 0.9155790275451402 0.020436343888037046 0.01865392592486989
0 0.4220399551038922 0.885684915486054 0.016851020398907717 0.02582851281905055
0 0.5053987262261486 0.9636487597361509 0.012907164560865523 0.03252479392028593
0 0.36449551310336703 0.9129483456839406 0.022229005632601665 0.01913223171781518
0 0.41361444490443844 0.9117525812015772 0.013624229258691375 0.025350207026105142
1 0.3928195686674884 0.9055346058932869 0.017209552747820614 0.021523760682542106
1 0.4014243450413988 0.9153398746486675 0.012190099863039618 0.03156818233439511
0 0.3987353524245518 0.8890330560366715 0.024021667377166284 0.020088843303706
0 0.23524460132025582 0.9607789249784786 0.013265696909778378 0.03156818233439523
0 0.6742674625641386 0.8419199354315512 0.011473035165213807 0.022480372268432927
0 0.6920148138353287 0.8897505147260897 0.024021667377166284 0.01865392592486989
0 0.740775213287487 0.8615304729423121 0.015416891003256 0.024393595440214445
0 0.7617493556988935 0.8495728281186778 0.020794876236949908 0.016740702753088373
2 0.8368618827961523 0.7816534055204335 0.01254863221195257 0.015784091167197676
0 0.8506653782293 0.9086435935474322 0.020794876236950092 0.01530578537425214
1 0.9119803083418756 0.910317663822741 0.019719279190211235 0.01769731433897919
0 0.9265008684728495 0.8596172497705307 0.01792661744564666 0.015784091167197555
0 0.6851094807952656 0.9450187491009285 0.019522086398308953 0.025465000416412108
