2 0.6408566721581548 0.4329670329670329 0.06919275123558484 0.13186813186813187
2 0.1457990115321252 0.31978021978021975 0.10049423393739704 0.07692307692307693
2 0.3756177924217463 0.32747252747252736 0.08896210873146623 0.0835164835164835
2 0.4975288303130148 0.3296703296703296 0.08237232289950576 0.0835164835164835
2 0.44398682042833604 0.432967032967033 0.08072487644151564 0.11428571428571428
2 0.3978583196046129 0.5230769230769231 0.08401976935749589 0.12307692307692308
2 0.30642504118616143 0.4615384615384615 0.07578253706754529 0.11868131868131866
2 0.2759472817133443 0.5879120879120879 0.06425041186161448 0.11208791208791212
2 0.10214168039538714 0.545054945054945 0.06260296540362437 0.11868131868131866
2 0.2199341021416804 0.7813186813186813 0.09390444810543658 0.07252747252747255
2 0.3080724876441515 0.8417582417582418 0.09555189456342669 0.1054945054945055
0 0.48352553542009874 0.9769230769230769 0.09390444810543658 0.04175824175824175
0 0.03377265238879736 0.5351648351648352 0.06754530477759473 0.06813186813186813
0 0.2075782537067545 0.03076923076923077 0.085667215815486 0.06153846153846154
0 0.0930807248764415 0.014285714285714284 0.057660626029654036 0.019780219780219776
0 0.15568369028006587 0.9857142857142857 0.06425041186161448 0.019780219780219776
