0 0.13228165743494202 0.1064437017406026 0.023096797329910504 0.030812650503858646
1 0.15249135509861375 0.13410505844293025 0.013123180301085518 0.03011236299240733
1 0.25747679750729785 0.06827803236650497 0.020472161269693402 0.020308337832088658
0 0.19264828681993545 0.07423047621384128 0.01364810751312894 0.026610925435150645
0 0.18188727897304532 0.08823622644286794 0.018372452421519733 0.022409200366442658
0 0.18005003373089334 0.0637261635420713 0.01889737963356313 0.019608050320637328
0 0.15957787246119992 0.0885863701985936 0.01364810751312894 0.03151293801530998
0 0.2698125869903183 0.05462242589320395 0.013648107513128959 0.022409200366442658
0 0.2262436283907144 0.09068723273294761 0.019947234057649973 0.020308337832088658
1 0.24304129917610384 0.09698982033600961 0.01259825308904212 0.02731121294660198
0 0.2632509968397756 0.13445520219865592 0.020472161269693402 0.022409200366442658
0 0.23096797329910518 0.14215836482462058 0.022046942905823663 0.018207475297734633
0 0.29238445710818545 0.12955318961849657 0.015747816361302645 0.023809775389345325
0 0.1813623517610019 0.19783122198500153 0.017322597997432892 0.014706037740478012
0 0.24225390835803873 0.19503007193919622 0.02152201569378029 0.02310948787789399
0 0.046193594659821036 0.2366971788705505 0.016797670785389473 0.02941207548095596
0 0.28608533056366436 0.27731385453472784 0.017847525209476287 0.022409200366442658
0 0.24409115360019074 0.26680954186295774 0.015747816361302645 0.030812650503858664
0 0.21285798448360718 0.23774761013772752 0.0194223068456066 0.021708912854991325
0 0.20944595760532494 0.2493023540766745 0.025196506178084218 0.014005750229026646
0 0.193960604850044 0.24790177905377184 0.015222889149259183 0.028011500458053326
0 0.31101937313572686 0.15091195871776222 0.023621724541953926 0.017507187786283317
0 0.3296542891632683 0.13515548971010724 0.015747816361302645 0.0322132255267613
2 0.3167935724682045 0.12990333337422225 0.006824053756564434 0.020308337832088658
2 0.30655749183335773 0.12290045825970894 0.008398835392694747 0.01330546271757533
0 0.43759841888857554 0.053759989950885816 0.011259693602224261 0.029251759237981987
0 0.4288573409605331 0.06285175295728562 0.013333847686844525 0.02529881880041686
0 0.41567164713687565 0.08597645451704167 0.015408001771464787 0.020950584319095213
1 0.4008562608181595 0.09309174730465893 0.016593232676962066 0.020159996231582183
0 0.5159718125145838 0.06818822254799856 0.013333847686844617 0.030437641369251537
0 0.5453062774256417 0.10514821563923257 0.015111694045090414 0.027670583062955924
0 0.6934601406128028 0.11107762629558028 0.012741232234095866 0.024508230712903836
0 0.661458906164376 0.12471527080518 0.012741232234095866 0.028065877106712458
0 0.6608662907116275 0.15851291154636188 0.015111694045090414 0.020555290275338707
0 0.6896081401699367 0.13005174039589293 0.018074771308833622 0.01818352601279961
0 0.674348292261659 0.12530821187081476 0.010667078149475507 0.02846117115046898
2 0.8279838483867452 0.16207055794017047 0.033482773080298414 0.025298818800416865
0 0.8019087684658049 0.0986258639172501 0.022815694930822805 0.017788231969043104
0 0.8374656956307236 0.13953879744604925 0.01629692495058773 0.025298818800416855
3 0.7967233832542543 0.1290635052865016 0.01007446269672694 0.009882351093912846
0 0.7488696854448013 0.012254115356451916 0.019852617667079506 0.02292705453787778
0 0.7719816881019983 0.1626634990058053 0.021037848572576914 0.014625879618990973
0 0.8971812189481102 0.20555290275338695 0.018371079035207995 0.02134587836285173
0 0.9134781438986981 0.241722307757108 0.019556309940705313 0.013835291531477958
3 0.88414367898764 0.2735434782795073 0.014815386318716038 0.0118588213126954
0 0.9087372202767087 0.2895528870516461 0.011852309054973014 0.024112936669147326
1 0.891699526010185 0.3029928845393676 0.009185539517604091 0.02332234858163428
1 0.8847362944403886 0.30951523626135 0.010667078149475507 0.022927054537877817
0 0.8745136778804746 0.2921222983360635 0.013333847686844426 0.017392937925286612
0 0.8534758293078957 0.2504187767197514 0.018667386761582243 0.020159996231581986
0 0.8465125977381011 0.27018347890757693 0.016593232676962104 0.02332234858163428
0 0.8370307504941228 0.25832465759488155 0.0183710790352079 0.025694112844173393
0 0.8315490575561978 0.23796701434142112 0.011556001328598544 0.025298818800416834
0 0.7906585913165414 0.1877646707843439 0.012148616781347203 0.026089406887929885
0 0.7431012012334627 0.23757172029766457 0.023112002657197088 0.015811761750260514
0 0.7863621292841136 0.308724648173837 0.02014892539345388 0.02134587836285173
0 0.787695514052798 0.32552464503348877 0.019260002214330937 0.013835291531478021
3 0.7685836657016543 0.30753876604256747 0.00948184724397828 0.014230585575234482
3 0.7559905873307458 0.3318493497335931 0.007407693159358019 0.008301174918886812
3 0.7370268928427889 0.20061172720643053 0.007407693159358019 0.011463527268938878
0 0.6995439654564372 0.17215055605596163 0.01244492450772149 0.029647053281738535
0 0.7073961202053567 0.19033408206876123 0.012741232234095866 0.025694112844173393
0 0.7259153531037519 0.22116701748176928 0.019556309940705313 0.0209505843190952
0 0.7299155074098052 0.26543995038249885 0.012741232234095866 0.02806587710671244
0 0.7118407361009715 0.30121406134246326 0.013926463139593184 0.028461171150468964
0 0.6716910391772509 0.2290728983568996 0.02251938720444843 0.01620705579401707
0 0.6596905762590909 0.2023905504033349 0.023408310383571464 0.012649409400208417
0 0.6721355007668123 0.18736937674058737 0.024593541289068783 0.017392937925286612
3 0.6364304197387064 0.1895434939812482 0.006518769980235073 0.011463527268938878
2 0.6158370327556911 0.18045173097484843 0.022815694930822805 0.03834352224438181
2 0.5564273336176394 0.2247246638755779 0.007704000885732298 0.010672939181425865
1 0.5750947203792218 0.20495996168775224 0.013037539960470145 0.028856465194225488
0 0.666357500102513 0.29726112090489815 0.00948184724397828 0.026879994975442932
2 0.686506425495967 0.24231524882274275 0.01244492450772158 0.006324704700104194
0 0.6502087290151125 0.28382112341717664 0.018074771308833712 0.01660234983777353
0 0.6537644217316044 0.3103058243488631 0.01748215585608496 0.0237176426253908
0 0.6392453431392625 0.29666817983926336 0.018074771308833622 0.022531760494121294
0 0.6318376499799045 0.25812701057300325 0.012741232234095866 0.027670583062955917
0 0.6088738011858945 0.2599058337699076 0.01777846358245934 0.020159996231582215
0 0.5878359526133176 0.2142493717160303 0.01955630994070522 0.020555290275338707
0 0.5774651821902163 0.23678113221015157 0.02074154084620254 0.01660234983777356
0 0.5244260991692127 0.2608940688792989 0.0106670781494756 0.030042347325494996
0 0.41790347153764396 0.18440467141241354 0.01807477130883366 0.013835291531477958
0 0.4627940920833536 0.2093081961690738 0.01244492450772158 0.02727528901919942
0 0.4990917885642081 0.26069642185742065 0.01451907859234175 0.028856465194225488
0 0.4854616331509894 0.2792752419139768 0.020445233119828255 0.02253176049412123
0 0.4592383993668618 0.2891575930078896 0.019556309940705313 0.013835291531477958
0 0.4078290088409169 0.25022112969787297 0.013333847686844473 0.029251759237982008
0 0.3845688523205326 0.2533834820479251 0.01896369448795661 0.015811761750260545
0 0.42205177970688434 0.30081876729870677 0.015111694045090414 0.02450823071290385
0 0.44308962827946125 0.3073411190206892 0.021037848572576824 0.01778823196904314
0 0.40590300861948386 0.32196699863968015 0.017185848129710676 0.02569411284417336
0 0.3070843818736473 0.31939758735526286 0.021037848572576866 0.01976470218782569
0 0.2971580730401076 0.3356046431492799 0.013037539960470195 0.026089406887929947
0 0.32027007569730465 0.34726581744009705 0.02133415629895125 0.014625879618990945
0 0.27582391674115636 0.31208464754576737 0.011852309054972874 0.02332234858163428
1 0.27715730150984075 0.33343052590861916 0.012741232234095866 0.022531760494121294
0 0.218488371687725 0.33995287763060156 0.011556001328598544 0.026089406887929885
0 0.1570045184650531 0.29212229833606335 0.02429723356269443 0.018183526012799663
0 0.1470782096315133 0.3023999434737328 0.01807477130883364 0.012649409400208448
0 0.1298923615018026 0.3174211171364803 0.01629692495058773 0.028461171150468964
1 0.10055789659074471 0.3047717077362718 0.015111694045090433 0.04901646142580767
0 0.07670512461761177 0.3182117052239934 0.019556309940705282 0.022927054537877817
0 0.03555692716491867 0.4526116801012079 0.013037539960470176 0.029251759237982008
0 0.04829815939901454 0.47494579357345096 0.01777846358245934 0.009882351093912846
0 0.02488984901544307 0.4652610895014163 0.016000617224213406 0.018974114100312647
0 0.03985338919734634 0.39094580927519174 0.022223079478074167 0.014230585575234482
0 0.12015278304478767 0.3867952218157484 0.019852617667079575 0.0209505843190952
0 0.21319340912632487 0.366437578562288 0.015111694045090458 0.025298818800416834
0 0.19334079145924526 0.44925168072927746 0.022815694930822826 0.016207055794017038
1 0.250083721059928 0.36643757856228804 0.014222770865967467 0.029251759237982008
0 0.2610471069357779 0.3593222857746708 0.014815386318716085 0.032414111588034075
0 0.28638141754078245 0.3697975779342183 0.017482155856085008 0.02648470093168641
0 0.3331980383079254 0.3555669923589839 0.018667386761582323 0.0209505843190952
0 0.3899409679086081 0.4229646268194695 0.013630155413218808 0.02134587836285173
0 0.44001697366586856 0.42197639171007817 0.01896369448795656 0.016997643881530085
0 0.4049045080905114 0.42968462556333015 0.018667386761582323 0.022927054537877817
1 0.3515691173431334 0.4767246167703554 0.012741232234095819 0.027670583062955917
1 0.4225348178097835 0.48818814403929417 0.018371079035208036 0.018974114100312647
1 0.4389798966235584 0.4947104957612766 0.018074771308833622 0.019369408144069167
1 0.3686068116096568 0.47988696912040735 0.016593232676962014 0.017392937925286612
0 0.3936448144882872 0.45359991521059917 0.01570430949783907 0.024903524756660314
0 0.3964597378888432 0.474155205485938 0.01955630994070527 0.01857882005655612
0 0.30045603454356273 0.4496469747730341 0.02192677175169986 0.0162070557940171
0 0.3004560345435628 0.46387756034826855 0.02488984901544307 0.015416467706504053
0 0.2558617217242273 0.4980704951332069 0.01807477130883366 0.028461171150468964
1 0.4935005182764337 0.44767050455425145 0.01392646313959309 0.02806587710671244
1 0.5441691394864427 0.5018257885488938 0.013333847686844525 0.02648470093168641
1 0.5652069880590198 0.5039999057895548 0.019260002214330937 0.018183526012799663
2 0.5794297589249872 0.39667757290966127 0.012741232234095866 0.028065877106712503
1 0.5355762154215874 0.41565168700997396 0.01688954040333639 0.016207055794017038
0 0.4815000553582736 0.4016187484566177 0.01955630994070522 0.01976470218782563
0 0.5274277529462935 0.3812611052031572 0.01777846358245934 0.019369408144069167
0 0.5308352917995984 0.4014211014347395 0.024000925836320124 0.01778823196904314
0 0.4803148244527764 0.44391521113856464 0.018963694487956654 0.01660234983777356
0 0.4696477463033007 0.4555763854293818 0.0213341562989512 0.013044703443964911
0 0.5043157502890965 0.462691678216999 0.016000617224213448 0.027275289019199452
0 0.5549843714991055 0.48878108510492896 0.016593232676962104 0.024112936669147326
0 0.5868374520843452 0.5091387283583894 0.01748215585608496 0.026879994975442932
0 0.4911300564654391 0.504988140898946 0.011556001328598544 0.029647053281738535
0 0.6369134578416056 0.4217787446881999 0.01629692495058773 0.02450823071290385
0 0.6300983801349956 0.3650540494091404 0.015704309497839054 0.025694112844173743
0 0.8489275057080519 0.3412894414317599 0.02314163342983455 0.018697408269683087
0 0.8463199977159577 0.3621609669421037 0.014015355457505395 0.023915289647269033
0 0.8629428611655574 0.3704226124566148 0.01531910945355248 0.028263524128590668
0 0.9004257885519089 0.3591172028051784 0.014015355457505296 0.028263524128590737
0 0.9110187897697916 0.3743360234898042 0.012385662962446649 0.02304564275100472
0 0.9354641771956728 0.38368472762464584 0.017600678946634633 0.026089406887929947
0 0.9066186200331326 0.4341242476079769 0.02053412543774065 0.020001878614079555
0 0.8774471243715807 0.4280367193341267 0.022815694930822805 0.020001878614079555
0 0.7873251293948301 0.5026089406887929 0.012711601461458399 0.026524230336062042
0 0.9242192989797671 0.5204367020622117 0.020534125437740466 0.016088467580890137
0 0.9582798721264955 0.558048930325644 0.02151194093477581 0.013044703443964974
0 0.9744138278275775 0.5669628110123537 0.01662286344959888 0.02478493654353296
1 0.8308379190128996 0.5643538703235604 0.01629692495058773 0.026524230336062105
1 0.7557090949906901 0.552831048948058 0.017274740447622977 0.021741172406608316
0 0.892766233825133 0.6665373806346192 0.02151194093477581 0.01521882068462576
0 0.7601092647273486 0.6632762047736281 0.019556309940705313 0.013044703443964974
0 0.79286608387803 0.6800169075267162 0.010755970467387905 0.030872464817383677
0 0.7609241109748781 0.6143585668587593 0.01792661744564648 0.021306348958476096
0 0.7658131884600544 0.5850079841098382 0.01531910945355248 0.02174117240660824
0 0.7998737616067828 0.5728329275621377 0.014993170954540738 0.026089406887929947
0 0.8021553310998651 0.5336988172302426 0.02151194093477581 0.015653644132757917
0 0.8231783642861231 0.5286983475767228 0.01531910945355248 0.02304564275100472
0 0.75570909499069 0.5747896330787322 0.014667232455528985 0.022175995854740397
0 0.8580537836803811 0.5754418682509305 0.014015355457505296 0.01652329102902223
0 0.9225896064847084 0.5500046965351989 0.014667232455528985 0.03174211171364806
0 0.8699505388943101 0.6028357454832568 0.016296924950587828 0.026089406887929947
0 0.883314017353792 0.623924682717667 0.01173378596442315 0.02565458343979779
0 0.8779360321200982 0.6404479737466892 0.013363478459481985 0.030872464817383677
0 0.8650614614091335 0.6254465647861295 0.01564504795256432 0.020001878614079493
0 0.8621280149180283 0.6487096192612002 0.014341293956517143 0.019567055165947336
0 0.8489275057080518 0.6219679772010722 0.02314163342983455 0.015653644132758042
0 0.8505571982031106 0.637404209609764 0.014667232455528985 0.016088467580890074
1 0.6901954566893274 0.5113054096514362 0.014667232455528985 0.012609879995832754
0 0.6853063792041513 0.5323943468858464 0.01531910945355248 0.029567994472987205
0 0.7281672918241969 0.5678324579086176 0.01303753996047024 0.026524230336062042
2 0.5919249992372835 0.5904432772114903 0.0071706469782585715 0.011740233099568375
0 0.6165333559126709 0.6547971475350507 0.022489756431811055 0.017827761373418828
0 0.5231519759458041 0.5704413985974113 0.014993170954539881 0.01608846758088928
1 0.4801280940762516 0.555657401360917 0.013689416958493645 0.028263524128590668
1 0.46986103135738133 0.5678324579086177 0.007496585477270322 0.023915289647269095
0 0.48029106332575766 0.5969656289334726 0.0120597244634349 0.030002817921119362
0 0.4652978923712169 0.6328385634043765 0.01662286344959939 0.026089406887929947
0 0.3548047412062319 0.5837035137654416 0.013363478459481892 0.02869834757672289
0 0.14082611660501518 0.5323943468858462 0.017600678946634755 0.02087152551034394
0 0.18156842898148443 0.5858776310061022 0.01955630994070527 0.013044703443964974
0 0.15679710305659111 0.6006616282425961 0.023467571928846326 0.016523291029022356
0 0.18156842898148448 0.6147933903068913 0.013037539960470195 0.030872464817383677
2 0.27283120870477573 0.5906606889355563 0.006518769980235073 0.04174305102068788
0 0.14767082508426202 0.6169675075475523 0.02151194093477581 0.022175995854740397
0 0.17830904399136693 0.6376216213338303 0.01955630994070527 0.01478399723649373
0 0.19802832318157804 0.6350126806450371 0.019882248439717014 0.01652329102902223
0 0.1955837844389901 0.6495792661574649 0.020860063936752306 0.01521882068462575
2 0.210088047645013 0.6619717344292312 0.010104093469364406 0.02174117240660824
0 0.2012877081716956 0.68479996545617 0.02053412543774056 0.01782776137341871
0 0.28700953341178703 0.6732771440806675 0.021837879433787555 0.01739293792528667
1 0.30509912010693946 0.6834954951117734 0.012385662962446696 0.030872464817383677
0 0.31781072156839785 0.7026277268295889 0.01955630994070527 0.0160884675808902
0 0.0816475940024445 0.5771811620434592 0.012711601461458433 0.027828700680458448
0 0.07235834678060953 0.5765289268712608 0.009126277972329124 0.028263524128590668
1 0.023630541178352206 0.6124018613421645 0.016622863449599484 0.029567994472987205
0 0.007985493225787987 0.6684940861512138 0.015319109453552466 0.026089406887929947
0 0.04416466661609274 0.6939312578669455 0.01597098645157597 0.027393877232326294
0 0.1140784746541141 0.6998013744167298 0.01564504795256421 0.026089406887929822
1 0.09696670345599698 0.7598070102589685 0.01597098645157597 0.027828700680458576
0 0.014667232455528957 0.825247939202859 0.0143412939565172 0.029133171024855048
1 0.03536432714277537 0.901342042625988 0.018578494443670015 0.02478493654353348
0 0.09484810321242058 0.9115603936570941 0.01629692495058773 0.02869834757672289
0 0.12450850662249026 0.8982982784890631 0.016948801948611227 0.025654583439797665
1 0.3503838864376362 0.7063237261387123 0.012385662962446649 0.027828700680458576
0 0.33848713122370716 0.7093674902756375 0.015319109453552433 0.02869834757672289
0 0.2627064302034742 0.821769351617802 0.022163817932799302 0.01869740826968315
0 0.26466206119754465 0.8476413467816657 0.018252555944658223 0.02087152551034394
0 0.24168339701721603 0.8600338150534325 0.023793510427858097 0.01869740826968302
1 0.22864585705674587 0.8863406336654284 0.019882248439717063 0.02261081930287256
0 0.21267487060516985 0.8982982784890631 0.01336347845948192 0.028263524128590737
0 0.2664547229421094 0.8776441647027852 0.02053412543774056 0.02435011309540119
0 0.2534171829816392 0.8828620460803712 0.01140784746541145 0.025219759991665633
0 0.3101304818096845 0.8793834584953137 0.021837879433787555 0.01739293792528667
0 0.3663548728892121 0.8676432253957453 0.01173378596442315 0.025219759991665633
1 0.3955263685507642 0.752849835088854 0.019230371441693567 0.018262584821550867
0 0.4367575886757511 0.7382832495764263 0.016948801948611227 0.02565458343979779
0 0.3800442898477058 0.771764655082603 0.016948801948611227 0.017827761373418828
0 0.38786681382398797 0.7806785357693122 0.01955630994070527 0.02174117240660824
0 0.4268164644558926 0.8495980522982606 0.01597098645157598 0.01956705516594746
0 0.4471876206441272 0.7985062971427311 0.013037539960470145 0.023480466199136876
1 0.45566202161843283 0.8115510005866962 0.016948801948611134 0.02174117240660824
0 0.5133531359435135 0.719151017858611 0.016948801948611227 0.02826352412859061
0 0.4951005799988552 0.7917665336966826 0.016948801948611227 0.01869740826968315
0 0.5061824889652548 0.7563284226739111 0.013689416958493739 0.015653644132757917
0 0.5153087669375839 0.7432837192299461 0.014341293956517143 0.02174117240660824
0 0.5172643979316544 0.7628507743958935 0.018252555944658223 0.02087152551034394
1 0.516775490183137 0.7839397116303036 0.014015355457505487 0.02478493654353335
1 0.53127975338916 0.7895924164560217 0.015645047952564134 0.020436702062211657
0 0.5474137090902418 0.8093768833460352 0.012711601461458399 0.024350113095401315
1 0.6099939009004987 0.7256733695805935 0.01597098645157598 0.02739387723232642
1 0.6645885994849676 0.7148027833772891 0.017600678946634727 0.022175995854740397
2 0.6419358738036507 0.7204554882030075 0.00880033947331741 0.02826352412859061
0 0.6306909955877451 0.7348046619913688 0.012385662962446649 0.025654583439797665
0 0.593859945199417 0.7958973564539383 0.02151194093477581 0.02174117240660838
0 0.6116235933955575 0.8074201778294404 0.021837879433787555 0.01869740826968315
0 0.6119495318945691 0.8243782923065948 0.021837879433787555 0.01521882068462576
0 0.6561141985106619 0.7917665336966826 0.012385662962446649 0.02478493654353335
0 0.6862635096692492 0.8076375895535065 0.020534125437740466 0.015653644132758042
0 0.6675220459760735 0.8372055840264937 0.013037539960470145 0.023480466199136876
0 0.6869153866672728 0.8293787619601151 0.01792661744564648 0.013914350340229163
0 0.6901747716573903 0.7065411378627783 0.019230371441693473 0.023915289647269158
0 0.7242353448041186 0.7678512440494135 0.020208186938728813 0.023915289647269033
0 0.7133164050872247 0.8008978261074582 0.014667232455528985 0.029133171024855048
1 0.7744298736519287 0.7741561840473298 0.011081908966399651 0.029567994472987205
0 0.7925194603470813 0.7841571233543696 0.019230371441693567 0.014783997236493603
0 0.7789930126380935 0.7972018267983345 0.012385662962446649 0.027828700680458448
0 0.7930083680955988 0.8035067667962511 0.015645047952564228 0.021306348958476096
0 0.7441175932438356 0.858946756433102 0.017600678946634727 0.023480466199137
0 0.8968197800308427 0.7156724302735538 0.010755970467387809 0.02478493654353335
0 0.8938863335397368 0.8637298143625558 0.016622863449599484 0.018262584821550992
2 0.8523291749157383 0.8691651074642078 0.017600678946634633 0.021306348958476096
1 0.9481757786571312 0.6982794923482671 0.020860063936752122 0.020436702062211657
0 0.9621911341146366 0.7530672468129199 0.012385662962446649 0.02652423033606198
2 0.9338344847006139 0.8287265267879167 0.03194197290315196 0.0117402330995685
0 0.924382268229273 0.8478587585057319 0.02086006393675231 0.01434917378836157
0 0.9882662140355771 0.8339444081655025 0.019556309940705313 0.02304564275100472
1 0.9582798721264958 0.8650342847069523 0.018252555944658317 0.014783997236493603
0 0.9696877195919069 0.8845543745209103 0.01760067894663482 0.02652423033606198
0 0.9571390873799543 0.8923811965872893 0.016622863449599484 0.021306348958476096
0 0.8611501994209927 0.9447774220872153 0.018252555944658317 0.02087152551034394
0 0.8057406545889946 0.8858588448653069 0.017600678946634727 0.0160884675808902
1 0.7508200175055139 0.9845637675913085 0.01792661744564648 0.01782776137341871
1 0.679276516972434 0.8960771958964128 0.020208186938728813 0.018262584821550867
0 0.6709650852476341 0.8845543745209103 0.013363478459481985 0.030002817921119362
0 0.6422824973345996 0.9573873020830483 0.01988224843971697 0.019132231717815303
0 0.5689463350569547 0.94173365795029 0.014015355457505395 0.025219759991665508
0 0.5079958357417567 0.9462993041556778 0.018578494443670067 0.021306348958476096
0 0.48632092555747497 0.9595614193237086 0.019556309940705313 0.014783997236493603
0 0.3772944976380431 0.9267322489897303 0.02118600243576406 0.01869740826968302
2 0.2956469036355986 0.9265148372656643 0.011081908966399651 0.017392937925286546
0 0.3039583353603989 0.9460818924316148 0.01205972446343408 0.0226108193028672
0 0.26077148424134083 0.9717364758714097 0.018252555944658223 0.023480466199137
0 0.24219298979767082 0.9739105931120703 0.015645047952564228 0.02087152551034394
