0 0.3391355361291122 0.8053108401297977 0.049629590653040775 0.08975403011044661
0 0.2597281910842469 0.7655836464743544 0.060658388575938756 0.05738372416897406
0 0.21892163876952445 0.7619052026173685 0.04521807148388163 0.08239714239647557
0 0.20403276157361216 0.7258564528189108 0.05514398961448976 0.06621198942573937
0 0.20182700198903258 0.570626122054122 0.041909432107012236 0.08239714239647551
1 0.609892525136257 0.7582267587603834 0.06837854712196731 0.05149821399779728
1 0.6269871619167486 0.7045214784483949 0.05845262899135908 0.06474061188294511
1 0.6600735556854427 0.6383094890226555 0.04962959065304087 0.061797856797356714
1 0.5393082184297101 0.5441413262838263 0.0683785471219674 0.044141326283826186
1 0.42571159982386114 0.605939183081183 0.035292153353273494 0.08533989748206397
1 0.722937703845961 0.43893783197404057 0.029777754391824496 0.08386851993926973
1 0.7995878494101017 0.3477124243207998 0.05734974919906944 0.07209749959691615
1 0.3363783366483877 0.3079852306653562 0.06617278753738773 0.04266994874103194
0 0.4604523132809896 0.7089356110767774 0.0694814269142571 0.047084081369414624
0 0.4626580728655692 0.6552303307647889 0.05404110982219997 0.06915474451132762
0 0.6892998701811223 0.7177638763335427 0.05514398961448986 0.07651163222529869
0 0.5762546914714182 0.6949575244202323 0.034189273560983655 0.08975403011044661
0 0.5437197375988694 0.6096176269381683 0.061761268368228484 0.06621198942573923
0 0.6093410852401121 0.4860219133434551 0.0628641481605183 0.06915474451132769
2 0.6545591567239937 0.5323703059414726 0.034189273560983655 0.032370305941472555
0 0.8006907292023917 0.5250134182275016 0.05514398961448986 0.050026836455003026
0 0.8663120768436344 0.48160778071507254 0.065069907745098 0.042669948741031985
0 0.5415139780142897 0.45144454108779136 0.06176126836822858 0.038255816112649346
0 0.5001559858034224 0.41466010251793617 0.049629590653040775 0.0676833669685335
0 0.44335767650049784 0.4161314800607305 0.041909432107012264 0.0912254076532408
0 0.25917675118810196 0.3889109955190376 0.05955550878364896 0.07504025468250447
0 0.27847714755317343 0.45070885231639424 0.060658388575938756 0.042669948741031985
0 0.34630425477899585 0.5154494641993393 0.05073247044533061 0.07798300976809294
0 0.37553056927467543 0.5971109178244176 0.03198351397640408 0.09122540765324078
0 0.30935778173728773 0.6522875756792004 0.034189273560983655 0.08681127502485825
0 0.23601627555001625 0.6338953563942729 0.04411519169159182 0.07651163222529869
0 0.25807387139581217 0.5581194129403713 0.04411519169159184 0.07798300976809286
0 0.2768228278647387 0.6000536729100061 0.03749791293785307 0.08828265256765237
0 0.2779257076570285 0.5080925764853683 0.03970367252243265 0.07209749959691601
0 0.32093801955633056 0.5566480353975769 0.05955550878364896 0.08092576485368133
0 0.5878349292904611 0.5698904332827248 0.03308639376869381 0.08681127502485825
0 0.2952598127268207 0.3509235439564181 0.06617278753738773 0.045612703826620436
0 0.2902968536615166 0.2685264015599426 0.056246869406779545 0.0456127038266204
0 0.3785272370447003 0.26926209033133974 0.07389294608341629 0.0470840813694146
0 0.4314654670746104 0.29868964118722385 0.04521807148388163 0.05885510171176823
0 0.3994819530982064 0.21776387633354247 0.0628641481605183 0.050026836455002985
1 0.4535230629204064 0.1728868612783192 0.05404110982219997 0.07209749959691611
0 0.4788892981430717 0.22144232019052798 0.06506990774509788 0.0456127038266204
0 0.48660945668910033 0.3075179064439891 0.0628641481605183 0.050026836455003026
0 0.5340332877575614 0.36858007446994867 0.034189273560983655 0.09563954028162341
0 0.6200579115561655 0.3435666562424472 0.06506990774509788 0.04561270382662039
0 0.671893261793786 0.2935398197874441 0.05845262899135919 0.042669948741031985
0 0.7452347679810571 0.32149599310053395 0.061761268368228484 0.03384168348426675
0 0.8571770668984715 0.3832938498978906 0.03639503314556323 0.09563954028162341
