0 0.6296870000000001 0.578125 0.0328125 0.09375
0 0.6203129999999999 0.528646 0.0640625 0.046875
0 0.703906 0.5328120000000001 0.053125 0.0822917
1 0.717578 0.377604 0.0601562 0.034375
0 0.655859 0.463021 0.0695312 0.0552083
0 0.68125 0.410937 0.0640625 0.0364583
0 0.5875 0.565104 0.0640625 0.0364583
0 0.20117200000000005 0.595312 0.030468800000000004 0.0885417
0 0.687109 0.5885419999999999 0.0382813 0.08125
0 0.5570310000000002 0.653125 0.0640625 0.05
0 0.7523440000000001 0.6291670000000001 0.06875 0.04375
0 0.792578 0.469792 0.0695312 0.0375
0 0.015234400000000002 0.846875 0.030468800000000004 0.0791667
0 0.6640620000000002 0.625 0.059375 0.0541667
0 0.16328099999999998 0.8291669999999999 0.0359375 0.0666667
0 0.525 0.902083 0.04375 0.12291700000000003
1 0.11796899999999999 0.379687 0.053125 0.0552083
0 0.555469 0.33541699999999997 0.028125 0.07291669999999999
0 0.8726559999999999 0.352604 0.0703125 0.0447917
0 0.601562 0.736458 0.0515625 0.0791667
0 0.351953 0.5906249999999998 0.0679687 0.0458333
0 0.4875 0.26614600000000005 0.06875 0.0447917
0 0.619922 0.490625 0.0664062 0.0375
1 0.8324220000000001 0.3125 0.0695312 0.0479167
0 0.3375 0.8895830000000001 0.0390625 0.0854167
0 0.662109 0.700521 0.0539063 0.053125
0 0.48632800000000004 0.7109380000000001 0.0445312 0.0739583
0 0.792188 0.539062 0.0796875 0.042708300000000005
0 0.583984 0.45468800000000004 0.0710938 0.0489583
0 0.16835900000000004 0.609375 0.0398437 0.0770833
0 0.814453 0.591146 0.0507812 0.078125
0 0.561328 0.814062 0.0382813 0.0760417
0 0.27148399999999995 0.857813 0.0601562 0.0447917
0 0.571094 0.7020830000000001 0.0640625 0.0625
0 0.415625 0.663021 0.0421875 0.090625
0 0.276953 0.809896 0.0632813 0.0364583
0 0.0621094 0.809896 0.0429688 0.0739583
0 0.865234 0.653646 0.0398437 0.078125
0 0.621875 0.659375 0.0625 0.0458333
0 0.6625 0.365104 0.0453125 0.0614583
0 0.755469 0.345833 0.0421875 0.0854167
0 0.6875 0.821354 0.0359375 0.09479169999999999
0 0.5148439999999999 0.556771 0.0703125 0.05729170000000001
0 0.2125 0.7755209999999999 0.0421875 0.07187499999999998
0 0.39179700000000006 0.538542 0.0585938 0.0666667
0 0.369922 0.25468699999999994 0.0601562 0.053125
0 0.177344 0.321354 0.046875 0.06354169999999999
0 0.20507799999999995 0.09375 0.0476562 0.075
0 0.305078 0.527083 0.0429688 0.0791667
0 0.860937 0.173438 0.04375 0.078125
0 0.597656 0.36093800000000004 0.0484375 0.0697917
2 0.4223076658662462 0.3573247957444694 0.08446153317324924 0.049738610512647954
2 0.538196746266751 0.4005188522422954 0.02749910382384861 0.03664950248300381
2 0.7390384152659308 0.8226425861983209 0.05205187509514198 0.037958413285968245
2 0.5092244761666249 0.8285326848116609 0.05794454020025237 0.03664950248300381
2 0.26516992972996856 0.7441079380204557 0.08642575487495269 0.0772257373749009
1 0.5870223872168453 0.6099445807166027 0.07365831381388017 0.05235643211857686
