2 0.7981239081806496 0.12441275014574421 0.03624781636130601 0.03949220029148855
2 0.7971249999999999 0.540167 0.01625 0.0276667
2 0.16619156063187596 0.018761137640539088 0.0413831212637528 0.03752217528107817
2 0.5190338262256122 0.6538648125468464 0.022067652451225196 0.03506292509369303
2 0.725 0.6910901249687691 0.013000000000000114 0.03648645006246194
2 0.45075 0.8150597499791791 0.01595441311280627 0.04637200033313039
2 0.022000000000000006 0.5000797501457441 0.014000000000000005 0.04749220029148868
2 0.2796253639397827 0.20014987494794853 0.024249272120433877 0.029032950104103086
2 0.5392499999999996 0.6767571249687689 0.015 0.03515305006246167
2 0.23212318030108534 0.6475190001665635 0.04574636060217124 0.03970530033313213
2 0.6317044131128061 0.8755146874947946 0.017000000000000005 0.03412307507287225
2 0.4513867606615806 0.05487692492712783 0.025226478676836153 0.03424605014574416
2 0.9494999999999999 0.5405 0.020500000000000004 0.021
2 0.7838746360602165 0.4083329999999999 0.028249272120435515 0.01866670000000001
2 0.6589772065564025 0.652287937515616 0.02218089178964428 0.03942917519779525
2 0.9255 0.741333 0.021 0.0266667
2 0.5665794131128061 0.5744402500208206 0.01375 0.021
2 0.011454413112806216 0.5126323123386403 0.018408826225612438 0.04473537532271918
2 0.7433863967217982 0.5903329999999998 0.015499272120434756 0.041399200208206505
2 0.5351930163910072 0.968351562609308 0.017886032782016628 0.04603582521861664
2 0.45375 0.271 0.017500000000000005 0.018666700000000005
2 0.5610000000000002 0.6585 0.022 0.015666699999999995
2 0.8690000000000001 0.429 0.014500000000000002 0.022666699999999998
2 0.7871249999999986 0.31923999991671725 0.01625 0.03751930016656447
2 0.29439742950381387 0.4081992501041032 0.019294859007628243 0.04573250020820604
2 0.55825 0.642167 0.025 0.021666699999999997
2 0.9544654458948206 0.7846076875780759 0.02743089178964559 0.029882675156157133
2 0.5239544131128061 0.7463951875364359 0.021500000000000012 0.02988267515615469
2 0.46962500000000007 0.3786669999999999 0.01775 0.03
2 0.9315246131425101 0.21431975006246176 0.048950773714974846 0.026639500124923728
2 0.5858750000000001 0.511333 0.02075 0.0146667
2 0.9371249999999999 0.33266699999999993 0.01275 0.0213333
2 0.8076025704961848 0.0941380625676669 0.024294859007625673 0.03294282513533405
2 0.39065919016539524 0.5730754374739743 0.019681619669209328 0.02918312505205113
2 0.39875 0.8241669999999999 0.02 0.0223333
2 0.8209169474893641 0.2921570627342318 0.021658826225613402 0.029456375072872007
2 0.8165569836089908 0.043896325093692706 0.01938603278201293 0.039792550187385464
2 0.9178532983757508 0.3174245625260253 0.046746360602172875 0.01672387486466661
2 0.5635452229474105 0.7384245625260256 0.02959044589482197 0.01751642505205151
2 0.4934544131128061 0.3966845626093081 0.01640882622561266 0.03670242521861661
2 0.5577499999999996 0.7856219375156154 0.025908826225612983 0.027123075072872115
2 0.9490224295038137 0.7139231249687681 0.024044859007628733 0.02615305006246022
2 0.9546250000000001 0.3166669999999999 0.01675 0.021999999999999992
2 0.661944108210356 0.9149578126301289 0.02961178357928611 0.038582325260258024
2 0.7029544131128056 0.06733473755725668 0.01640882622561378 0.042669575114513345
2 0.456875 0.8960000000000001 0.01625 0.024666699999999996
2 0.90975 0.515667 0.0235 0.0166667
2 0.824829413112806 0.8376669999999997 0.024658826225612596 0.024000000000000136
2 0.5112500000000001 0.631333 0.02 0.019333300000000005
2 0.7837603049024483 0.07263950012492364 0.033020609804902346 0.03927900024984726
2 0.3268749999999999 0.744833 0.01975 0.021666699999999997
2 0.7853279573536731 0.27233587511451296 0.039655914707351886 0.032005750229027276
2 0.421625 0.5345 0.02375 0.0203333
2 0.8245794131128057 0.13189374997917935 0.023567652451225832 0.03700575022902673
2 0.2131018426166201 0.05090987503123089 0.03165809834604683 0.029459250187385475
2 0.64275 0.8133329999999998 0.018499999999999996 0.024
2 0.14163821642071278 0.5143923124219225 0.04922356715857393 0.026549375156154218
2 0.478 0.5691669999999999 0.022 0.019
2 0.36770441311280627 0.5412993123386398 0.01940882622561245 0.048068675322718774
2 0.45312500000000006 0.400667 0.02025 0.022666699999999998
2 0.4761474295038134 0.4126816874947945 0.028566924571659685 0.036522175281077686
2 0.6224999999999995 0.7546351874531533 0.015000000000000005 0.03606292509369214
2 0.73225 0.7808329999999999 0.022 0.017
2 0.7455000000000002 0.071 0.018 0.018000000000000002
2 0.77725 0.555667 0.019499999999999997 0.0213333
2 0.5767499999999999 0.434833 0.022 0.019
2 0.603 0.4225 0.017500000000000005 0.0243333
2 0.6383750000000001 0.165 0.019250000000000003 0.0286667
2 0.87875 0.167833 0.020500000000000004 0.0256667
2 0.49274999999999997 0.32133300000000004 0.017 0.0286667
2 0.7793636032782009 0.7776048124635634 0.023908098346046854 0.03648932517697487
2 0.950375 0.560667 0.024250000000000004 0.016
2 0.7191470655640305 0.214167 0.036794131128063276 0.015666699999999992
2 0.07611444574629603 0.11427418936864932 0.021474295038139933 0.045200375739131486
2 0.02720077371497726 0.14324062734231816 0.023860327820155472 0.07130200116595384
2 0.07062657034766025 0.22409200366442655 0.04676624252750477 0.04329050070790057
2 0.03555188845203168 0.1948072531855526 0.026246360602171045 0.028011500458053326
2 0.12622113416862257 0.25051194159645407 0.01670222947410884 0.04138062567666966
2 0.31447912066964945 0.0763950012492363 0.040085350737861215 0.061116000999389054
2 0.3750843533328444 0.12000381446234204 0.02958680649699284 0.018462125301898766
2 0.37389133694183657 0.18684944055542377 0.042471383519876775 0.01464237523943696
2 0.30159454364676536 0.22186381612799047 0.03435887206102391 0.03119462551010483
2 0.09949756701004839 0.31003638006981743 0.0386537310686519 0.03310450054133573
2 0.14936565215417338 0.34123100557992225 0.024814740932961713 0.03692425060379753
2 0.1271755472814288 0.34664231816840974 0.017656642586915072 0.03628762559338726
2 0.10259940962666861 0.4007554440532855 0.032450045835411466 0.02610162542682239
2 0.3097070551056183 0.2527401291328901 0.026723567158574185 0.04711025077036242
2 0.31543353378245564 0.27088394192958376 0.021951501594543055 0.037560875614207824
2 0.3328515730911692 0.2731121294660198 0.041516970407070544 0.034377750562156355
2 0.3309427468655567 0.36574106848071886 0.03197283927900835 0.035014375572566696
2 0.15652375050022 0.4787420078285475 0.08398835392694731 0.03947075064543872
2 0.15437632099640605 0.5430411338799881 0.01193016391007776 0.043290500707900546
2 0.016225022917705733 0.4220823819020306 0.016225022917705733 0.04456375072872116
2 0.007873908180651314 0.4739673202504702 0.010975750797271528 0.059206125968158184
2 0.27343935681898196 0.5299903211665768 0.02958680649699284 0.04265387569749026
2 0.3469291665050608 0.5898330721451452 0.01908826225612418 0.04265387569749031
2 0.3321357632565644 0.5923795721867865 0.02099708848173682 0.036287625593387135
2 0.2743937699317882 0.6875550112431267 0.041994176963473684 0.04329050070790061
2 0.23645584869774097 0.742941387148823 0.01670222947410884 0.03947075064543879
2 0.17966826848577086 0.6585885732694581 0.03388166550462078 0.018462125301898766
2 0.1646362619590729 0.6649548233735609 0.015270609804899509 0.027374875447643075
2 0.07635304902449758 0.7550372623466188 0.030541219609799032 0.05856950095774784
2 0.18682636683181747 0.8167898883564182 0.05487875398635764 0.01909875031230905
2 0.15366051116180135 0.8282491385438037 0.07921628836291622 0.014005750229026679
2 0.2090164717045621 0.8384351387103685 0.015270609804899533 0.03310450054133573
2 0.39226378936335626 0.8179252470226533 0.06299126544521046 0.021645250353950304
2 0.3548030746857122 0.8319309972516801 0.03101842616620216 0.015279000249847241
2 0.40753439916825585 0.8500748100483739 0.027677980271380364 0.019735375322719458
2 0.39536563197997654 0.8707651228867087 0.026246360602171035 0.04329050070790061
2 0.4285314876499909 0.8819060605688875 0.030541219609802505 0.02228187536435809
2 0.3557574877985184 0.8914554357250435 0.03483607861742705 0.021008625343539894
2 0.4154083073489072 0.9016414358916083 0.00811251145885287 0.012095875197795711
2 0.19064401928304237 0.8440268724494758 0.03579049173023324 0.026738250437232672
2 0.17728223570375534 0.8596241852045283 0.03483607861742703 0.0299213754892842
2 0.14316196692093297 0.9500249366827913 0.030541219609799018 0.08594437640539081
2 0.18515614388440657 0.949706624177586 0.018133849143318163 0.04838350079118297
2 0.2445683601565938 0.9331543739069182 0.02624636060217099 0.0165522502706678
2 0.23001356018629898 0.9477967491463553 0.021951501594543055 0.015279000249847241
2 0.31638794689526184 0.9821744997085113 0.02672356715857413 0.028011500458053232
2 0.42757707453718646 0.9535263742400479 0.023860327820155475 0.024191750395591547
2 0.45668667447777617 0.8707651228867086 0.029586806496992735 0.021645250353950304
2 0.48293303507994717 0.8879539981677866 0.035313285173830145 0.024191750395591547
2 0.486750687531172 0.795961684163498 0.029586806496992735 0.04520037573913145
2 0.6089155659703682 0.791505309090626 0.007635304902449776 0.04520037573913145
2 0.6206071266022439 0.8749031854543753 0.0176566425869152 0.022281875364360656
2 0.6153578544818101 0.8784046230116321 0.017656642586915117 0.05220325085364478
2 0.6843142018820595 0.8567593726576819 0.05631037365556701 0.030558000499694482
2 0.7081745297022151 0.8733116229283496 0.010498544240868433 0.020372000333129612
2 0.6473306937608184 0.8290661847048338 0.014793403248496368 0.015915625260257648
2 0.6847914084384626 0.7860939965021383 0.01622502291770574 0.08530775139498052
2 0.6945741428447263 0.724023057987134 0.02720077371497727 0.015915625260257648
2 0.767109539417999 0.749169745898341 0.026246360602171084 0.015279000249847241
2 0.7296488247403549 0.7167018703674155 0.021951501594543055 0.01145925018738543
2 0.6241861757752676 0.6333039940036659 0.012407370466480903 0.02291850037477086
2 0.5156216841935602 0.6858255573625155 0.015747816361302645 0.015915625260257523
2 0.525404418599824 0.7173384953778258 0.0448574163018923 0.04583700074954185
2 0.44761974990611697 0.648901306758718 0.037222111399442516 0.02228187536436058
2 0.45453924497396214 0.5734612430250973 0.06251405888880741 0.11459250187385443
2 0.5029757104488778 0.6517661193055645 0.02576915404576799 0.040744000666259224
2 0.5144286678025525 0.49197324169257856 0.02576915404576799 0.01145925018738543
2 0.5585702742698401 0.5002493668279124 0.011930163910077807 0.01145925018738543
2 0.6110629954741821 0.4945197417342198 0.01670222947410884 0.016552250270667864
2 0.6676119724079507 0.4827421790416292 0.05249272120434198 0.02864812546846364
2 0.6234703659406629 0.5222129296870679 0.034836078617427144 0.02610162542682239
2 0.6976759854613467 0.5308073673276069 0.040085350737861264 0.042017250687080024
2 0.7212977100033006 0.6183433062590238 0.011930163910077713 0.03628762559338726
2 0.727024188680138 0.5581822427752499 0.055833167099163916 0.057296250936927216
2 0.7549407722297197 0.5199847421506317 0.031495632722605214 0.026738250437232672
2 0.7599514410719524 0.4856069915884755 0.02242870815094615 0.03183125052051511
2 0.7107991657624321 0.36910461468339023 0.05392434087355145 0.028011500458053357
2 0.732750667356975 0.3315437390691822 0.006203685233240403 0.03947075064543879
2 0.5981784184512982 0.2939828634549745 0.03483607861742705 0.025465000416412076
2 0.6676119724079506 0.40220911522472585 0.05249272120434207 0.026738250437232734
2 0.6437516445877951 0.39361467758418667 0.012407370466480806 0.018462125301898766
2 0.6222773495496552 0.39870767766746923 0.019088262256124398 0.04520037573913145
2 0.47505912689929586 0.393932990089392 0.017656642586915024 0.02801150045805329
2 0.4478583531843185 0.4292656781671637 0.020519881925333674 0.021008625343539956
2 0.456209467921373 0.4330854282296255 0.03340445894821768 0.03756087561420788
2 0.5070319661783043 0.29939417604346197 0.03579049173023324 0.017188875281078146
2 0.48030839901973005 0.14610543988916447 0.013838990135690182 0.07321187619718482
2 0.46646940888403987 0.13305462717575323 0.02242870815094615 0.03437775056215634
2 0.4702870613352647 0.1680690027483199 0.023383121263752336 0.03819750062461813
2 0.5900659069924454 0.12318693951439355 0.037699317955845704 0.03374112555174604
2 0.6843142018820595 0.18589450303980837 0.026723567158574185 0.015279000249847241
2 0.6950513494011296 0.20626650337293803 0.029109599940589644 0.02037200033312967
2 0.908853547727006 0.16233937765462714 0.026723567158574185 0.024191750395591485
2 0.8983550034861375 0.19321569065952685 0.03340445894821768 0.02228187536436061
2 0.7754743152123368 0.2406442539350944 0.04724344908390795 0.025465000416412108
2 0.8597012724174856 0.2626078167942498 0.04867506875311723 0.009549375156154526
2 0.7959941971376705 0.27215719195040433 0.014793403248496368 0.028648125468463608
2 0.9236469509755022 0.33550138048622946 0.023860327820155614 0.06620900108267146
2 0.8002890561452983 0.5691427593068106 0.020519881925333775 0.03183125052051517
2 0.8546906035752531 0.5293536961561667 0.03292725239181457 0.02482837540600183
2 0.887379252688866 0.5761456344213239 0.03626769828663624 0.025465000416412108
2 0.9095693575616104 0.5621398841922972 0.02433753437655871 0.05602300091610665
2 0.8950145575913158 0.5344466962394491 0.01908826225612449 0.02355512538518121
2 0.930805049321549 0.4952942580992154 0.01717943603051193 0.02291850037477086
2 0.8492027281766172 0.5580018216246302 0.015270609804899462 0.0388341256350285
2 0.8704384199365555 0.5389030713123211 0.023383121263752336 0.01464237523943696
2 0.9720834164504183 0.7321187619718479 0.029109599940589644 0.020372000333129733
2 0.905513101832184 0.7754092626797485 0.024814740932961613 0.028011500458053357
2 0.8780737248390053 0.8021475131169811 0.04533462285829539 0.031831250520515046
2 0.8346479282063223 0.7563105123674394 0.009066924571659153 0.028011500458053357
2 0.8167526823412057 0.7919615129504162 0.024814740932961613 0.02291850037477086
2 0.8587468593046793 0.8384351387103683 0.01813384914331812 0.03692425060379753
2 0.8697226101019508 0.858488826538293 0.014316196692093365 0.033741125551746014
2 0.7819166037237787 0.8629452016111651 0.07253539657327265 0.04774687578077269
2 0.8005276594234999 0.8298407010698292 0.020042675368930684 0.023555125385181272
