2 0.6065789473684212 0.2681318681318682 0.08421052631578947 0.14945054945054945
2 0.2631578947368421 0.4120879120879122 0.08684210526315789 0.12087912087912088
2 0.5157894736842105 0.6054945054945055 0.0921052631578947 0.11208791208791212
2 0.6802631578947369 0.5406593406593406 0.08684210526315789 0.0923076923076923
2 0.8684210526315789 0.49120879120879124 0.10526315789473681 0.10329670329670329
2 0.24144736842105263 0.823076923076923 0.09078947368421053 0.12087912087912088
0 0.34013157894736845 0.9582417582417583 0.08026315789473686 0.07472527472527472
0 0.6368421052631578 0.9417582417582417 0.08947368421052632 0.1076923076923077
2 0.028947368421052624 0.6043956043956045 0.052631578947368404 0.1582417582417582
0 0.3039473684210527 0.03406593406593406 0.06052631578947368 0.05934065934065933
0 0.034868421052631576 0.02087912087912088 0.06710526315789474 0.03296703296703297
