1 0.279687 0.7822919999999999 0.0578125 0.04375
2 0.5498635216290646 0.2546671277673701 0.09276527534395322 0.05524844446525993
2 0.6768926762795848 0.7083336780483798 0.0729604186020808 0.14839828967987534
0 0.735156 0.386979 0.04375 0.084375
1 0.5414060000000002 0.422917 0.0453125 0.0770833
0 0.528516 0.29843800000000004 0.0710938 0.0489583
0 0.6800780000000001 0.626562 0.0617188 0.042708300000000005
0 0.48046900000000003 0.39010400000000006 0.0421875 0.07187499999999998
0 0.22968700000000003 0.48749999999999993 0.0640625 0.05625
0 0.6597659999999999 0.583854 0.0664062 0.046875
0 0.819531 0.779167 0.0609375 0.05833330000000001
0 0.7425779999999998 0.28281300000000004 0.0617188 0.0489583
1 0.751562 0.239583 0.06875 0.04375
0 0.20195299999999997 0.649479 0.0664062 0.040625
0 0.484766 0.26510400000000006 0.0273438 0.078125
0 0.7890619999999999 0.419271 0.053125 0.084375
0 0.7890619999999999 0.32760400000000006 0.071875 0.040625
1 0.22460899999999998 0.6932290000000001 0.0617188 0.0489583
0 0.8257809999999999 0.303125 0.0578125 0.05833330000000001
1 0.61875 0.678125 0.0390625 0.08125
0 0.6964839999999998 0.404167 0.0492188 0.0958333
0 0.292188 0.610937 0.040625 0.065625
0 0.136719 0.714063 0.0328125 0.0739583
0 0.5542970000000002 0.368229 0.0679687 0.07187499999999998
0 0.597656 0.5734380000000001 0.0390625 0.09270830000000001
0 0.166406 0.3875 0.0390625 0.0791667
1 0.497656 0.756771 0.0484375 0.078125
0 0.515625 0.20677099999999995 0.0703125 0.051041699999999995
0 0.665625 0.25104200000000004 0.065625 0.0479167
0 0.270312 0.7265619999999999 0.0640625 0.0489583
0 0.490234 0.441667 0.0554687 0.05833330000000001
0 0.205469 0.417188 0.040625 0.0885417
0 0.153125 0.594792 0.034375 0.075
0 0.3375 0.514063 0.0453125 0.046875
0 0.891016 0.733854 0.0367187 0.0885417
0 0.8375 0.705729 0.0484375 0.0760417
0 0.8878910000000001 0.6374999999999998 0.0335938 0.0833333
0 0.732813 0.17552100000000004 0.0546875 0.0552083
0 0.8464839999999998 0.415104 0.0648438 0.0447917
0 0.44843799999999995 0.3625 0.0375 0.0791667
0 0.561328 0.655729 0.0664062 0.053125
0 0.523438 0.689062 0.0515625 0.0739583
0 0.8089839999999999 0.226562 0.0523437 0.078125
0 0.609766 0.3187499999999999 0.0382813 0.0666667
0 0.637891 0.301042 0.0445312 0.0708333
0 0.34257799999999994 0.739062 0.0460938 0.084375
0 0.628906 0.44375 0.0390625 0.0916667
0 0.4722660000000001 0.860937 0.0398437 0.09479169999999999
1 0.12499592647203904 0.7644865217560337 0.06006297765539539 0.04218803414513425
0 0.4468198540445292 0.3052859962532267 0.047888049752274654 0.04759675647143351
2 0.47035804799056247 0.2987955294616676 0.038148107429778186 0.05841420112403204
3 0.6805784697844462 0.3236756521626441 0.023538193946033403 0.036779311818834974
1 0.8063860581166935 0.36153670844673896 0.06412128695643553 0.028125356096756128
2 0.7946169611436766 0.4702520272053542 0.03733644556957003 0.03137058949253571
