1 0.782625 0.7716670000000001 0.02075 0.02
1 0.7985 0.377833 0.0215 0.015666699999999995
1 0.09725 0.897 0.014500000000000002 0.025333300000000003
1 0.36875 0.461 0.019499999999999997 0.018666700000000005
1 0.800875 0.545833 0.019250000000000003 0.0276667
1 0.78175 0.515833 0.016 0.0243333
1 0.44549999999999995 0.348667 0.022 0.0166667
1 0.251125 0.7101669999999999 0.01675 0.0243333
1 0.65375 0.323833 0.017500000000000005 0.023
1 0.7304999999999999 0.219833 0.014000000000000002 0.03300000000000001
1 0.28337499999999993 0.296833 0.015250000000000001 0.0223333
1 0.2525 0.6835 0.0165 0.0323333
1 0.783875 0.496833 0.01625 0.025
1 0.902 0.7224999999999998 0.017 0.021
1 0.47775 0.144667 0.017 0.024666699999999996
1 0.06175 0.518833 0.016 0.0223333
1 0.587 0.966667 0.017 0.0266667
1 0.7552499999999999 0.402833 0.020500000000000004 0.021
1 0.8392500000000002 0.811833 0.013499999999999998 0.025
1 0.78925 0.529167 0.014500000000000002 0.025
1 0.797 0.5016670000000001 0.014000000000000002 0.025333300000000003
1 0.08712499999999998 0.879667 0.019250000000000003 0.022666699999999998
1 0.6229999999999999 0.306833 0.019499999999999997 0.018333300000000004
1 0.473 0.911833 0.014000000000000002 0.029000000000000005
1 0.7095 0.489333 0.0165 0.024
1 0.519 0.9336670000000001 0.016 0.0306667
1 0.46787500000000004 0.717667 0.01275 0.029333299999999996
1 0.69225 0.08266670000000001 0.021 0.0173333
1 0.744125 0.705833 0.019250000000000003 0.0223333
1 0.469375 0.9445000000000001 0.02275 0.017
1 0.21675 0.889 0.019499999999999997 0.0213333
1 0.175125 0.3295 0.019250000000000003 0.025
1 0.3815 0.417 0.0245 0.0153333
1 0.705375 0.096 0.02175 0.018000000000000002
1 0.562 0.129833 0.021 0.018333300000000004
1 0.237 0.39333299999999993 0.0165 0.024666699999999996
1 0.15862499999999996 0.8711670000000001 0.01475 0.030333300000000004
1 0.99025 0.647333 0.016 0.026000000000000002
1 0.362625 0.284333 0.02125 0.0173333
1 0.66675 0.15 0.018 0.019333300000000005
1 0.72925 0.6963329999999998 0.018 0.024666699999999996
1 0.280625 0.337833 0.015250000000000001 0.021666699999999997
1 0.08437500000000002 0.4435 0.01975 0.0236667
1 0.510125 0.126667 0.01675 0.020666699999999996
1 0.32075 0.262 0.025 0.0173333
1 0.367125 0.8668330000000001 0.01775 0.023
1 0.130875 0.571 0.019250000000000003 0.020666699999999996
1 0.671125 0.10366699999999998 0.019250000000000003 0.0166667
1 0.7385 0.6031669999999999 0.02 0.0196667
1 0.45612499999999995 0.892333 0.02025 0.022666699999999998
1 0.3183750000000001 0.283 0.02175 0.018666700000000005
1 0.409125 0.814667 0.01475 0.03
1 0.6551249999999998 0.17033300000000004 0.01975 0.0153333
1 0.629875 0.63 0.022250000000000002 0.019333300000000005
1 0.757 0.42133299999999996 0.019499999999999997 0.016
1 0.6830000000000002 0.2375 0.021 0.019
1 0.892125 0.715833 0.01825 0.021
1 0.726625 0.7468330000000001 0.01825 0.0223333
1 0.46800000000000014 0.878333 0.018 0.029333299999999996
1 0.4241249999999999 0.45350000000000007 0.01625 0.031
1 0.02825 0.255333 0.020500000000000004 0.0233333
1 0.726125 0.523333 0.02025 0.0173333
1 0.77 0.601 0.019 0.020666699999999996
1 0.529625 0.942667 0.01775 0.024666699999999996
1 0.438875 0.908333 0.015250000000000001 0.032
1 0.36737499999999995 0.347667 0.01625 0.0273333
1 0.671875 0.6725000000000001 0.01975 0.019
1 0.91775 0.10850000000000001 0.018 0.0323333
1 0.25275000000000003 0.314667 0.013499999999999998 0.022666699999999998
1 0.6177500000000001 0.39649999999999996 0.018 0.023
1 0.652125 0.130333 0.015250000000000001 0.035333300000000005
1 0.7775 0.415167 0.0165 0.019
1 0.25625 0.2915 0.014500000000000002 0.027000000000000003
1 0.6466249999999999 0.0966667 0.024250000000000004 0.016
1 0.217 0.4415 0.014500000000000002 0.031
1 0.37412500000000004 0.891833 0.014250000000000002 0.029666699999999997
1 0.0715 0.834667 0.015 0.028000000000000008
1 0.259625 0.985333 0.01675 0.024666699999999996
1 0.093375 0.449 0.019250000000000003 0.0266667
1 0.758625 0.5074999999999998 0.01825 0.021
1 0.85675 0.7921669999999998 0.019499999999999997 0.021666699999999997
1 0.544125 0.941667 0.01825 0.0266667
1 0.558125 0.1545 0.02075 0.0196667
1 0.897875 0.506667 0.023250000000000003 0.018666700000000005
1 0.132125 0.1075 0.01775 0.021
1 0.976125 0.167833 0.019250000000000003 0.018333300000000004
1 0.019875 0.64 0.01725 0.0313333
1 0.5723749999999999 0.229833 0.01325 0.03300000000000001
1 0.6807500000000001 0.2895 0.014000000000000002 0.028333299999999995
1 0.27025 0.3386670000000001 0.016 0.032
1 0.6294999999999998 0.10316700000000001 0.015 0.028333299999999995
1 0.834375 0.445333 0.01675 0.025333300000000003
1 0.8870000000000001 0.6156669999999999 0.02 0.021999999999999992
1 0.72375 0.650667 0.017500000000000005 0.0273333
1 0.05975 0.09300000000000001 0.014500000000000002 0.0306667
1 0.336375 0.562167 0.02025 0.023
1 0.35675000000000007 0.8511669999999998 0.015 0.029000000000000005
1 0.485875 0.814833 0.022250000000000002 0.019
1 0.8184999999999999 0.537833 0.020500000000000004 0.0163333
1 0.05525 0.8436669999999998 0.0165 0.022666699999999998
1 0.632625 0.08050000000000003 0.01975 0.019
1 0.550875 0.444833 0.01725 0.028333299999999995
1 0.67825 0.396167 0.020500000000000004 0.0176667
1 0.07925 0.658167 0.0165 0.030333300000000004
1 0.18637500000000004 0.636 0.01825 0.021999999999999992
1 0.690375 0.669667 0.02025 0.026000000000000002
1 0.49737500000000007 0.634667 0.01625 0.0266667
1 0.44075 0.157167 0.013000000000000001 0.029000000000000005
1 0.6625 0.3845 0.015 0.031
1 0.79175 0.305167 0.02 0.0203333
1 0.016749999999999998 0.40683299999999994 0.016 0.0316667
1 0.8664999999999999 0.621167 0.014500000000000002 0.029000000000000005
1 0.547 0.233333 0.02 0.018666700000000005
1 0.358625 0.796833 0.01975 0.0196667
1 0.5225 0.907833 0.0165 0.028333299999999995
1 0.401 0.465833 0.014000000000000002 0.028333299999999995
1 0.17587499999999998 0.075 0.019250000000000003 0.0286667
1 0.7390000000000001 0.4985 0.0225 0.017
1 0.292375 0.34766700000000006 0.02075 0.020666699999999996
1 0.5074999999999998 0.35883299999999996 0.016 0.0323333
1 0.65775 0.0605 0.020500000000000004 0.019
1 0.6231250000000002 0.186833 0.02125 0.0176667
1 0.427125 0.197333 0.01675 0.0313333
1 0.562625 0.103333 0.01625 0.028000000000000008
1 0.966875 0.6055 0.02125 0.0176667
1 0.490875 0.764 0.02175 0.018666700000000005
1 0.9496250000000002 0.742167 0.01375 0.029666699999999997
1 0.804625 0.276333 0.02025 0.0173333
1 0.44750000000000006 0.172 0.017 0.024666699999999996
1 0.8990000000000002 0.7490000000000001 0.0225 0.02
1 0.333 0.8295000000000001 0.0155 0.027000000000000003
1 0.59175 0.151833 0.0165 0.031
1 0.05625 0.8906669999999999 0.02 0.028000000000000008
1 0.0625 0.911 0.018499999999999996 0.020666699999999996
1 0.685125 0.4765 0.01725 0.021666699999999997
1 0.662125 0.028000000000000004 0.01775 0.0286667
1 0.3985 0.38049999999999995 0.02 0.0203333
1 0.7485 0.55 0.019499999999999997 0.022666699999999998
1 0.211875 0.35850000000000004 0.019250000000000003 0.021666699999999997
1 0.879 0.6776669999999999 0.018499999999999996 0.0273333
1 0.7235 0.417333 0.02 0.018000000000000002
1 0.609375 0.606833 0.02125 0.0176667
1 0.589375 0.645 0.01725 0.020666699999999996
1 0.395125 0.555833 0.01825 0.0223333
1 0.5530000000000002 0.551833 0.014000000000000002 0.029000000000000005
1 0.30762500000000004 0.177167 0.014250000000000002 0.0336667
1 0.345125 0.08433330000000001 0.014250000000000002 0.032
1 0.763625 0.7685 0.02075 0.023
1 0.6415 0.4084999999999999 0.023 0.018333300000000004
1 0.40775 0.0121667 0.0215 0.021
1 0.51325 0.047 0.024 0.02
1 0.35637500000000005 0.49666699999999997 0.014250000000000002 0.0306667
1 0.199875 0.882667 0.01775 0.024666699999999996
1 0.41025 0.203167 0.015 0.0316667
1 0.416125 0.6046669999999998 0.02125 0.018666700000000005
1 0.9280000000000002 0.7495 0.017500000000000005 0.029000000000000005
1 0.3375 0.292667 0.018 0.0286667
1 0.22787499999999997 0.358 0.01975 0.024
1 0.8078749999999999 0.465 0.01625 0.024666699999999996
1 0.3390000000000001 0.44866700000000004 0.014500000000000002 0.03
1 0.543 0.1355 0.020500000000000004 0.021
1 0.61525 0.5945 0.0225 0.0196667
1 0.056375 0.577333 0.019250000000000003 0.025333300000000003
1 0.13775 0.9038330000000001 0.019 0.019
1 0.32625 0.5238330000000001 0.017 0.030333300000000004
1 0.9647499999999998 0.7586669999999998 0.018499999999999996 0.025333300000000003
1 0.05025 0.54 0.014500000000000002 0.028000000000000008
1 0.645 0.191167 0.013499999999999998 0.0263333
1 0.018125 0.541833 0.01575 0.0316667
1 0.811 0.893667 0.023 0.020666699999999996
1 0.08475000000000002 0.8968330000000002 0.014500000000000002 0.027000000000000003
1 0.13649999999999998 0.038500000000000006 0.015 0.03300000000000001
1 0.030249999999999996 0.486833 0.016 0.028333299999999995
1 0.41424999999999995 0.523167 0.018 0.0276667
1 0.76325 0.845833 0.022 0.017
1 0.8597500000000001 0.685333 0.0155 0.028000000000000008
1 0.7955 0.8938330000000001 0.014000000000000002 0.029000000000000005
1 0.12487500000000003 0.333333 0.02025 0.0173333
1 0.8734999999999999 0.7213329999999999 0.014500000000000002 0.0273333
1 0.26 0.332667 0.013000000000000001 0.025333300000000003
1 0.161375 0.590667 0.01625 0.0326667
1 0.78525 0.31899999999999995 0.015 0.026000000000000002
1 0.53625 0.21600000000000003 0.0225 0.018000000000000002
1 0.077375 0.640833 0.02125 0.018333300000000004
1 0.773875 0.890833 0.01475 0.025
1 0.095875 0.914667 0.01775 0.025333300000000003
1 0.039625 0.5935000000000001 0.014250000000000002 0.0316667
1 0.921375 0.7078330000000002 0.02275 0.017
1 0.31012500000000004 0.989167 0.01675 0.021666699999999997
1 0.061625 0.6556669999999998 0.014250000000000002 0.0333333
1 0.540625 0.2575 0.014250000000000002 0.029666699999999997
1 0.46425 0.17866700000000002 0.013499999999999998 0.028000000000000008
1 0.04225 0.6481670000000002 0.016 0.029666699999999997
1 0.525625 0.228333 0.01625 0.020666699999999996
1 0.083625 0.839667 0.019250000000000003 0.0233333
1 0.23487500000000006 0.3051670000000001 0.01375 0.031
1 0.381625 0.204167 0.01675 0.025
1 0.03325 0.202833 0.020500000000000004 0.019
1 0.134875 0.868833 0.022250000000000002 0.0223333
1 0.17575 0.9125 0.018499999999999996 0.0276667
1 0.5411249999999999 0.0446667 0.02075 0.020666699999999996
1 0.418375 0.921833 0.015250000000000001 0.0323333
1 0.7048749999999999 0.486 0.01575 0.028000000000000008
1 0.5082499999999999 0.2145 0.017500000000000005 0.0256667
1 0.77575 0.555167 0.019499999999999997 0.023
1 0.0525 0.8225 0.016 0.0316667
1 0.6945 0.46683300000000005 0.017 0.0256667
1 0.292 0.27416699999999994 0.014000000000000002 0.031
1 0.504875 0.243833 0.02175 0.018333300000000004
1 0.379 0.578833 0.022 0.0203333
1 0.26925 0.30433299999999996 0.0155 0.0333333
1 0.671 0.32783300000000004 0.022 0.0203333
1 0.6123117799006981 0.31364249695262036 0.021691207109232283 0.026043750425876023
1 0.5932235176445736 0.32174499708511517 0.014750020834277924 0.022571250369092535
1 0.578039672668111 0.32550687214663054 0.015617669118647214 0.02199250035962868
1 0.3509327342344492 0.23117062060401303 0.010845603554616142 0.03125250051105119
1 0.34269007553294095 0.24592874584534274 0.014316196692093275 0.0248862504069482
1 0.28152087148490584 0.3127743719384245 0.01691914154520116 0.02315000037855651
1 0.4693667250508573 0.15766936940209628 0.024727976104524818 0.01620500026498954
1 0.22512373300090205 0.3793706312035938 0.023860327820155475 0.015626250255525564
1 0.40993281757156097 0.8738324979368673 0.014316196692093275 0.03241000052997896
1 0.4042931037231606 0.8862756231403414 0.014316196692093365 0.03183125052051517
1 0.7574259554614617 0.6912368699510034 0.02386032782015552 0.01909875031230905
1 0.8529336157994052 0.6175262600979934 0.019955910540493785 0.018520000302845136
