0 0.4215 0.752667 0.024 0.020666699999999996
0 0.7851250000000001 0.973667 0.01475 0.0273333
0 0.486 0.05566669999999999 0.022 0.0233333
0 0.10225 0.283667 0.023 0.024666699999999996
0 0.42124999999999985 0.5260256250331238 0.021499999999999984 0.01738455006624744
0 0.6971250000000001 0.47050000000000003 0.01875 0.018333300000000004
0 0.661375 0.31749999999999995 0.02025 0.0163333
0 0.6725 0.155 0.0165 0.028000000000000008
0 0.03825 0.8108330000000001 0.017500000000000005 0.029666699999999997
0 0.29949999999999993 0.19299999999999998 0.019499999999999997 0.021999999999999992
0 0.6905 0.6355 0.019 0.017
1 0.661 0.7178330000000003 0.018 0.019
0 0.843 0.621333 0.0155 0.024
0 0.455 0.37150000000000005 0.013499999999999998 0.023
0 0.9046249999999999 0.526667 0.01875 0.02
0 0.40962499999999996 0.538167 0.01275 0.0316667
0 0.09512499999999999 0.256 0.02025 0.016
0 0.316125 0.975333 0.01375 0.0266667
0 0.40475 0.33149999999999996 0.0225 0.017
2 0.510426472426554 0.13906075004731955 0.018352944853107667 0.03212080009463916
0 0.77475 0.634833 0.013499999999999998 0.028333299999999995
0 0.6535 0.7705 0.0155 0.0223333
0 0.5178749999999999 0.129333 0.01575 0.025333300000000003
0 0.42487499999999995 0.10416699999999998 0.02025 0.015
2 0.805 0.45433299999999993 0.018 0.018666700000000005
0 0.446375 0.513167 0.024250000000000004 0.015666699999999995
0 0.8971250000000001 0.541667 0.02125 0.0166667
0 0.44800000000000006 0.962167 0.0165 0.023
0 0.415125 0.550833 0.01675 0.0236667
0 0.109625 0.2375 0.02075 0.017
2 0.9434485275734461 0.48449999999999993 0.023602944853107866 0.017666700000000004
0 0.5268750000000001 0.31350000000000006 0.01675 0.025
0 0.753 0.21099999999999994 0.023 0.0166667
0 0.628375 0.35416700000000007 0.014250000000000002 0.0276667
0 0.0935 0.289833 0.012 0.023
0 0.815125 0.7584999999999998 0.02125 0.019
0 0.425 0.8071670000000001 0.024 0.0203333
0 0.46229043964453836 0.4274487499337524 0.012080879289076982 0.024897499867505574
0 0.6367500000000001 0.703833 0.016 0.0256667
0 0.705125 0.424833 0.02075 0.017
0 0.081 0.250667 0.023 0.0173333
0 0.78275 0.6698329999999999 0.02 0.021666699999999997
0 0.8587500000000001 0.152333 0.024 0.016
0 0.47674999999999995 0.570167 0.021 0.021666699999999997
0 0.778125 0.6505 0.01975 0.021666699999999997
0 0.24825 0.19899999999999998 0.019499999999999997 0.021999999999999992
0 0.39149999999999996 0.249167 0.0265 0.019
0 0.7923750000000002 0.970833 0.01225 0.0336667
0 0.294375 0.0751667 0.01625 0.0276667
0 0.48125000000000007 0.18183299999999997 0.015 0.021666699999999997
0 0.788875 0.6494999999999999 0.01475 0.025
0 0.78275 0.6905 0.0125 0.0263333
0 0.64975 0.586833 0.0245 0.0163333
0 0.732375 0.314333 0.01725 0.022666699999999998
0 0.053125 0.4045 0.01775 0.0196667
0 0.142 0.17583299999999993 0.014000000000000002 0.029000000000000005
0 0.263 0.719833 0.019499999999999997 0.0196667
2 0.4060441207109232 0.775167 0.014544110293784355 0.02299999999999998
0 0.7723749999999999 0.963667 0.014250000000000002 0.0213333
1 0.2651102965687386 0.7559117500094636 0.022250000000000002 0.018000000000000002
0 0.708875 0.390667 0.01475 0.0286667
0 0.922 0.167667 0.0155 0.0233333
0 0.048375 0.61 0.01975 0.0213333
0 0.42825 0.45683299999999993 0.018 0.0276667
0 0.2881250000000001 0.11349999999999999 0.01575 0.03300000000000001
0 0.343125 0.123667 0.014250000000000002 0.028000000000000008
0 0.5208749999999999 0.9469999999999998 0.02275 0.018666700000000005
1 0.094125 0.601333 0.015250000000000001 0.029333299999999996
0 0.062375 0.6065 0.02275 0.0203333
0 0.9649999999999999 0.352333 0.02 0.025333300000000003
0 0.479 0.059166699999999996 0.014500000000000002 0.031
0 0.051625 0.31199999999999994 0.019250000000000003 0.0266667
0 0.5155 0.290333 0.014000000000000002 0.029333299999999996
0 0.038000000000000006 0.726667 0.015 0.032
0 0.766875 0.215333 0.01625 0.026000000000000002
0 0.15324999999999997 0.18099999999999997 0.0155 0.029333299999999996
0 0.8705000000000002 0.99 0.017500000000000005 0.02
0 0.6423749999999999 0.870667 0.01625 0.0313333
0 0.8831249999999998 0.9534999999999999 0.02025 0.023
0 0.914875 0.542667 0.01825 0.024
0 0.529875 0.4408329999999999 0.019250000000000003 0.029000000000000005
0 0.661875 0.807333 0.019250000000000003 0.028000000000000008
0 0.2615 0.642667 0.017 0.029333299999999996
0 0.024250000000000004 0.806333 0.015 0.029333299999999996
0 0.6236249999999999 0.396333 0.019250000000000003 0.020666699999999996
0 0.75975 0.978833 0.02 0.0223333
0 0.08237500000000003 0.5475 0.022250000000000002 0.0143333
0 0.752625 0.6751670000000002 0.023250000000000003 0.018333300000000004
0 0.43450000000000005 0.4225 0.022 0.017
0 0.5065 0.229833 0.0155 0.0336667
0 0.27225 0.581167 0.0155 0.027000000000000003
1 0.351125 0.946 0.01625 0.0273333
0 0.7615 0.7066669999999999 0.016 0.0266667
1 0.792625 0.581333 0.01725 0.0233333
1 0.4395000000000001 0.8185692500283918 0.0155 0.031
0 0.37549999999999994 0.815333 0.0245 0.0213333
0 0.4945000000000001 0.222833 0.016 0.0256667
0 0.488125 0.5824999999999999 0.015250000000000001 0.0256667
0 0.9345 0.742 0.025 0.0173333
0 0.4325 0.492833 0.023 0.018333300000000004
0 0.11899999999999998 0.337667 0.017 0.0266667
0 0.070125 0.520833 0.02075 0.0203333
0 0.991 0.693 0.018 0.018000000000000002
0 0.272375 0.11916699999999998 0.01875 0.0243333
0 0.43162500000000004 0.508833 0.02075 0.025
0 0.417 0.7795000000000001 0.018 0.0276667
0 0.8980000000000001 0.485 0.0155 0.0286667
0 0.9008749999999999 0.502667 0.02075 0.019333300000000005
0 0.19662499999999997 0.5923329999999999 0.01375 0.034666699999999995
0 0.9521250000000001 0.460667 0.01475 0.025333300000000003
0 0.39525 0.229167 0.024 0.021
0 0.6666250000000001 0.766833 0.02175 0.0223333
1 0.6217500000000001 0.442167 0.015 0.030333300000000004
0 0.742375 0.48383299999999996 0.02175 0.0196667
0 0.501875 0.9513329999999999 0.01325 0.028000000000000008
0 0.6625 0.333333 0.0215 0.022666699999999998
0 0.917875 0.5130000000000001 0.01475 0.03
0 0.720625 0.393667 0.01225 0.0306667
0 0.49325 0.250833 0.021 0.021
1 0.646125 0.1855 0.02175 0.019
0 0.35025 0.567667 0.0155 0.032
0 0.1245 0.417667 0.014500000000000002 0.029333299999999996
0 0.345875 0.7616669999999998 0.015250000000000001 0.0313333
1 0.52425 0.605 0.015 0.0286667
0 0.610375 0.42316700000000007 0.01575 0.029666699999999997
0 0.6060000000000001 0.267 0.015 0.034
0 0.684125 0.305 0.014250000000000002 0.0313333
0 0.926 0.145333 0.018 0.022666699999999998
0 0.8065000000000001 0.21850000000000003 0.018 0.023
0 0.773875 0.16683299999999998 0.01575 0.031
0 0.5084999999999998 0.184167 0.017500000000000005 0.0256667
1 0.582125 0.479333 0.01975 0.022666699999999998
0 0.7095 0.560333 0.014500000000000002 0.026000000000000002
0 0.818375 0.283 0.02025 0.019333300000000005
0 0.41375 0.06450000000000002 0.018 0.0263333
0 0.721625 0.253167 0.023250000000000003 0.018333300000000004
0 0.01375 0.541333 0.021 0.024
0 0.261 0.27766699999999994 0.022 0.019333300000000005
0 0.69825 0.7231670000000001 0.0165 0.029666699999999997
0 0.503375 0.167833 0.01825 0.0223333
0 0.76325 0.736333 0.0155 0.024
0 0.39925 0.7893329999999998 0.013499999999999998 0.03
0 0.576375 0.2775 0.01575 0.025
0 0.20525 0.9441669999999998 0.016 0.0263333
0 0.951625 0.1705 0.01725 0.0323333
0 0.67175 0.0661667 0.017500000000000005 0.031
0 0.679375 0.754833 0.02125 0.0176667
0 0.19699999999999998 0.255667 0.022 0.019333300000000005
0 0.06075 0.5043329999999999 0.017500000000000005 0.0266667
0 0.27474999999999994 0.245667 0.018499999999999996 0.022666699999999998
0 0.8844999999999998 0.652333 0.014500000000000002 0.0306667
0 0.43 0.551167 0.016 0.035
0 0.9211250000000001 0.19383300000000003 0.01625 0.029666699999999997
0 0.689375 0.445667 0.022250000000000002 0.018666700000000005
0 0.724375 0.7358329999999998 0.01275 0.029000000000000005
0 0.463125 0.48 0.01725 0.0286667
0 0.3565 0.9768329999999998 0.02 0.027000000000000003
0 0.171875 0.401667 0.01975 0.0233333
0 0.9149999999999998 0.7195 0.0225 0.0236667
0 0.1235 0.4855 0.016 0.0256667
0 0.76 0.817667 0.02 0.0213333
0 0.271 0.148333 0.021 0.022666699999999998
0 0.6928750000000001 0.621 0.022250000000000002 0.019333300000000005
0 0.745875 0.6171670000000001 0.01375 0.031
0 0.788875 0.23533299999999996 0.01675 0.032
0 0.602375 0.7871669999999997 0.01775 0.029666699999999997
1 0.56125 0.570167 0.020500000000000004 0.0196667
0 0.087 0.4535 0.0225 0.0223333
0 0.8826249999999999 0.7755 0.02125 0.021666699999999997
0 0.707125 0.6853330000000001 0.02375 0.0213333
0 0.9149999999999998 0.3675 0.0235 0.021666699999999997
0 0.691125 0.9413329999999999 0.023250000000000003 0.022666699999999998
0 0.387 0.3545 0.023 0.0196667
0 0.4175 0.6388329999999999 0.0225 0.0223333
0 0.3272500000000001 0.773 0.0215 0.025333300000000003
0 0.122625 0.250333 0.02125 0.024
0 0.1121435407547308 0.20082625328397724 0.013448548407723993 0.025465000416412108
0 0.10411779412431488 0.20603500336915243 0.019088262256124387 0.030095000492123367
2 0.24272460755230907 0.21992500359628633 0.01518384497646257 0.012732500208206054
0 0.28372098898875797 0.13050812713411203 0.010411779412431448 0.02372875038802038
2 0.37807773991391835 0.23960250391805932 0.012580900123354687 0.015047500246061713
2 0.3956476176723964 0.3081843800395328 0.02082355882486294 0.027201250444803794
2 0.4145189678574286 0.31831250520515125 0.010845603554616142 0.023150000378556454
2 0.3945630573169348 0.32988750539442946 0.013448548407724028 0.013890000227133947
2 0.5427140018729912 0.14844937742749326 0.02863239338418655 0.03877625063408208
0 0.6453487637640525 0.3368325055079964 0.019522086398309046 0.0185200003028452
2 0.465528656828517 0.4412968822162324 0.016485317403016606 0.01678375027445346
2 0.2729107376985345 0.5547318840711591 0.032970634806033024 0.026043750425876023
1 0.007158098346046646 0.6678775109213535 0.012580900123354713 0.03125250051105113
2 0.3971660021700427 0.757294387383528 0.009977955270246803 0.01678375027445352
2 0.862911571069652 0.9519637492144954 0.022558855393601484 0.04167000068140158
1 0.6251759411524666 0.9884249998107216 0.013014724265539335 0.021992500359628617
