2 0.09390444810543658 0.15494505494505495 0.05601317957166392 0.11648351648351647
0 0.455518945634267 0.09670329670329672 0.06754530477759473 0.09670329670329672
0 0.6894563426688634 0.1175824175824176 0.09719934102141681 0.09010989010989011
0 0.6054365733113675 0.04615384615384615 0.054365733113673806 0.0923076923076923
2 0.6532125205930808 0.2923076923076923 0.06425041186161448 0.14065934065934066
2 0.6919275123558484 0.4186813186813187 0.07248764415156508 0.11648351648351647
2 0.8113673805601319 0.4230769230769231 0.08731466227347612 0.0945054945054945
2 0.49176276771004945 0.3956043956043957 0.09060955518945635 0.0835164835164835
0 0.3245469522240527 0.4296703296703297 0.09225700164744646 0.06373626373626373
2 0.4983525535420099 0.48681318681318686 0.08401976935749589 0.08131868131868131
2 0.7553542009884678 0.5340659340659341 0.07084019769357495 0.08791208791208793
2 0.8533772652388797 0.6824175824175823 0.09225700164744646 0.06813186813186813
0 0.9637561779242172 0.6285714285714284 0.06589785831960461 0.1010989010989011
2 0.943986820428336 0.4153846153846154 0.09225700164744646 0.08791208791208793
0 0.9859967051070838 0.3395604395604396 0.01812191103789127 0.12967032967032968
0 0.9703459637561777 0.4681318681318681 0.052718286655683705 0.0835164835164835
2 0.5321252059308074 0.6483516483516483 0.085667215815486 0.07472527472527472
2 0.35831960461285006 0.6527472527472526 0.09060955518945635 0.08791208791208793
2 0.2965403624382208 0.7549450549450549 0.052718286655683705 0.12967032967032968
2 0.526359143327842 0.8835164835164835 0.08731466227347612 0.0791208791208791
2 0.7191103789126854 0.9604395604395605 0.10049423393739704 0.07032967032967033
2 0.07331136738056014 0.7505494505494508 0.08731466227347612 0.08571428571428572
0 0.013179571663920924 0.4230769230769231 0.023064250411861616 0.12527472527472527
0 0.013179571663920924 0.8945054945054944 0.023064250411861616 0.07472527472527472
0 0.33278418451400327 0.9725274725274724 0.08896210873146623 0.05054945054945055
2 0.028006589785831967 0.5989010989010989 0.052718286655683705 0.12087912087912088
