1 0.41301009893790974 0.7039215029108113 0.04656758162521401 0.0768399866040738
1 0.42880981413217883 0.7319976518622999 0.04046944593619784 0.0635407581533687
1 0.3013033406345691 0.7017049648356939 0.0526657173142301 0.051719221752742024
2 0.22784852438051126 0.6935776585602631 0.03326255830372431 0.1211707481064242
3 0.4110697830368592 0.48300654142409905 0.032708182331995565 0.04285306945227194
0 0.47731771165844344 0.5849672928795046 0.028827550529894358 0.08127306275430884
0 0.20872255335586984 0.6026995974804448 0.03825194204928292 0.08275075480438719
0 0.27829673780782643 0.7685705301017388 0.06430761272053358 0.059846528028172974
0 0.3761440968179487 0.7984937941158254 0.0637532367488049 0.06797383430360375
0 0.3514743660760199 0.7604432238263079 0.0554375971728738 0.06427960417840792
0 0.3232011915178542 0.7452968803130049 0.04878508551212892 0.051719221752742024
0 0.09978767491117285 0.6130434418309931 0.05543759717287382 0.05615229790297696
0 0.17102498727831564 0.5251207648513319 0.044904453710027735 0.09309459915493562
0 0.13471336113008334 0.5657572962284864 0.06319886077707614 0.03989768535211525
0 0.09147203533524177 0.5727763334663584 0.04435007773829903 0.06575729622848626
0 0.08592827561795438 0.530292687026606 0.04656758162521401 0.06945152635368218
0 0.06264448480534739 0.5 0.047676333568671465 0.08275075480438719
0 0.12722928551174537 0.49926115397496085 0.04601320565348525 0.08275075480438727
1 0.12196271378032235 0.43276501172143533 0.059872604946703704 0.05910768200313376
1 0.17490561908041685 0.43572039582159205 0.03825194204928294 0.06797383430360383
1 0.3240327554754473 0.45640808452268883 0.05377446925768754 0.06649614225352549
1 0.3714319010582544 0.27539080838809177 0.03880631802101166 0.0842284468544656
2 0.22868008833810444 0.3673771385054686 0.07373200423992214 0.06723498827856461
0 0.2940964530020955 0.3459506037793327 0.04157819787965535 0.08496729287950472
0 0.27136703816121727 0.4878090405868537 0.03270818233199554 0.09087806107981815
0 0.20456473356790428 0.44865020125977756 0.04324132579484157 0.07610114057903469
0 0.4720511399270204 0.5025859610876371 0.06042698091843237 0.06427960417840792
0 0.38529130035147285 0.6909916974726259 0.04545882968175646 0.07019037237872132
1 0.48036677950295137 0.6909916974726258 0.07151450035300723 0.04802499162754611
0 0.48895960706474684 0.635578245594688 0.04989383745558637 0.06871268032864306
0 0.6516689547671314 0.7929524489280315 0.029381926501623058 0.09531113723005319
3 0.730113154766748 0.7578572627386709 0.03326255830372435 0.05615229790297706
1 0.6314342317990325 0.6710428547965682 0.05876385300324626 0.03768114727699768
1 0.7370428544133573 0.5432224924647916 0.06264448480534733 0.037681147276997784
1 0.739260358300272 0.5923557531298965 0.019403159010505756 0.07536229455399557
0 0.6752299335656028 0.650724589107991 0.05987260494670367 0.05910768200313365
0 0.658044278442012 0.5831201778169067 0.03437131024718175 0.07757883262911303
0 0.6957418445195662 0.5912474840923377 0.03437131024718175 0.09826652133020979
0 0.6306026678414394 0.5140380744757442 0.05820947703151749 0.04433076150235029
2 0.797747023317654 0.34447291172925437 0.027718798586436878 0.03472576317684109
0 0.6020523052974095 0.248422928474162 0.027718798586436954 0.08201190877934807
0 0.6353148636011337 0.43608981883411163 0.06319886077707618 0.048024991627546205
0 0.6871490169577708 0.4671213518857569 0.049339461483857726 0.073145756478878
0 0.7015627922227179 0.5206876887010967 0.06153573286188978 0.03694230125195856
0 0.7417550501730514 0.48596192552425577 0.0687426204943635 0.04876383765258532
0 0.7187484473463088 0.40838309289514263 0.06264448480534733 0.06649614225352539
0 0.7456356819751526 0.34595060377933273 0.04435007773829898 0.08348960082942641
0 0.7245693950494605 0.30790003348981526 0.033262558303724196 0.09013921505477893
0 0.6857630770284489 0.336715028466343 0.0354800621906393 0.08422844685446554
0 0.650560202823674 0.3005115732394236 0.06818824452263464 0.04580845355242868
0 0.643076127205336 0.25027004353675997 0.05987260494670367 0.04876383765258538
0 0.5549303477004667 0.14703035898279515 0.03548006219063922 0.07388460250391715
