0 0.5089119863504447 0.876681130960377 0.03408979812873788 0.0973570018733868
0 0.4598064438078579 0.8620775806793688 0.047888049752274654 0.07464036810292965
0 0.35794288035174815 0.8426061803046916 0.05032303533289885 0.07680385703344944
1 0.23172946108939704 0.7971729127637778 0.05925131579518732 0.061659434519811526
0 0.16436152669212928 0.8496375193288805 0.06574461067685172 0.0497602454019531
0 0.14406998018692813 0.7539031341533838 0.03814810742977815 0.0832943238250086
1 0.48253297589368316 0.7111742277756197 0.05925131579518728 0.043269778610394036
0 0.6432420242148761 0.7019793998209108 0.04464140231144251 0.0832943238250086
1 0.07629621485955627 0.5954275699928155 0.05032303533289885 0.06706815684611081
1 0.12783674298276718 0.6289616484158709 0.05925131579518732 0.06274117898507142
1 0.08157201695090859 0.5083471405393974 0.04951137347269079 0.04002454521461456
0 0.6237621395698831 0.5683839583613192 0.0689912581176839 0.041106289679874355
1 0.2215836878367964 0.5727109362223586 0.06493294881664363 0.036779311818834974
3 0.20859709807346774 0.5375542411014134 0.03571312184915403 0.03569756735357518
1 0.21833704039596433 0.43370677243646766 0.053569682773731045 0.046515012006173716
1 0.4594006128777539 0.6170624592980125 0.05519300649414713 0.05625071219351236
1 0.3831043980181976 0.4807626566752712 0.04869971161248274 0.0670681568461109
1 0.3924385094105901 0.42343020001649906 0.0689912581176839 0.0497602454019531
1 0.4387032354424487 0.42937979457542824 0.05113469719310682 0.05733245665877215
1 0.5823673846992726 0.3953048439197429 0.0641212869564356 0.041106289679874355
1 0.4760396810120189 0.2763129527411592 0.03652478370936204 0.06274117898507142
1 0.38797436917944594 0.3731290823819159 0.06168630137581151 0.05949594558929184
1 0.16314403390181717 0.3752925713124357 0.03895976928998621 0.09194827954708738
0 0.23659943225064534 0.6138172259022329 0.05925131579518732 0.056250712193512256
0 0.28448748200292 0.5867736142707366 0.060874639515603436 0.041106289679874355
0 0.26663092107834296 0.5424220911950828 0.04951137347269077 0.043269778610394036
0 0.3092431687392654 0.5526986636150513 0.06168630137581151 0.04651501200617361
0 0.3396804884970671 0.5878553587359965 0.05275802091352302 0.03461582288831519
0 0.3080256759489533 0.48725312346683025 0.06249796323601952 0.04543326754091382
0 0.33156386989498665 0.5159193517962164 0.05762799207477132 0.027043611631496333
0 0.2195545331862764 0.49266184579312955 0.04464140231144251 0.07139513470715016
0 0.15624490809004876 0.5224098185877755 0.07061458183809995 0.04651501200617361
1 0.1704489906436896 0.5840692531075871 0.034089798128737935 0.08978479061656765
0 0.24999185294407802 0.3953048439197429 0.05681633021456317 0.05841420112403204
0 0.4119183940555833 0.6116537369717132 0.05275802091352297 0.04543326754091382
0 0.42490498381891195 0.5635161082676499 0.0641212869564356 0.05733245665877215
1 0.6675918800211176 0.504020162678358 0.05600466835435513 0.07031339024189037
0 0.6805784697844465 0.3985500773155225 0.04626472603185866 0.08653955722078813
0 0.6395895458439401 0.32985930377152184 0.058439653934979276 0.05516896772825241
0 0.5705982877262561 0.3428402373546401 0.050323035332898815 0.07031339024189037
0 0.8388851207487029 0.33689064279571085 0.03814810742977811 0.08653955722078815
0 0.7914029019265324 0.4153171165270501 0.058439653934979276 0.0811308348944889
0 0.7276874459002007 0.6468104320926584 0.031654812548113795 0.08762130168604797
0 0.6655953135942851 0.6338294985095402 0.06330962509622759 0.05949594558929184
0 0.5495276675845348 0.5061836516088777 0.06330962509622752 0.05084198986721309
0 0.48215973318726685 0.4840078900710508 0.06655627253705976 0.06923164577663057
0 0.536541077821206 0.38502827149977426 0.047076387892066675 0.0638229234503313
0 0.5251778117782934 0.41639886099231 0.04869971161248274 0.06814990131137068
0 0.49068218271945135 0.43208415573857784 0.04951137347269074 0.06923164577663057
0 0.47404311458518633 0.3633933821945773 0.06006297765539536 0.055168967728252465
0 0.40748684204812663 0.33310453716730143 0.06006297765539536 0.05084198986721299
1 0.33119062718857045 0.277935569439049 0.03571312184915403 0.0897847906165677
0 0.30115913836087266 0.3201236035841832 0.04220641673081838 0.08113083489448886
0 0.3035941239414969 0.2449423632486235 0.03084315068790572 0.0843760682902685
0 0.4382974045123445 0.1795695812331354 0.050323035332898815 0.043269778610394063
1 0.3916268475503819 0.11628753001543406 0.03977143115019427 0.08545781275552827
0 0.2301061373689809 0.21851238198249004 0.051134697193106905 0.0692316457766305
0 0.2434985580624137 0.32073723394954606 0.03895976928998618 0.07896734596396918
0 0.19114636807899477 0.2936936223180498 0.031654812548113795 0.0897847906165677
