2 0.328375 0.7056669999999999 0.01325 0.0233333
2 0.21352940686252242 0.3149905000189266 0.027941186274953872 0.02127830011356713
2 0.4257830983460464 0.317454500094639 0.03656619669209392 0.03224170018927843
2 0.33318382414218434 0.8517201249763399 0.022367648284369688 0.02256045004731928
2 0.9245661758578139 0.41599999999999937 0.024838241421845784 0.03059330015142285
2 0.7036102965687376 0.3726395000567832 0.026220593137479323 0.029945000113567852
2 0.7779411758578147 0.7297618750615145 0.015750000000001 0.038644550217671284
2 0.358625 0.352167 0.01825 0.0196667
2 0.46325000000000005 0.33933300000000005 0.021 0.011333299999999998
2 0.5622352965687383 0.11051080032177282 0.017470593137477876 0.06568830064354625
2 0.73175 0.886833 0.017500000000000005 0.0223333
2 0.43812866023210634 0.36019824976340187 0.0382426795357853 0.058270800473195036
2 0.6802941207109227 0.5898974998675045 0.01558824142184745 0.04887170026498851
2 0.07234927420386197 0.8041062499526794 0.03456619669209332 0.025926700151420803
2 0.7881249999999993 0.855815000037855 0.01524999999999998 0.03763000007571184
2 0.8058345603554613 0.49262237500473177 0.016669120710923416 0.038329550179814334
2 0.4026323725499081 0.6193956249574111 0.049264745099818326 0.021875450085172932
2 0.06462499999999989 0.4779373750425875 0.015749999999999983 0.03854205008517535
2 0.5422499999999981 0.9728898747965243 0.012999999999999977 0.05421955040694571
2 0.11 0.1435 0.014000000000000002 0.029000000000000005
2 0.5374852861515987 0.23836062537382421 0.029029427696799167 0.07205455074764955
2 0.9028749999999998 0.9204999999999999 0.01775 0.0243333
2 0.4839264620094141 0.35236049994321617 0.030647075981168358 0.030611700113565996
0 0.9577500000000001 0.6913329999999998 0.022 0.018000000000000002
2 0.09130882414218458 0.32496487498580384 0.01658824142184649 0.03968125014195913
2 0.22650000000000006 0.38833300000000004 0.014500000000000002 0.0286667
2 0.8110257362132763 0.9467011250141957 0.0175514724265543 0.02740295002839237
2 0.89775 0.134167 0.026000000000000002 0.0196667
2 0.657875 0.179167 0.01975 0.025
2 0.619018384497646 0.2964032500283916 0.026036768995293204 0.021472500056783708
2 0.5015551430757991 0.0652473249195565 0.045977976104524414 0.04721955040694792
2 0.429625 0.5485 0.01975 0.017
2 0.7042058792890744 0.8188424999810706 0.019985296568741494 0.0425567002271368
2 0.17525 0.827667 0.019499999999999997 0.019333300000000005
2 0.31925 0.379333 0.023 0.0173333
2 0.071125 0.2985 0.019250000000000003 0.019
2 0.53775 0.871 0.015 0.029333299999999996
2 0.368125 0.088 0.01775 0.026000000000000002
2 0.16087499999999996 0.7425 0.02175 0.0196667
2 0.008625 0.6775 0.01725 0.021
2 0.363125 0.746 0.02275 0.018000000000000002
2 0.435375 0.5855 0.01975 0.0196667
2 0.1349816155023535 0.606932624881701 0.019933824142185006 0.044413750350164864
2 0.561875 0.21283300000000005 0.01725 0.021666699999999997
2 0.33770587928907664 0.6098329999999996 0.026588241421846327 0.020999999999999974
2 0.17662499999999867 0.9638993747775916 0.018485296568741184 0.0597104504258634
2 0.1325 0.29916700000000007 0.0225 0.0203333
2 0.7311176482843686 0.41297250005678326 0.023235296568739478 0.028611700113567194
0 0.7699852965687384 0.2863245000189278 0.020500000000000004 0.025
2 0.173625 0.564 0.01625 0.0273333
2 0.41887500000000005 0.0828333 0.019250000000000003 0.021666699999999997
2 0.029066217526371233 0.06887125112620546 0.01388237254990865 0.06019000098424679
2 0.060735379905850324 0.10012375163725666 0.03644122794351019 0.021992500359628617
2 0.09739351992045286 0.09375750153315364 0.05075742463560348 0.02778000045426775
2 0.03318754687712536 0.10706875175082359 0.02646327267326336 0.030095000492123394
2 0.07114715931828182 0.17854437791961664 0.07635304902449756 0.04919375080443247
2 0.1468494721295024 0.1461343773896376 0.05769861091055782 0.02372875038802035
2 0.2884930545527889 0.18375312800479177 0.028632393384186564 0.02951625048265968
0 0.28957761490825074 0.05613875091799939 0.029066217526371244 0.03125250051105122
2 0.06984568689172789 0.2424962539653789 0.01735296568738582 0.037040000605690335
2 0.1648531740301652 0.2398918789227913 0.06247067647458892 0.02372875038802037
2 0.38415127790450326 0.07523750123030838 0.02906621752637141 0.023150000378556426
2 0.5483537157213917 0.1562625025552561 0.026897096815448055 0.018520000302845167
2 0.4650594804219398 0.20429875334076072 0.013014724265539427 0.02199250035962865
2 0.5618022641291156 0.27317000446696615 0.011279427696800837 0.02083500034070079
2 0.6006295248546414 0.20227312830763705 0.021257382967047635 0.03877625063408208
2 0.5891331850867482 0.20487750335022464 0.013014724265539335 0.032410000529979055
2 0.6153795456889192 0.15857750259311174 0.035139755516956264 0.07060750115459723
2 0.7398870744959125 0.2384450038991315 0.014316196692093365 0.023150000378556454
2 0.7860893456385771 0.06337312603629829 0.016485317403016606 0.045721250747648996
2 0.9331557298391719 0.16031375262150344 0.03470593137477162 0.03125250051105119
2 0.9487733989578189 0.1394787522808025 0.054661841915265554 0.0219925003596286
2 0.8342791776854653 0.4343518821026654 0.02689709681544797 0.03298875053944299
2 0.8863380747476228 0.3486968807020066 0.022558855393601675 0.026043750425876023
2 0.9570514099237201 0.5344756337399222 0.013882372549908534 0.01909875031230905
2 0.7644334907937375 0.463578757580593 0.025161800246709463 0.06597750107888586
0 0.741874635400136 0.42393438193231503 0.0017352965687385902 0.00289375004731951
2 0.7154113627268726 0.37879188119413 0.012147075981170036 0.05382375088014373
2 0.6676907070865616 0.44737375731560347 0.03730887622787951 0.039355000643545995
2 0.7401393388313973 0.5029337582241391 0.013882372549908628 0.021992500359628617
2 0.6833083762052088 0.5006187581862833 0.016485317403016512 0.03588250058676244
2 0.573984692374678 0.34927563071147055 0.013882372549908721 0.04919375080443247
2 0.489822808790857 0.3116568800963163 0.019955910540493605 0.053823750880143795
2 0.5264809488054596 0.346671255668883 0.016051493260831867 0.030095000492123426
2 0.3082674052865829 0.2497306290836778 0.01691914154520116 0.03646125059622642
2 0.32995861239581514 0.2685400043912549 0.04641918321375706 0.01967750032177297
2 0.28202104468441186 0.2644887543250075 0.015617669118647214 0.02083500034070079
2 0.25555777201114854 0.34725000567834685 0.019088262256124353 0.12038000196849358
2 0.20610181980209902 0.3050012549874813 0.0277647450998173 0.03125250051105119
2 0.18310914026631278 0.3061587550064091 0.030367689952925162 0.021992500359628617
2 0.11760169479643133 0.4407181322067684 0.05292654534652673 0.03877625063408208
2 0.14601717610952558 0.5969806347620247 0.029066217526371244 0.01794125029338122
2 0.20653564394428361 0.5937975097099731 0.03730887622787951 0.03588250058676256
2 0.31217182256624476 0.581354384506499 0.016051493260831867 0.06771375110727762
2 0.3034953397225518 0.49280563305852065 0.04641918321375706 0.03414625055837076
2 0.27139235320088806 0.5283987586405511 0.034272107232586974 0.02199250035962868
2 0.2781166274047501 0.549523133985984 0.028632393384186595 0.02951625048265951
2 0.2998078345139823 0.5150875084228812 0.024294151962340173 0.01736250028391737
2 0.38223442152906495 0.45084625737238704 0.011279427696800787 0.04051250066247376
2 0.4080469579890514 0.44361188225408804 0.01691914154520116 0.04224875069086556
2 0.42453227539206784 0.5107468833519018 0.014316196692093275 0.01794125029338122
2 0.8577056813634363 0.573830634383468 0.03210298652166373 0.03877625063408208
2 0.4909073691463185 0.6736650110159929 0.11322810111019235 0.03125250051105125
2 0.5353743437202446 0.7772612627100329 0.05119124877778813 0.0497725008138964
2 0.3236681623341378 0.803883763145373 0.032970634806033024 0.023150000378556454
2 0.18701355754597457 0.7439831371658578 0.030367689952925186 0.05961125097478294
2 0.24883349780728653 0.8157481383393832 0.010845603554616142 0.030673750501587348
2 0.2006436657603984 0.9111618735472895 0.0603015557636657 0.07813125127762807
2 0.2826364286332964 0.9210006237081759 0.03166916237947913 0.03646125059622649
2 0.39282776074819625 0.9496487491766398 0.009110306985877552 0.01736250028391731
2 0.5468353312237454 0.8839606231024857 0.008242658701508207 0.0214137503501647
2 0.5936883385796871 0.9551468742665468 0.017786789829570455 0.01794125029338122
2 0.6312141268786587 0.822902497104043 0.03383828309040232 0.06019000098424685
2 0.6446626752863829 0.8272431221750223 0.022558855393601574 0.04456375072872116
2 0.6652693220401535 0.8142212469620843 0.029933865810740493 0.028937500473195595
2 0.6635340254714148 0.8370818723359088 0.021257382967047635 0.012153750198742076
2 0.7394532503537279 0.9548574992618148 0.049022128066864894 0.07639500124923632
2 0.7639643143871602 0.9626706243895775 0.013882372549908628 0.026043750425876023
2 0.712773065609372 0.972219999545732 0.04945595220904954 0.020835000340700918
2 0.7568062160411136 0.8674662478327643 0.026463272673263313 0.07755250126816403
2 0.7761113903683303 0.9291031238406707 0.010411779412431542 0.03646125059622649
2 0.7880415542784082 0.9291031238406707 0.013448548407723984 0.026043750425876023
2 0.8270857270750259 0.8281112471892178 0.031669162379479074 0.027780000454267772
2 0.9757908031686873 0.6091934856974427 0.042270026213402465 0.04716338349373128
