0 0.653625 0.7525 0.01375 0.0196667
0 0.7655 0.25333300000000003 0.013499999999999998 0.0233333
2 0.48925 0.301833 0.015 0.0223333
0 0.7265 0.7080000000000001 0.014500000000000002 0.026000000000000002
0 0.7594999999999998 0.266667 0.0225 0.018000000000000002
1 0.039375 0.449833 0.01875 0.0236667
0 0.9946249999999999 0.618833 0.01075 0.0256667
1 0.652625 0.3421670000000001 0.019250000000000003 0.023
0 0.24287500000000006 0.018833300000000004 0.01675 0.019
0 0.46487500000000004 0.623667 0.009749999999999998 0.034
0 0.786125 0.529833 0.01875 0.025
0 0.3082500000000001 0.6878329999999999 0.013499999999999998 0.029666699999999997
0 0.351125 0.515 0.01775 0.0286667
0 0.366125 0.530833 0.01825 0.0243333
0 0.70325 0.9291669999999997 0.015 0.0236667
2 0.4154430163910079 0.21881975006246202 0.017886032782015237 0.03430620012492344
0 0.33 0.9425 0.025 0.021
0 0.3037500000000001 0.819333 0.019499999999999997 0.0266667
0 0.44525 0.020500000000000004 0.014500000000000002 0.028333299999999995
0 0.5792500000000002 0.7675 0.0225 0.0236667
0 0.22887499999999997 0.5736669999999999 0.02175 0.0173333
0 0.611625 0.851333 0.02025 0.019333300000000005
0 0.627125 0.204167 0.02025 0.0176667
0 0.773375 0.196333 0.01625 0.0306667
0 0.6573750000000002 0.31733299999999987 0.01625 0.025333300000000003
0 0.799 0.46716700000000005 0.020500000000000004 0.021
0 0.7235 0.722 0.018 0.025333300000000003
1 0.635125 0.31300000000000006 0.022250000000000002 0.018000000000000002
0 0.202625 0.197333 0.01825 0.019333300000000005
0 0.7432500000000001 0.512333 0.017500000000000005 0.024666699999999996
0 0.673125 0.314167 0.02075 0.017
0 0.72275 0.693833 0.022 0.0176667
0 0.5775 0.0423333 0.0225 0.02
0 0.7659999999999999 0.527667 0.015 0.0266667
0 0.84525 0.253 0.0215 0.020666699999999996
0 0.8961250000000001 0.8846670000000002 0.01475 0.0306667
0 0.6197500000000001 0.7483330000000001 0.021 0.022666699999999998
0 0.203875 0.171667 0.01825 0.020666699999999996
1 0.41887500000000005 0.5415 0.015250000000000001 0.029666699999999997
0 0.83175 0.494667 0.016 0.024666699999999996
0 0.22412499999999994 0.7795000000000001 0.01475 0.0276667
0 0.794 0.552333 0.0235 0.0173333
0 0.823375 0.885833 0.02125 0.015
0 0.252 0.012000000000000002 0.021 0.019333300000000005
0 0.10475 0.5983330000000001 0.013000000000000001 0.036000000000000004
0 0.7507499999999996 0.4214245625260258 0.017 0.03018312505205143
0 0.260875 0.139167 0.022250000000000002 0.018333300000000004
0 0.29849999999999993 0.554 0.0245 0.0213333
0 0.24312499999999995 0.879667 0.01875 0.022666699999999998
1 0.695625 0.513 0.01875 0.0213333
0 0.5819999999999999 0.1865 0.0225 0.018333300000000004
0 0.25762500000000005 0.876833 0.023250000000000003 0.019
0 0.333875 0.385333 0.01725 0.026000000000000002
0 0.464625 0.04766669999999999 0.01325 0.0306667
0 0.935375 0.0268333 0.02075 0.0196667
0 0.898375 0.638667 0.02075 0.02
0 0.582 0.6560000000000001 0.014500000000000002 0.0313333
0 0.83225 0.591667 0.019 0.018000000000000002
0 0.911125 0.192667 0.01825 0.024666699999999996
0 0.648 0.146167 0.017500000000000005 0.0203333
0 0.23349999999999999 0.7175 0.018 0.030333300000000004
0 0.698875 0.319 0.019250000000000003 0.021999999999999992
0 0.102375 0.125 0.02025 0.02
0 0.817625 0.473333 0.01225 0.0306667
0 0.847875 0.455167 0.01875 0.0243333
0 0.21087500000000003 0.540833 0.01675 0.0276667
0 0.256125 0.121833 0.01375 0.0256667
0 0.7773749999999999 0.702333 0.02125 0.0173333
0 0.31675 0.310333 0.02 0.02
0 0.9452499999999999 0.745 0.0215 0.0146667
0 0.925875 0.2065 0.01675 0.025
0 0.023999999999999994 0.0296667 0.019 0.0273333
0 0.14712500000000003 0.3335 0.02275 0.018333300000000004
0 0.9427499999999999 0.7594999999999998 0.020500000000000004 0.0196667
0 0.707125 0.0763333 0.015250000000000001 0.0306667
1 0.4436249999999999 0.61 0.02175 0.0213333
0 0.962875 0.7635 0.02025 0.0256667
0 0.019875 0.286833 0.01975 0.0243333
0 0.03574999999999999 0.475167 0.013000000000000001 0.029000000000000005
0 0.397 0.03266669999999999 0.015 0.0313333
0 0.671 0.741 0.02 0.021999999999999992
1 0.342625 0.847 0.01975 0.025333300000000003
0 0.01725 0.47566699999999995 0.0155 0.025333300000000003
0 0.963875 0.782833 0.02375 0.0196667
0 0.39399999999999996 0.884667 0.0155 0.0333333
0 0.713625 0.835167 0.01975 0.0176667
0 0.460875 0.617 0.01775 0.0266667
0 0.5115000000000001 0.710167 0.019 0.027000000000000003
0 0.659 0.827667 0.021 0.02
0 0.12275 0.3953329999999999 0.017 0.032
1 0.820375 0.219833 0.015250000000000001 0.028333299999999995
0 0.5656250000000002 0.236833 0.01725 0.0223333
0 0.6338749999999999 0.551833 0.01625 0.027000000000000003
0 0.782625 0.5775 0.01675 0.030333300000000004
0 0.8035 0.520167 0.0235 0.018333300000000004
0 0.5878749999999999 0.878667 0.025250000000000005 0.018666700000000005
0 0.8690000000000001 0.9305 0.0225 0.019
0 0.02375 0.7119999999999999 0.0155 0.0333333
0 0.41025 0.5435000000000001 0.014000000000000002 0.031
0 0.4678750000000001 0.632167 0.01575 0.031
0 0.7567499999999999 0.9495 0.0215 0.0243333
0 0.381875 0.376 0.02075 0.019333300000000005
0 0.757875 0.5106669999999999 0.01625 0.032
0 0.41137499999999994 0.722667 0.02275 0.018666700000000005
0 0.60925 0.17566699999999996 0.014000000000000002 0.03
0 0.425 0.902 0.014000000000000002 0.0286667
0 0.260375 0.476167 0.01875 0.023
0 0.47212499999999996 0.699333 0.019250000000000003 0.026000000000000002
0 0.28024999999999994 0.19350000000000006 0.016 0.027000000000000003
0 0.372125 0.398167 0.02025 0.0236667
0 0.48137500000000005 0.009000000000000001 0.02125 0.018000000000000002
0 0.9347499999999997 0.813167 0.021 0.0176667
0 0.15950000000000003 0.13216700000000003 0.02 0.025
0 0.188 0.07533329999999999 0.0155 0.032
0 0.535 0.0725 0.024 0.018333300000000004
0 0.241 0.193 0.016 0.029333299999999996
0 0.151125 0.9358330000000001 0.01775 0.029000000000000005
0 0.35137500000000005 0.876833 0.02175 0.0236667
0 0.43125 0.09483329999999998 0.018499999999999996 0.0256667
0 0.805 0.9010000000000001 0.013499999999999998 0.032
0 0.14574999999999996 0.680667 0.018 0.0233333
0 0.276625 0.07799999999999999 0.01825 0.024666699999999996
0 0.759875 0.795667 0.019250000000000003 0.024
0 0.24875 0.856 0.0245 0.02
0 0.263625 0.462667 0.01775 0.021999999999999992
0 0.30075 0.10116700000000002 0.017 0.0256667
0 0.3835 0.906333 0.0215 0.022666699999999998
0 0.43375 0.735333 0.015 0.0333333
0 0.029000000000000005 0.965167 0.014500000000000002 0.03300000000000001
0 0.60175 0.8363330000000002 0.017500000000000005 0.024666699999999996
0 0.30725 0.8718330000000001 0.0235 0.021
0 0.508375 0.654 0.01825 0.025333300000000003
0 0.26575 0.035 0.017500000000000005 0.026000000000000002
0 0.4927500000000001 0.7731670000000002 0.014500000000000002 0.0256667
0 0.8587500000000001 0.2655 0.017500000000000005 0.0256667
0 0.30512500000000004 0.0636667 0.014250000000000002 0.0326667
0 0.49024999999999996 0.644667 0.0215 0.021999999999999992
0 0.4465 0.0585 0.0245 0.021
0 0.498125 0.849833 0.015250000000000001 0.0336667
0 0.8983750000000001 0.666833 0.02025 0.0243333
0 0.010499999999999999 0.574833 0.018499999999999996 0.0263333
0 0.38975000000000004 0.856667 0.017 0.0273333
0 0.8825 0.447333 0.019499999999999997 0.024
0 0.29675000000000007 0.833333 0.0155 0.0306667
0 0.26625 0.107333 0.019 0.029333299999999996
0 0.275375 0.217667 0.02275 0.02
0 0.48912499999999987 0.7013329999999999 0.02075 0.020666699999999996
0 0.535125 0.29866699999999996 0.02125 0.02
0 0.589875 0.201167 0.02075 0.021
0 0.24512499999999998 0.801833 0.01875 0.0203333
0 0.023 0.33966700000000005 0.019499999999999997 0.029333299999999996
0 0.897875 0.03900000000000001 0.022250000000000002 0.020666699999999996
0 0.413125 0.325 0.02375 0.019333300000000005
0 0.476625 0.272 0.01725 0.025333300000000003
0 0.282625 0.132 0.02075 0.0233333
0 0.23662500000000006 0.144 0.01325 0.03
0 0.2849999999999999 0.887667 0.0225 0.018000000000000002
2 0.5822499999999999 0.0616667 0.0215 0.0166667
0 0.40712499999999996 0.6510000000000001 0.023250000000000003 0.019333300000000005
0 0.43525000000000014 0.927833 0.023 0.021
0 0.28575 0.525833 0.0235 0.0196667
0 0.494375 0.920667 0.02025 0.021999999999999992
0 0.43075 0.585333 0.021 0.022666699999999998
0 0.4025 0.829833 0.0215 0.0223333
0 0.22237499999999996 0.8725 0.02175 0.0223333
0 0.6378749999999996 0.38228793751561546 0.02075 0.01924317503123091
0 0.48449999999999993 0.591 0.018 0.022666699999999998
0 0.257125 0.204667 0.01775 0.029333299999999996
0 0.41075 0.6110000000000002 0.013499999999999998 0.036000000000000004
1 0.22674999999999998 0.487167 0.018 0.027000000000000003
0 0.2525 0.059166699999999996 0.019 0.0243333
0 0.117375 0.326 0.01775 0.0233333
0 0.4335000000000001 0.5475 0.017500000000000005 0.028333299999999995
0 0.174375 0.794667 0.01875 0.028000000000000008
0 0.206875 0.3836669999999999 0.019250000000000003 0.022666699999999998
0 0.28112499999999996 0.8306669999999999 0.01325 0.0313333
0 0.3858750000000001 0.7390000000000001 0.01975 0.018000000000000002
0 0.18899999999999997 0.35949999999999993 0.021 0.0243333
2 0.5075091727347073 0.23777944138824803 0.03483607861742705 0.05538637590569631
2 0.3025626178168551 0.39216100641274637 0.0224287081509462 0.034377750562156355
2 0.24649084743948968 0.40457519411574727 0.013361783579287046 0.010822625176975152
2 0.6299263155093885 0.7572654498830549 0.010021337684465247 0.019735375322719333
2 0.17992053282125586 0.6996508864409224 0.011930163910077738 0.01909875031230905
2 0.0486750687531172 0.7830487628046722 0.028632393384186595 0.014005750229026554
0 0.401569317213217 0.898277889688937 0.018611055699721258 0.0165522502706678
