1 0.009749999999999998 0.513 0.019499999999999997 0.018000000000000002
1 0.06187499999999999 0.09566669999999998 0.01575 0.029333299999999996
1 0.854375 0.32083300000000003 0.01375 0.0276667
1 0.758125 0.5181670000000002 0.01625 0.025
1 0.046625 0.636 0.01375 0.0286667
1 0.919875 0.10866699999999999 0.015250000000000001 0.0266667
1 0.67325 0.3545 0.020500000000000004 0.015666699999999995
1 0.48448395137005495 0.48288356828075907 0.007967902740112583 0.03576783656151803
1 0.71075 0.889833 0.014500000000000002 0.0256667
1 0.35775 0.0573333 0.015 0.03
1 0.23275 0.3525 0.023 0.0176667
1 0.90125 0.7261669999999998 0.016 0.0203333
1 0.5490000000000002 0.879167 0.017 0.0256667
1 0.9336249999999999 0.7705 0.01625 0.0196667
1 0.725625 0.8925 0.019250000000000003 0.0176667
1 0.788375 0.945333 0.01575 0.0233333
1 0.53175 0.9419999999999998 0.016 0.024
1 0.121375 0.20183300000000004 0.015250000000000001 0.029000000000000005
1 0.842375 0.814 0.01325 0.0306667
1 0.969375 0.606 0.02175 0.0166667
1 0.8892500000000001 0.7333330000000001 0.016 0.022666699999999998
1 0.082375 0.568 0.02025 0.016
1 0.16324999999999995 0.0785 0.018 0.0223333
1 0.5851250000000001 0.6636669999999999 0.01325 0.025333300000000003
1 0.7298750000000002 0.820833 0.01975 0.019
1 0.8225 0.7766670000000001 0.018 0.02
1 0.50275 0.1065 0.018 0.025
1 0.493625 0.124167 0.01725 0.025
1 0.7814999999999999 0.825833 0.019499999999999997 0.0223333
1 0.693875 0.327 0.01875 0.024666699999999996
1 0.776375 0.945333 0.02075 0.021999999999999992
1 0.794875 0.288833 0.02075 0.021666699999999997
1 0.6075000000000002 0.7066669999999999 0.019 0.024666699999999996
1 0.5235 0.36583299999999996 0.017 0.027000000000000003
1 0.225375 0.774167 0.015250000000000001 0.03300000000000001
1 0.7294859639595104 0.41408859088328 0.0179719279190212 0.01884318176656067
1 0.67125 0.630333 0.0165 0.028000000000000008
1 0.084375 0.838 0.01325 0.025333300000000003
1 0.4828750000000001 0.905667 0.01775 0.0213333
1 0.4462500000000001 0.592667 0.016 0.022666699999999998
1 0.902 0.502833 0.023 0.0176667
1 0.725375 0.552833 0.01975 0.0176667
1 0.68675 0.482 0.021 0.018000000000000002
1 0.868 0.6215 0.017 0.0236667
1 0.73575 0.5665 0.017 0.023
1 0.505375 0.362833 0.015250000000000001 0.03300000000000001
1 0.5039999999999999 0.148667 0.017500000000000005 0.024666699999999996
1 0.649625 0.9015 0.01725 0.029000000000000005
1 0.6416249999999999 0.9111669999999998 0.01375 0.030333300000000004
1 0.466 0.597333 0.0215 0.019333300000000005
1 0.609375 0.23566699999999996 0.01375 0.0286667
1 0.5445 0.24366699999999997 0.017 0.026000000000000002
1 0.8901250000000002 0.748667 0.01675 0.019333300000000005
1 0.745625 0.898 0.01975 0.0166667
1 0.651125 0.358333 0.01975 0.018000000000000002
1 0.795625 0.5365000000000001 0.01575 0.030333300000000004
1 0.319625 0.5020000000000001 0.02125 0.018000000000000002
1 0.8846250000000002 0.787333 0.01825 0.02
1 0.48 0.147167 0.017500000000000005 0.0263333
1 0.94125 0.7766670000000002 0.015 0.026000000000000002
1 0.43075 0.5781670000000001 0.0155 0.029000000000000005
1 0.079625 0.354167 0.01325 0.029666699999999997
1 0.31512499999999993 0.7885 0.01825 0.0196667
1 0.665 0.919667 0.019499999999999997 0.018666700000000005
1 0.5585 0.9293330000000001 0.014500000000000002 0.0326667
1 0.8892500000000001 0.6165 0.020500000000000004 0.019
1 0.402625 0.049666699999999994 0.015250000000000001 0.032
1 0.863125 0.688833 0.01725 0.023
1 0.8769999999999999 0.724333 0.0165 0.026000000000000002
1 0.390625 0.785167 0.022250000000000002 0.021666699999999997
1 0.797625 0.510667 0.01575 0.0286667
1 0.18675 0.427833 0.0155 0.029666699999999997
1 0.11200000000000002 0.9045000000000001 0.019 0.0196667
1 0.65275 0.18033300000000005 0.018 0.0233333
1 0.6183749999999999 0.181667 0.02125 0.0173333
1 0.48875 0.455 0.021 0.018666700000000005
1 0.648875 0.39149999999999996 0.01975 0.023
1 0.3147499999999999 0.234333 0.018 0.018000000000000002
1 0.7297499999999999 0.213833 0.017 0.021666699999999997
1 0.5975 0.5685 0.021 0.0163333
1 0.6913750000000001 0.736 0.01825 0.0266667
1 0.803875 0.5475 0.01825 0.0263333
1 0.978125 0.168833 0.01775 0.023
1 0.708125 0.87 0.019250000000000003 0.022666699999999998
1 0.08537500000000002 0.6558329999999999 0.02025 0.023
1 0.61425 0.744833 0.02 0.021
1 0.7665 0.45183299999999993 0.018499999999999996 0.0223333
1 0.32575 0.528167 0.020500000000000004 0.0223333
1 0.4109999999999999 0.589333 0.021 0.0173333
1 0.570625 0.236167 0.02075 0.0203333
1 0.341875 0.04983329999999999 0.01575 0.028333299999999995
1 0.6936250000000002 0.903 0.02075 0.0153333
1 0.793125 0.839333 0.01825 0.024
1 0.137 0.0801667 0.023 0.021666699999999997
1 0.867625 0.7593330000000001 0.01975 0.020666699999999996
1 0.254125 0.370167 0.01875 0.0263333
1 0.776875 0.118333 0.01625 0.025333300000000003
1 0.233625 0.1675 0.01625 0.0276667
1 0.47112499999999996 0.480833 0.01625 0.0323333
1 0.724375 0.181833 0.01675 0.0243333
1 0.459875 0.0756667 0.01725 0.024
1 0.1945 0.1255 0.02 0.021
1 0.43799999999999994 0.09 0.0155 0.03
1 0.6884999999999999 0.1865 0.017500000000000005 0.0196667
1 0.6276249999999999 0.6041669999999999 0.015250000000000001 0.029000000000000005
1 0.610125 0.9031670000000002 0.022250000000000002 0.017
1 0.2929999999999999 0.336667 0.0215 0.019333300000000005
1 0.8598750000000002 0.294333 0.01875 0.022666699999999998
1 0.616875 0.5965 0.01675 0.0263333
1 0.513625 0.22816699999999998 0.01325 0.0316667
1 0.543625 0.188333 0.01175 0.0306667
1 0.127875 0.834667 0.02375 0.018000000000000002
1 0.605875 0.595667 0.01625 0.029333299999999996
1 0.6622499999999999 0.205833 0.021 0.013666700000000002
1 0.5249999999999999 0.511333 0.017 0.0286667
1 0.73525 0.176333 0.015 0.029333299999999996
1 0.1715 0.908333 0.013000000000000001 0.0313333
1 0.462625 0.22533300000000003 0.02025 0.018000000000000002
1 0.75475 0.919667 0.018499999999999996 0.026000000000000002
1 0.379625 0.0853333 0.01625 0.024666699999999996
1 0.67625 0.178833 0.015 0.0263333
1 0.78525 0.882167 0.019 0.021666699999999997
1 0.815375 0.119333 0.01625 0.0286667
1 0.5968750000000002 0.227833 0.01375 0.029000000000000005
1 0.634875 0.220833 0.01975 0.0203333
1 0.4665000000000001 0.03699999999999999 0.017500000000000005 0.03
1 0.394125 0.7558329999999998 0.01575 0.029000000000000005
1 0.34325000000000006 0.109 0.021 0.019333300000000005
1 0.409125 0.7425 0.01625 0.029666699999999997
1 0.145875 0.838667 0.02075 0.020666699999999996
1 0.55275 0.892667 0.0165 0.0266667
1 0.5749999999999998 0.26699999999999996 0.015 0.0333333
1 0.143625 0.362167 0.01625 0.0316667
1 0.593 0.259 0.019 0.019333300000000005
1 0.9221249999999999 0.708833 0.02075 0.0196667
1 0.61425 0.0993333 0.019 0.020666699999999996
1 0.24799999999999997 0.5411670000000001 0.014500000000000002 0.0243333
1 0.5590000000000002 0.5634999999999999 0.020500000000000004 0.0196667
1 0.25650000000000006 0.977167 0.0125 0.030333300000000004
1 0.3978749999999999 0.15666700000000003 0.01775 0.0213333
1 0.322375 0.0396667 0.02375 0.018000000000000002
1 0.57 0.732 0.0155 0.0333333
1 0.767125 0.782667 0.01675 0.0306667
1 0.381 0.156 0.014000000000000002 0.032
1 0.216625 0.120167 0.02025 0.021666699999999997
1 0.40125 0.610333 0.019499999999999997 0.022666699999999998
1 0.25812500000000005 0.651167 0.01475 0.0256667
1 0.365625 0.11766700000000001 0.01675 0.0233333
1 0.7083749999999999 0.45050000000000007 0.01975 0.0223333
1 0.130125 0.564667 0.01475 0.029333299999999996
1 0.38425 0.8815 0.0155 0.029000000000000005
1 0.30099999999999993 0.25083300000000003 0.015 0.0276667
1 0.46362500000000006 0.24116699999999994 0.019250000000000003 0.021666699999999997
1 0.372875 0.769167 0.01825 0.0243333
1 0.07325 0.8863330000000001 0.015 0.0273333
1 0.076875 0.908833 0.02025 0.0176667
1 0.0755 0.581833 0.017500000000000005 0.027000000000000003
1 0.703125 0.0913333 0.02025 0.018666700000000005
1 0.779 0.963667 0.018499999999999996 0.020666699999999996
1 0.209 0.902667 0.013499999999999998 0.0313333
1 0.3077500000000001 0.215167 0.015 0.029000000000000005
1 0.633875 0.9293330000000001 0.014250000000000002 0.0313333
1 0.8075 0.869333 0.017500000000000005 0.024666699999999996
1 0.30537500000000006 0.9315000000000001 0.01725 0.0276667
1 0.66525 0.874167 0.019499999999999997 0.0176667
1 0.27074999999999994 0.19133300000000003 0.015 0.034
1 0.4445 0.641833 0.0225 0.0196667
1 0.14875 0.803333 0.020500000000000004 0.019333300000000005
1 0.5866249999999998 0.18883299999999997 0.01825 0.0276667
1 0.10037500000000002 0.8396670000000002 0.01475 0.0306667
1 0.2455 0.595167 0.0155 0.029666699999999997
1 0.8802499999999999 0.258167 0.0225 0.0203333
1 0.79675 0.8981670000000002 0.0165 0.0256667
1 0.4607500000000001 0.572667 0.018 0.024666699999999996
1 0.201875 0.487667 0.01475 0.029333299999999996
1 0.686875 0.21066700000000002 0.024250000000000004 0.019333300000000005
1 0.2765000000000001 0.9545 0.021 0.019
1 0.509125 0.07549999999999998 0.01375 0.0336667
1 0.022624999999999996 0.542667 0.015250000000000001 0.029333299999999996
1 0.674 0.1475 0.0215 0.0176667
1 0.408625 0.0115 0.01725 0.023
1 0.068 0.818167 0.0165 0.028333299999999995
1 0.95575 0.406833 0.017 0.029000000000000005
1 0.7644999999999998 0.8311669999999998 0.012 0.030333300000000004
1 0.193375 0.6591670000000001 0.02075 0.019
1 0.6664999999999999 0.259333 0.019499999999999997 0.018666700000000005
1 0.24737500000000004 0.6229999999999999 0.02125 0.021999999999999992
1 0.2914999999999999 0.203167 0.0115 0.031
1 0.6763749999999998 0.8946670000000002 0.02175 0.021999999999999992
1 0.4483750000000001 0.182833 0.01575 0.030333300000000004
1 0.099625 0.1925 0.01575 0.0323333
1 0.725125 0.458167 0.015250000000000001 0.029000000000000005
1 0.7340000000000001 0.9164999999999999 0.021 0.0223333
1 0.11687500000000002 0.883333 0.02125 0.020666699999999996
1 0.242875 0.8546669999999998 0.015250000000000001 0.0313333
1 0.694875 0.244167 0.01975 0.0263333
1 0.47437499999999994 0.0903333 0.02175 0.021999999999999992
1 0.578 0.5746669999999999 0.017500000000000005 0.0266667
1 0.658875 0.125 0.02275 0.018000000000000002
1 0.309125 0.4605 0.01475 0.0316667
1 0.43237500000000006 0.607667 0.01825 0.022666699999999998
1 0.197375 0.687667 0.01725 0.022666699999999998
1 0.26175 0.255333 0.016 0.03
1 0.46825000000000006 0.197333 0.019 0.0273333
1 0.880625 0.677833 0.01875 0.0256667
1 0.649625 0.23316700000000004 0.019250000000000003 0.023
1 0.521625 0.0668333 0.02275 0.019
1 0.642875 0.15183299999999997 0.02025 0.023
1 0.3985 0.333667 0.02 0.0213333
1 0.02075 0.133333 0.0235 0.020666699999999996
1 0.4707500000000001 0.614833 0.023 0.0223333
1 0.4137386384552717 0.5391971597318739 0.014986652184560476 0.032620455078875045
1 0.48985505612948665 0.4771130678075634 0.013409109849343523 0.03051590958991535
1 0.6685117255927996 0.5294636368454353 0.019719279190211048 0.01736250028391737
1 0.32162144359234385 0.07997272858046775 0.011437181930322475 0.024202273123036296
1 0.585662591949271 0.2762994199839907 0.01735296568738581 0.02262386400631651
1 0.7240919318645535 0.34417101200294037 0.016564194519777333 0.02262386400631651
1 0.7134435211018392 0.3410141937695008 0.020508050357819618 0.01631022753943749
1 0.6996400256686914 0.3528522621448991 0.018141736854994196 0.024202273123036265
1 0.6909635428249986 0.35600908037833845 0.010254025178909715 0.029463636845435473
1 0.6592155033287587 0.1863301003309645 0.015381037768364756 0.019467045772876997
1 0.5158563436159237 0.09451930337509859 0.013409109849343523 0.029463636845435473
1 0.7947223036299019 0.274117049936998 0.021691207109232283 0.015784091167197582
1 0.8708387213041169 0.3438301192587873 0.01695858010358171 0.026832954984235897
1 0.7284655255507926 0.4269596660726947 0.019324893606406948 0.01631022753943749
1 0.8523025988653185 0.619788646498625 0.019324893606406948 0.024202273123036327
1 0.7462128768219826 0.8465534229340304 0.016169808935973144 0.02630681861199596
1 0.7355644660592685 0.8368199000475918 0.016958580103581523 0.025780682239755957
1 0.8087229918549518 0.8449750138173105 0.011831567514126666 0.02735909135647572
1 0.7978773883003357 0.8486579684229899 0.016169808935973144 0.023150000378556575
1 0.763171456925564 0.9629073857570856 0.018536122438798475 0.01736250028391731
