0 0.12499592647203904 0.8572097305856997 0.043829740451234465 0.07572211256818974
0 0.15867989367067292 0.796091168298518 0.0478880497522747 0.07896734596396912
1 0.07061458183809997 0.7658023232712422 0.0551930064941471 0.055168967728252465
0 0.12215510996131089 0.7328091170808166 0.05438134463393907 0.04326977861039394
0 0.19966881761117924 0.5451264523582323 0.053569682773731 0.0638229234503312
0 0.2800233417717758 0.6787218938178241 0.06168630137581144 0.05625071219351236
0 0.2930099315351045 0.7328091170808166 0.06655627253705976 0.05408722326299247
0 0.2471510364333499 0.7939276793679982 0.043018078591026424 0.07896734596396922
0 0.1473166276277603 0.5775787863160279 0.0641212869564356 0.048678500936693306
0 0.19276969179941084 0.6111128647390833 0.05762799207477125 0.04435152307565393
0 0.13108339042359937 0.6403199653010994 0.03327813626852988 0.0811308348944889
0 0.1797831020360821 0.6592504934431466 0.05925131579518732 0.04543326754091372
0 0.1460991348374482 0.6987341664251312 0.06006297765539536 0.04218803414513425
0 0.19358135365961884 0.7252369058239977 0.03490145998894599 0.07572211256818974
0 0.23700526318074933 0.7057655054493204 0.04545306417165057 0.07572211256818964
0 0.21752537853575624 0.7879780848090693 0.027596503247073564 0.0843760682902685
0 0.3417096431475872 0.7447083061986751 0.053569682773731 0.058414201124031936
0 0.34860876895935555 0.7966320405311478 0.06249796323601948 0.07355862363766995
0 0.37498777941611705 0.8334113523499828 0.0324664744083218 0.08004909042922902
0 0.3940618331310062 0.7317273726155569 0.03003148882769764 0.09086653508182754
0 0.4033959445233987 0.6446469431621388 0.04869971161248274 0.07896734596396922
1 0.45615396543692177 0.7041428887514306 0.056816330214563206 0.04435152307565403
1 0.46467641496910617 0.7409222005702657 0.05762799207477121 0.033534078423055495
1 0.479692159382955 0.7912233182048487 0.05519300649414713 0.04543326754091382
1 0.48983793263555553 0.8409835636068017 0.043018078591026424 0.06923164577663057
0 0.4322099405607844 0.7647205788059821 0.05275802091352297 0.033534078423055405
0 0.44154405195317686 0.8231347799300142 0.051946359053314885 0.07247687917241005
0 0.6424303623546682 0.8577506028183295 0.06574461067685167 0.05084198986721299
0 0.5779032444681285 0.5965093144580751 0.071426243698308 0.04543326754091372
0 0.640807038634252 0.6057041424127839 0.05275802091352297 0.07896734596396912
0 0.6830134553650704 0.7706701733649113 0.05275802091352297 0.06923164577663048
0 0.6822017935048624 0.6868349773072729 0.05113469719310697 0.0832943238250086
0 0.6886950883865268 0.6084085035759337 0.05275802091352297 0.08004909042922911
0 0.532044349366374 0.5472899412887521 0.049511373472690814 0.07680385703344952
0 0.47401052636149865 0.5207872018898856 0.058439653934979276 0.08437606829026839
0 0.41232422498568716 0.47048608425530253 0.04545306417165057 0.07464036810292984
0 0.4912181069244931 0.4150327071204952 0.05322009328595888 0.07979537070423054
2 0.4438189613416861 0.34003983557901934 0.05044821342731514 0.03915883932707608
0 0.5336278687617415 0.31528849374020695 0.03825194204928289 0.06945152635368212
1 0.29663214084770617 0.32895714520343167 0.06319886077707614 0.06280191212832963
0 0.2655870864308968 0.35961925524255733 0.0654163646639911 0.04876383765258538
0 0.6214964602807467 0.2809321535758855 0.044350077738299055 0.07610114057903473
0 0.6378505514467444 0.34114810461657813 0.030490678445080535 0.07388460250391717
1 0.48401121929201957 0.1856210163458324 0.04878508551212897 0.07019037237872132
0 0.47126057194225857 0.23179889291078062 0.0687426204943635 0.05024152970266368
0 0.4987021825428311 0.2772379234506897 0.0626444848053474 0.04211422342723277
0 0.4058442072782675 0.22404100964786935 0.03991506996446921 0.08940036902973979
1 0.4243748063583489 0.12375670919406126 0.061535732861889854 0.03472576317684109
0 0.3398324706697163 0.18545035228483212 0.04324132579484154 0.07979537070423054
0 0.29797708480419666 0.1847115062597929 0.04601320565348527 0.07683998660407383
1 0.14164306077669256 0.1544188192331869 0.0526657173142301 0.05615229790297706
0 0.16160059575892713 0.22793399872458447 0.060426980918432446 0.04654729957746781
0 0.11004363038815448 0.21906784642411442 0.0349256862189105 0.07905652467919137
1 0.1366536770311339 0.2800226434898461 0.06042698091843243 0.03694230125195856
0 0.13776242897459137 0.378289164820056 0.06042698091843243 0.05467460585289866
0 0.15522527208404663 0.4133843510094165 0.0643076127205336 0.03620345522691939
1 0.13249585724316837 0.44072165393586593 0.059872604946703704 0.04063653137715448
0 0.07788982402788769 0.4554985744366493 0.03825194204928292 0.06427960417840792
0 0.032153806360266796 0.4532820363615319 0.034371310247181756 0.08348960082942647
1 0.7012856042368536 0.34873532381848904 0.0698513724378209 0.04285306945227194
0 0.8321183335648358 0.21795957738655564 0.0354800621906393 0.08866152300470058
0 0.6818824452263478 0.30957648449141295 0.06985137243782097 0.05024152970266368
0 0.7555201964676265 0.5201476016275768 0.06652511660744855 0.04433076150235029
0 0.7322364056550197 0.5633700940923684 0.06098135689016122 0.04506960752738951
2 0.8733250904599834 0.7126169911502811 0.02494691872779322 0.08053421672926962
0 0.7452642409906451 0.6786300739984793 0.05710072508806001 0.059846528028172974
0 0.7286329618387828 0.7325658338263387 0.03714319010582541 0.0805342167292697
0 0.735562661485392 0.8260298559937937 0.055437597172873755 0.04728614560250698
