2 0.05374999999999988 0.47937762499526815 0.016499999999999973 0.03850545016088624
2 0.918216912071091 0.410096749971608 0.022139713848402565 0.03790830018927779
2 0.8985110327820148 0.19937949990536052 0.022389713848401847 0.04485330030284465
2 0.181125 0.6535 0.022250000000000002 0.021
2 0.43505514307579957 0.986666999999999 0.026889713848399898 0.024666699999999965
2 0.5933749999999999 0.9553329999999999 0.01775 0.019333300000000005
2 0.8687095603554615 0.16950949998107198 0.023992658701508466 0.047325800359628245
2 0.13167903919897317 0.2539373162625965 0.0333580783979463 0.021873932525192905
2 0.5411249999999991 0.9724013751182976 0.013249999999999974 0.04680205023659949
2 0.17475 0.826 0.018 0.0173333
2 0.846875 0.426833 0.01625 0.0256667
2 0.008125 0.685667 0.01625 0.016
2 0.9322978017773074 0.16262237500473156 0.030595603554617302 0.027838750160886293
2 0.255125 0.540167 0.023250000000000003 0.015
2 0.42175000000000007 0.102167 0.021 0.018333300000000004
2 0.544875 0.882333 0.01275 0.024
2 0.896125 0.134 0.02475 0.0166667
2 0.95375 0.5355000000000001 0.017 0.018333300000000004
2 0.4597914609252623 0.0760396423217739 0.029417078149475563 0.03792081535645168
0 0.7595000000000005 0.2937011250141959 0.02447059313747666 0.024208750085175205
2 0.9007499999999999 0.9186669999999999 0.0155 0.024666699999999996
2 0.15825 0.742833 0.0215 0.018333300000000004
2 0.41825 0.08383330000000001 0.018499999999999996 0.023
2 0.785849339059615 0.06199062008306291 0.022288103073067823 0.04717870552160932
2 0.7065515036779701 0.49159949945109205 0.062103007355942985 0.09613500109781152
2 0.8097499999999994 0.946490500018927 0.020500000000000483 0.023648300037856146
2 0.34901470343126073 0.7939154998296494 0.024970593137475863 0.04016830034070029
2 0.5646941529774554 0.0796443482780174 0.0326116940450913 0.038044703443964684
2 0.30957720863983046 0.8394630000757103 0.02265441727966244 0.026260000151424424
2 0.38012499999999994 0.549 0.01575 0.028000000000000008
2 0.958301472426554 0.6906669999999994 0.02460294485310805 0.01799999999999997
2 0.8936507362132768 0.1675692500283916 0.014801472426554496 0.035805800056783674
2 0.521625 0.77 0.01575 0.02
2 0.49861764828436905 0.44031687494794797 0.015735296568739173 0.037366250104101925
2 0.132875 0.984167 0.02275 0.017
2 0.5838936156741817 0.04237918150319988 0.024287231348363206 0.035425063006399846
2 0.1555 0.808333 0.017500000000000005 0.0273333
2 0.778875 0.7333330000000001 0.01875 0.018000000000000002
2 0.743625 0.982833 0.014250000000000002 0.0316667
2 0.410125 0.012666700000000001 0.01875 0.025333300000000003
2 0.520375 0.9035 0.019250000000000003 0.023
2 0.028582286695764268 0.0662471985832961 0.0155903381976896 0.06316593353291024
2 0.04388391492682999 0.051226031462665016 0.024251637196406047 0.025420436665683385
2 0.05918554315789571 0.10091143040013709 0.03522261592811355 0.024650120403086923
2 0.09729525875224806 0.09243795151157595 0.052545213925546425 0.027731385453472777
2 0.031758096328626965 0.10822943489480354 0.02540647706290157 0.03158296676645512
2 0.1896824480718902 0.17755789852848547 0.0375322956611046 0.036204864342033904
2 0.16802920057509904 0.10399269545052295 0.07621943118870472 0.11092554181389114
2 0.25724058026187846 0.20567444211325653 0.022519377396662744 0.04159707818020917
2 0.2110469856020574 0.2361019344858169 0.03291293619512249 0.02850170171606926
2 0.24107282213094108 0.26460363620188615 0.016745178064185105 0.051611189593963214
2 0.07102265178947484 0.2426496227178869 0.01847743786392842 0.0385158131298233
2 0.025695187029525456 0.2784693289286225 0.02482905712965381 0.02850170171606923
2 0.0669807122567405 0.29772723549353414 0.023096797329910518 0.02079853909010462
2 0.10768881755070782 0.3027342912004113 0.061783932857510646 0.021568855352701085
2 0.34905034964827275 0.21530339539571233 0.017900017930680627 0.017717274039718716
2 0.538535383467866 0.023915289647269064 0.030223388090180915 0.047039991207025095
2 0.6072787759867089 0.06047998869474656 0.02074154084620254 0.06561881126358123
2 0.5398687682365503 0.10613645074862385 0.033482773080298414 0.03755293415686878
2 0.6808587812365283 0.12676324417287455 0.022357699815353425 0.01677748819935104
2 0.6700292703884665 0.1398124016612587 0.041222009034557756 0.0223699842658014
2 0.6473222315134984 0.17103717136560648 0.013973562384595796 0.0307587283654769
2 0.6074975787174001 0.18035799814302372 0.016768274861515074 0.036351224431927266
2 0.5854892179616615 0.16451259262141438 0.031440515365340725 0.025166232299026543
2 0.9488087512222116 0.14005750229026656 0.05466184191526539 0.019677500321772998
2 0.8778785039750221 0.3316237554228213 0.01605149326083196 0.03472500056783468
2 0.8555365606525129 0.3651912559717281 0.0373088762278794 0.027780000454267772
2 0.8216982775621104 0.4323262570695418 0.019955910540493692 0.04861500079496857
2 0.7637827545804605 0.3377006305221923 0.028198569242001904 0.028358750463731618
2 0.7243047576416576 0.300660629916502 0.02038973468267825 0.016783750274453394
2 0.7403562509024896 0.3322025054322852 0.04034564522317194 0.052087500851752046
2 0.744694492324336 0.4062825066436658 0.029933865810740493 0.023150000378556454
2 0.6026170857588649 0.38052813122252166 0.024294151962340072 0.04224875069086556
2 0.5507751007677997 0.44708438231087155 0.053360369488711375 0.022571250369092535
2 0.46834851375271713 0.3567993808345013 0.01691914154520116 0.022571250369092598
2 0.3644476316994945 0.3715575060758312 0.029500041668555847 0.03472500056783468
2 0.38396971809780356 0.4126487567477688 0.012147075981170036 0.0370400006056904
2 0.38939251987511164 0.4731281327367475 0.05249272120434207 0.022571250369092598
2 0.20693411582207577 0.3932606314307278 0.026029448531078712 0.03993375065300997
2 0.20650029167989115 0.5049593832572628 0.07635304902449755 0.0711862511640611
2 0.1665884705989038 0.5318712586973345 0.016485317403016536 0.023150000378556454
2 0.2349157729929854 0.5370800087825098 0.02125738296704759 0.04167000068140164
2 0.21973192801652286 0.5443143839008087 0.017786789829570434 0.015626250255525564
2 0.26766949572792614 0.4806518828597784 0.021691207109232283 0.06424125105049419
2 0.5171183774840972 0.5330287587162624 0.024294151962340072 0.037040000605690335
2 0.6557251909120914 0.48267750789290204 0.06203685233240432 0.015047500246061713
2 0.7526848866903596 0.48094125786451036 0.022558855393601675 0.040512500662473826
2 0.7633135781738832 0.4884650079875412 0.016051493260831867 0.030095000492123426
2 0.7223171967374342 0.5836693845443546 0.024294151962340173 0.030673750501587348
2 0.6724274203862002 0.6128962600222821 0.025161800246709463 0.03588250058676256
2 0.7108208569695412 0.627075635254148 0.016919141545201254 0.016783750274453394
2 0.8329777052589116 0.744561887175322 0.05205889706215734 0.038776250634082014
2 0.6978414849683944 0.8394768887274034 0.03427210723258707 0.026043750425876023
2 0.6455656758351447 0.8027262631264452 0.02950004166855594 0.025465000416412108
2 0.45099554806533126 0.7868106378661877 0.024727976104524724 0.028358750463731687
2 0.4867860397955645 0.8030156381311774 0.018220613971755104 0.03298875053944287
2 0.4329918461646684 0.8478687638646301 0.02689709681544797 0.028937500473195474
2 0.407830045917959 0.6872656362383949 0.01735296568738581 0.06655625108834978
2 0.40045503550082 0.6979725114134772 0.014750020834277924 0.030095000492123426
2 0.3889586957329269 0.7196756367683741 0.025595624388894064 0.034146250558370825
2 0.46899924996599396 0.660064385793591 0.019088262256124398 0.04803625078550465
2 0.3551204126425246 0.6878443862478585 0.014316196692093322 0.0248862504069482
2 0.33169390896455375 0.6684562609308178 0.013448548407723984 0.03472500056783474
2 0.3440578970168162 0.8438175137983828 0.019955910540493643 0.03935500064354594
2 0.3312600848223691 0.8527881389450735 0.01518384497646257 0.027201250444803725
2 0.3321277331067385 0.8169056383583111 0.01171325183898539 0.030673750501587348
2 0.31716080020136816 0.7167818867210543 0.014750020834277924 0.04340625070979332
2 0.30457990007801344 0.7185181367494462 0.03123533823729443 0.02372875038802037
2 0.3095688777131369 0.8151693883299193 0.03253681066384838 0.0214137503501647
2 0.18484443683505133 0.7454300121895179 0.03470593137477162 0.061347501003174564
2 0.15140462562244097 0.6829250111674143 0.03991182108098765 0.04977250081389391
2 0.2006436657603984 0.6716393859828692 0.021257382967047614 0.04224875069086551
2 0.1900149742768746 0.6334418853582511 0.026029448531078712 0.02025625033123688
2 0.07136407138937415 0.6539875106942199 0.02646327267326336 0.03241000052997908
2 0.06485670925660447 0.8004112630885897 0.01691914154520116 0.045142500738185196
2 0.26268051809280274 0.893799373263372 0.025595624388894064 0.06424125105049412
2 0.2906621752637123 0.9337331239163821 0.019088262256124398 0.04572125074764899
2 0.39369540903256556 0.9499381241813716 0.010845603554616142 0.01562625025552569
2 0.44054841638850734 0.9241837487602276 0.031669162379479074 0.025465000416412108
2 0.4260153076253217 0.9684581244842169 0.038176524512248844 0.056138750917999324
2 0.7548540074012827 0.9033487484195265 0.013014724265539335 0.03125250051105113
2 0.7546370953301904 0.9693262494984124 0.024727976104524724 0.024307500397484284
2 0.7121223293960952 0.9568831242949385 0.06030155576366573 0.038776250634082014
2 0.7710914159402782 0.2913606215882598 0.014750020834278017 0.037040000605690335
