0 0.4730009799981819 0.7849921124834758 0.05768836361809251 0.06168625463052049
2 0.41766039862036064 0.925797693705316 0.027502591957462744 0.05364022141784383
0 0.3794250878502296 0.8006371770636802 0.0462848498796323 0.07152029522379186
0 0.20937857416201514 0.8654524446102417 0.033539746289588654 0.07599031367527874
0 0.2194404980488917 0.919539667873234 0.05098041436017474 0.05542822879843862
0 0.36299061216833123 0.6316704795974721 0.040247695547506346 0.10191642069390335
1 0.437448848931218 0.6142374076366728 0.0630547230244266 0.045594188205167245
1 0.31469337751132354 0.6593845939966915 0.059029953469676044 0.04648819189546474
1 0.3039606586986552 0.6133434039463755 0.06305472302442668 0.03844215868278808
1 0.22883162700997656 0.6347994925135129 0.06842108243076087 0.04380618082457246
1 0.2771288616669842 0.43275465850630107 0.06305472302442665 0.04738219558576215
2 0.4880938658284968 0.5766892526441821 0.03555213106696401 0.034866143921598584
0 0.08058594840999472 0.5999333485919144 0.034881336141172184 0.08493035057825281
0 0.13525573486202422 0.6365874998941079 0.028844181809046254 0.08135433581706324
0 0.17919280250138533 0.5453991234837732 0.06707949257917734 0.04917020296635684
0 0.2670669377801076 0.514555996168513 0.0268317970316709 0.06615627308200749
0 0.35158709842987096 0.4783488467114684 0.056346773766508915 0.07062629153349442
0 0.39485337114344043 0.4153215865455019 0.03555213106696401 0.09297638379092939
0 0.38680383203393914 0.5623851935994237 0.027502591957462744 0.07420230629468405
0 0.3452145466348492 0.5181320109297025 0.06372551795021841 0.05364022141784383
0 0.3170411597515947 0.5512101474707061 0.05970074839546781 0.04827619927605944
0 0.2502970646353133 0.5731132378829925 0.05098041436017474 0.06883828415289957
0 0.21373874117966168 0.413533579164907 0.05165120928596651 0.06258025832081784
0 0.3056376460131346 0.2789291513727881 0.03286895136379684 0.09297638379092939
0 0.22279447267785055 0.16494368085986988 0.06707949257917731 0.04380618082457248
2 0.37171094620362416 0.27311812738585495 0.040247695547506346 0.029502121779814153
0 0.4820567114963709 0.07152029522379183 0.06104233824705136 0.05721623617903346
0 0.5337079207823373 0.1984688192460223 0.0583591585438842 0.07330830260438662
1 0.5739556163298437 0.19444580263968397 0.03152736151221322 0.10102241700360594
0 0.614538709340246 0.19399880079453533 0.036222925992755714 0.0840363468879554
1 0.7027482420818641 0.22037190965830855 0.04091849047329804 0.09565839486182158
0 0.7557410412194142 0.2369109779288104 0.05835915854388427 0.032184132850706294
0 0.8026966860248385 0.2851871772048699 0.065067107801802 0.04827619927605944
0 0.7490330919614966 0.32362933588765797 0.04896802958279931 0.08940036902973975
0 0.5363911004855045 0.3437444189193494 0.07043346720813617 0.05453422510814122
0 0.60279979813889 0.3419564115387546 0.06909187735655263 0.045594188205167245
0 0.6343271596511033 0.31826531374587363 0.06104233824705136 0.05364022141784387
0 0.6521032251845853 0.5994294743444052 0.06305472302442668 0.06168625463052039
0 0.7587596183854772 0.5328261994172492 0.06171313317284306 0.06258025832081777
0 0.7879391976574195 0.47963297984455394 0.05165120928596641 0.07599031367527885
0 0.732934013742494 0.4461078414584015 0.03555213106696416 0.09297638379092935
1 0.6487492505556264 0.5086880997792194 0.04158928539908989 0.07867232474617106
0 0.6168864915805171 0.42018173443977697 0.051651209285966566 0.06258025832081789
0 0.6809474069936315 0.39693763849204466 0.06037154332125967 0.06258025832081789
0 0.7738562091503269 0.8170731707317073 0.047058823529411764 0.09407665505226481
