0 0.737 0.45083300000000004 0.0185 0.0203333
0 0.720375 0.46 0.01925 0.025333300000000003
0 0.8525 0.615667 0.016500000000000004 0.028000000000000004
0 0.8825 0.119667 0.0185 0.020666700000000003
0 0.781125 0.553833 0.01675 0.0196667
0 0.765 0.594333 0.0225 0.016
0 0.728875 0.4805 0.01725 0.0243333
0 0.818375 0.8489999999999999 0.01625 0.028666700000000003
0 0.42975 0.892833 0.021 0.0143333
0 0.7125 0.950833 0.018 0.0296667
0 0.9357500000000001 0.6640000000000001 0.018 0.025333300000000003
0 0.777875 0.528 0.024250000000000004 0.0166667
0 0.353625 0.9016669999999999 0.02375 0.0153333
0 0.03425 0.849833 0.023 0.021
0 0.519125 0.2685 0.01725 0.030333299999999997
0 0.681125 0.382333 0.018750000000000003 0.017333300000000003
0 0.47475 0.100333 0.0225 0.0233333
0 0.70475 0.129667 0.0225 0.02
0 0.5005000000000001 0.556667 0.015 0.03
0 0.023624999999999997 0.263833 0.02025 0.0243333
0 0.334125 0.966667 0.02075 0.020666700000000003
0 0.7189999999999999 0.445333 0.0185 0.0186667
0 0.730875 0.591167 0.01925 0.019
0 0.347 0.456667 0.022 0.020666700000000003
0 0.98875 0.826167 0.0225 0.019
0 0.689 0.19400000000000006 0.022 0.018000000000000002
0 0.438125 0.775 0.01325 0.0266667
0 0.3555 0.932333 0.017 0.032
0 0.425625 0.175 0.01175 0.0266667
0 0.14275 0.970333 0.016 0.020666700000000003
0 0.5468749999999999 0.6671669999999998 0.01725 0.0296667
0 0.23325000000000004 0.813 0.0155 0.028000000000000004
0 0.734875 0.5468330000000001 0.01775 0.0223333
0 0.42175000000000007 0.8740000000000001 0.0125 0.029333299999999996
0 0.655375 0.227167 0.02175 0.0196667
0 0.807375 0.839333 0.02075 0.02
0 0.32812500000000006 0.8815 0.01675 0.0243333
0 0.716875 0.23450000000000004 0.01925 0.0183333
0 0.4475 0.42416699999999996 0.022 0.017
0 0.18512500000000004 0.06649999999999999 0.022250000000000002 0.017
0 0.80625 0.6865000000000001 0.021 0.017666699999999997
0 0.009875000000000002 0.44 0.019750000000000004 0.017333300000000003
0 0.044625 0.465167 0.01575 0.028999999999999998
0 0.89325 0.139 0.02 0.0186667
0 0.8785 0.790167 0.0215 0.0256667
0 0.243125 0.8395 0.01625 0.0323333
0 0.0315 0.7851669999999998 0.020500000000000004 0.026333299999999994
0 0.77325 0.308 0.02 0.0266667
0 0.16225 0.115 0.021 0.021333299999999996
0 0.8665 0.3555 0.020500000000000004 0.019
0 0.281625 0.0458333 0.023250000000000003 0.0183333
0 0.34462499999999996 0.665667 0.01525 0.0333333
0 0.7716249999999999 0.7178329999999999 0.01675 0.028999999999999998
0 0.091375 0.346333 0.02025 0.025333300000000003
0 0.6351249999999999 0.363333 0.02075 0.024
0 0.8715 0.573333 0.0225 0.0186667
0 0.327375 0.8974999999999999 0.01925 0.0223333
0 0.664375 0.266333 0.01625 0.0273333
0 0.37475 0.5953329999999999 0.016500000000000004 0.022666699999999998
0 0.440625 0.351833 0.01925 0.0276667
0 0.171125 0.252667 0.02025 0.0246667
0 0.8645 0.48633299999999996 0.016 0.025333300000000003
0 0.359 0.48816699999999996 0.0175 0.0203333
0 0.819 0.3666669999999999 0.020500000000000004 0.0193333
0 0.603 0.671 0.0185 0.0233333
0 0.4195 0.792667 0.0215 0.02
0 0.715125 0.482167 0.019750000000000004 0.026333299999999994
0 0.44975000000000004 0.337833 0.019000000000000003 0.021666699999999997
0 0.7013750000000001 0.211333 0.02175 0.024
0 0.617125 0.6636669999999999 0.022250000000000002 0.0186667
0 0.8495 0.642667 0.015 0.028666700000000003
0 0.64325 0.1805 0.0185 0.0223333
0 0.30375 0.495 0.02 0.0233333
0 0.253125 0.934667 0.022250000000000002 0.0193333
0 0.87625 0.552667 0.016500000000000004 0.032
0 0.27425000000000005 0.17266700000000001 0.019500000000000003 0.0266667
0 0.59075 0.8183330000000001 0.019500000000000003 0.031333299999999994
0 0.31462499999999993 0.863833 0.022250000000000002 0.0183333
0 0.738 0.9663330000000001 0.016 0.028666700000000003
0 0.077 0.21583300000000002 0.019000000000000003 0.0243333
0 0.69725 0.3978329999999999 0.017 0.030333299999999997
0 0.18925 0.987833 0.018 0.0243333
0 0.8165 0.618833 0.0155 0.028333299999999995
0 0.74225 0.21349999999999997 0.017 0.0203333
0 0.284875 0.3735 0.01825 0.0296667
0 0.6157500000000001 0.39050000000000007 0.014500000000000002 0.0323333
0 0.805875 0.32366700000000004 0.02575 0.0153333
0 0.818875 0.6771670000000001 0.02375 0.019
0 0.60925 0.375333 0.014500000000000002 0.0333333
0 0.810375 0.658167 0.01425 0.03366670000000001
0 0.8355 0.6465 0.016500000000000004 0.0243333
0 0.901375 0.7125 0.01925 0.0256667
0 0.695375 0.44499999999999995 0.02275 0.0193333
0 0.349875 0.879833 0.01575 0.030333299999999997
0 0.8086249999999999 0.346833 0.01425 0.0316667
0 0.60775 0.524667 0.016500000000000004 0.0326667
0 0.536375 0.899667 0.02125 0.02
0 0.39375 0.443833 0.014500000000000002 0.030333299999999997
0 0.196125 0.711167 0.01525 0.030333299999999997
0 0.31725 0.21899999999999997 0.0215 0.0193333
0 0.23799999999999996 0.0818333 0.022 0.017666699999999997
0 0.578875 0.646167 0.01775 0.027000000000000003
0 0.477875 0.346667 0.01525 0.0306667
0 0.12925 0.43050000000000005 0.016500000000000004 0.028999999999999998
0 0.306125 0.570833 0.01475 0.0243333
0 0.428 0.136 0.0215 0.026000000000000002
0 0.143 0.47850000000000004 0.0225 0.0183333
0 0.071625 0.33716700000000005 0.019750000000000004 0.0243333
0 0.596875 0.652333 0.01525 0.032
0 0.7326250000000001 0.2525 0.01675 0.028333299999999995
0 0.79525 0.5546669999999999 0.016 0.026000000000000002
0 0.2655 0.7128330000000002 0.02 0.024999999999999994
0 0.11725 0.455667 0.0155 0.028666700000000003
0 0.01825 0.35283300000000006 0.021 0.017666699999999997
0 0.206375 0.3270000000000001 0.01625 0.0326667
0 0.511125 0.344167 0.02275 0.0203333
0 0.100125 0.463167 0.01725 0.0323333
0 0.599 0.3308330000000001 0.017 0.0243333
0 0.47887500000000005 0.836167 0.02275 0.021
0 0.87 0.601833 0.019500000000000003 0.021666699999999997
0 0.62925 0.721333 0.017 0.0306667
0 0.191875 0.528167 0.01775 0.026333299999999994
0 0.7453749999999999 0.419167 0.02125 0.019
0 0.05325 0.644833 0.016500000000000004 0.033
0 0.88775 0.487167 0.018 0.021666699999999997
0 0.37925 0.5761670000000001 0.024 0.017666699999999997
0 0.593625 0.44833300000000004 0.01675 0.029333299999999996
0 0.4535 0.321833 0.016500000000000004 0.0296667
0 0.4325 0.0173333 0.017 0.032
0 0.8227499999999999 0.44466700000000003 0.020500000000000004 0.0246667
0 0.668125 0.38800000000000007 0.01825 0.0246667
0 0.427625 0.328167 0.019750000000000004 0.021
0 0.813 0.5288329999999999 0.016500000000000004 0.0223333
0 0.672625 0.7531669999999999 0.01525 0.030333299999999997
0 0.78925 0.5075 0.015 0.030333299999999997
0 0.0585 0.612667 0.016 0.029333299999999996
0 0.303125 0.4115 0.01725 0.0296667
0 0.893125 0.558333 0.02075 0.017333300000000003
0 0.357 0.16666700000000007 0.014500000000000002 0.032
0 0.6708750000000001 0.0871667 0.02075 0.021
0 0.9896249999999998 0.627 0.02075 0.021333299999999996
0 0.5866249999999998 0.4745 0.02175 0.0203333
0 0.377 0.638167 0.02 0.027000000000000003
0 0.32675 0.845 0.02 0.0186667
0 0.411875 0.011833300000000001 0.02075 0.023666700000000006
0 0.298875 0.209667 0.01475 0.034
0 0.498125 0.938 0.01475 0.0306667
0 0.5053750000000001 0.14400000000000002 0.02075 0.02
0 0.40575000000000006 0.118167 0.0155 0.0296667
0 0.198125 0.505 0.022250000000000002 0.0233333
0 0.0735 0.135667 0.023 0.02
0 0.444625 0.983667 0.02075 0.02
0 0.89475 0.575833 0.021 0.023666700000000006
0 0.100625 0.523167 0.01575 0.031
0 0.026125 0.8635 0.01675 0.028333299999999995
0 0.269375 0.453333 0.01675 0.028000000000000004
0 0.60575 0.3495 0.02 0.0196667
0 0.63425 0.3335000000000001 0.0215 0.0196667
0 0.419375 0.9656669999999999 0.01675 0.031333299999999994
0 0.8007500000000001 0.5276670000000001 0.014000000000000002 0.0306667
0 0.188875 0.269 0.022250000000000002 0.017333300000000003
0 0.12725 0.412667 0.0225 0.0193333
0 0.165 0.39183299999999993 0.0225 0.021
0 0.345375 0.8251669999999999 0.01725 0.0203333
0 0.86525 0.632167 0.0185 0.0276667
0 0.420375 0.352667 0.01775 0.0326667
0 0.76575 0.563333 0.020500000000000004 0.021999999999999992
0 0.648625 0.362833 0.019750000000000004 0.0223333
0 0.617125 0.477 0.02275 0.0193333
0 0.767 0.973 0.022 0.02
0 0.212125 0.272833 0.018750000000000003 0.0316667
0 0.36950000000000005 0.33966700000000005 0.017 0.025333300000000003
0 0.469875 0.30300000000000005 0.018750000000000003 0.021333299999999996
0 0.12487500000000001 0.493 0.022250000000000002 0.018000000000000002
0 0.435125 0.9414999999999999 0.023250000000000003 0.0203333
0 0.506875 0.16699999999999998 0.018750000000000003 0.028000000000000004
0 0.31475 0.530167 0.019500000000000003 0.023
0 0.8877891470586878 0.12769250106734134 0.02520243755901118 0.023216818375880247
0 0.8526857518872081 0.4090963513818899 0.0294028438188465 0.0208150785438926
2 0.8001806736392679 0.8723074989326588 0.013201276816624958 0.021615658487888538
0 0.01530147994654254 0.8034576237490141 0.018601799150698775 0.029621457927847254
