0 0.654 0.752333 0.015 0.018666700000000005
3 0.1815 0.6986669999999999 0.014000000000000002 0.019333300000000005
0 0.673375 0.314667 0.02175 0.016
0 0.896125 0.8821670000000001 0.01825 0.0256667
0 0.994375 0.619167 0.01125 0.025
0 0.653 0.3425 0.018499999999999996 0.0236667
0 0.27875000000000005 0.005499999999999998 0.0215 0.010999999999999996
0 0.104875 0.126 0.02175 0.019333300000000005
0 0.635375 0.314167 0.023250000000000003 0.019
0 0.743625 0.00983333 0.01475 0.0196667
0 0.7289999999999999 0.7070000000000001 0.013499999999999998 0.022666699999999998
2 0.10575 0.5984999999999999 0.013000000000000001 0.0356667
0 0.14875 0.3335 0.0225 0.018333300000000004
1 0.420875 0.538333 0.014250000000000002 0.0266667
0 0.78675 0.529667 0.018499999999999996 0.024666699999999996
0 0.401625 0.897667 0.019250000000000003 0.0173333
0 0.824875 0.8856669999999999 0.02125 0.018000000000000002
0 0.226875 0.780667 0.01625 0.025333300000000003
0 0.760875 0.2665 0.02125 0.0203333
0 0.671125 0.741 0.02025 0.0213333
0 0.831875 0.495333 0.01625 0.025333300000000003
0 0.7045 0.928167 0.014000000000000002 0.025
0 0.708125 0.0766667 0.015250000000000001 0.03
0 0.744375 0.511833 0.01575 0.029000000000000005
0 0.5827499999999999 0.18699999999999994 0.0225 0.018000000000000002
0 0.724375 0.693333 0.02125 0.019333300000000005
1 0.34455912939565175 0.8454566115858907 0.02175 0.023
0 0.7241250000000001 0.722167 0.01825 0.023
0 0.29949999999999993 0.5565 0.03 0.023
0 0.24612500000000004 0.0201667 0.01825 0.018333300000000004
0 0.48974999999999996 0.30349999999999994 0.0165 0.021666699999999997
0 0.0095 0.8315 0.019 0.0176667
0 0.4911249999999999 0.644667 0.01975 0.02
0 0.80325 0.519833 0.020500000000000004 0.0196667
0 0.2625 0.14 0.019499999999999997 0.0213333
0 0.5811249999999999 0.7668330000000002 0.024250000000000004 0.017
0 0.011625000000000002 0.575 0.019250000000000003 0.025333300000000003
0 0.751625 0.420833 0.01775 0.029000000000000005
0 0.578125 0.044500000000000005 0.022250000000000002 0.0163333
0 0.43675000000000014 0.9260000000000003 0.024 0.018666700000000005
0 0.25837499999999997 0.876833 0.022250000000000002 0.0196667
0 0.25775000000000003 0.12366699999999999 0.013499999999999998 0.026000000000000002
0 0.6573750000000002 0.3178329999999999 0.01825 0.0263333
0 0.44575000000000004 0.0213333 0.013499999999999998 0.03
1 0.189125 0.0765 0.014250000000000002 0.03300000000000001
0 0.65925 0.826167 0.0215 0.0223333
0 0.024125 0.3386670000000001 0.01775 0.032
0 0.253125 0.0133333 0.023250000000000003 0.0166667
0 0.845625 0.254833 0.019250000000000003 0.0263333
0 0.30899999999999994 0.687667 0.014000000000000002 0.0286667
0 0.204 0.197833 0.019499999999999997 0.0196667
0 0.2645 0.46333299999999994 0.016 0.024666699999999996
0 0.334625 0.38583300000000004 0.01875 0.0276667
0 0.6270000000000001 0.20533299999999996 0.022 0.018000000000000002
0 0.943125 0.7581669999999999 0.01975 0.0196667
0 0.02574999999999999 0.713167 0.016 0.0343333
0 0.43200000000000005 0.09566669999999998 0.017 0.026000000000000002
0 0.5827499999999999 0.6558329999999998 0.015 0.030333300000000004
0 0.9110000000000003 0.19416700000000006 0.017 0.025
0 0.8986250000000001 0.638333 0.01975 0.02
0 0.800625 0.468667 0.02125 0.024
1 0.04100000000000001 0.449667 0.0165 0.0233333
0 0.847875 0.45549999999999996 0.01825 0.0236667
0 0.39612499999999995 0.8838329999999999 0.014250000000000002 0.023
1 0.820875 0.22116700000000006 0.01575 0.029000000000000005
0 0.24474999999999997 0.880167 0.02 0.0256667
0 0.263 0.477333 0.02 0.020666699999999996
0 0.9338749999999999 0.812667 0.022250000000000002 0.0173333
0 0.7665 0.528 0.014500000000000002 0.028000000000000008
0 0.793875 0.552333 0.02275 0.018000000000000002
0 0.77325 0.19716699999999998 0.0165 0.029666699999999997
0 0.25025 0.8556669999999998 0.0225 0.019333300000000005
0 0.3675 0.528833 0.0155 0.0323333
0 0.31862500000000005 0.31100000000000005 0.02125 0.019333300000000005
0 0.8177499999999999 0.4734999999999999 0.0125 0.031
0 0.758625 0.510667 0.01575 0.0326667
0 0.33225 0.9406669999999999 0.0225 0.022666699999999998
0 0.161 0.133333 0.0215 0.022666699999999998
0 0.431125 0.586 0.022250000000000002 0.02
0 0.51275 0.708167 0.014000000000000002 0.027000000000000003
0 0.49425 0.7731670000000002 0.013499999999999998 0.025
0 0.620875 0.7496670000000001 0.02075 0.0213333
0 0.41212499999999996 0.6106669999999998 0.01125 0.032
0 0.353 0.515667 0.018 0.024
0 0.536 0.07366670000000002 0.0245 0.018000000000000002
0 0.24162500000000006 0.193 0.01375 0.0326667
2 0.4155 0.21766699999999997 0.017500000000000005 0.029333299999999996
0 0.8682500000000001 0.929 0.021 0.019333300000000005
0 0.8325 0.591667 0.017500000000000005 0.018666700000000005
0 0.610625 0.177333 0.01725 0.0306667
1 0.6963750000000001 0.513667 0.01775 0.0233333
0 0.3056249999999999 0.8181669999999999 0.01825 0.0243333
0 0.2824999999999999 0.1945 0.0155 0.029666699999999997
0 0.253875 0.05949999999999999 0.01675 0.0316667
0 0.477625 0.272667 0.01475 0.0233333
0 0.23549999999999993 0.7175 0.016 0.0336667
0 0.4355 0.735167 0.0155 0.0323333
0 0.204875 0.17266700000000001 0.019250000000000003 0.018666700000000005
0 0.759875 0.7954999999999999 0.01875 0.023
0 0.23800000000000002 0.14566699999999996 0.0155 0.029333299999999996
0 0.4988750000000001 0.8493330000000001 0.01625 0.0306667
0 0.6138749999999998 0.8511669999999999 0.02125 0.021666699999999997
0 0.383125 0.376 0.02125 0.0173333
0 0.925875 0.206833 0.01775 0.0243333
0 0.176 0.7945000000000002 0.018499999999999996 0.027000000000000003
0 0.2235 0.8718330000000001 0.02 0.021
0 0.634375 0.551833 0.015250000000000001 0.029666699999999997
0 0.46537500000000004 0.0486667 0.01475 0.0313333
0 0.38675 0.7385000000000003 0.021 0.0236667
0 0.77725 0.7018330000000002 0.02 0.0176667
0 0.027374999999999997 0.030333300000000004 0.01975 0.024666699999999996
0 0.2588750000000001 0.206833 0.01775 0.0323333
0 0.5659999999999998 0.2385 0.014500000000000002 0.029666699999999997
0 0.3027500000000001 0.103 0.017500000000000005 0.0273333
0 0.5094999999999998 0.6531669999999999 0.019 0.025
0 0.714 0.835167 0.019499999999999997 0.0203333
0 0.40375 0.828333 0.019499999999999997 0.022666699999999998
0 0.9451249999999999 0.7445 0.022250000000000002 0.0176667
0 0.47375 0.6991669999999999 0.018 0.0236667
0 0.413 0.722167 0.021 0.015666699999999995
0 0.46862500000000007 0.6311669999999999 0.01475 0.0323333
0 0.44737500000000013 0.0585 0.01975 0.0243333
0 0.12437499999999999 0.395667 0.015250000000000001 0.03
0 0.28362499999999996 0.133667 0.02075 0.021999999999999992
0 0.038375000000000006 0.4759999999999999 0.014250000000000002 0.0286667
0 0.22962499999999994 0.5735 0.02275 0.0176667
0 0.212875 0.5405000000000001 0.01575 0.028333299999999995
0 0.020125 0.47533300000000006 0.01625 0.0333333
0 0.14825 0.678833 0.017500000000000005 0.027000000000000003
0 0.9628749999999999 0.762333 0.02075 0.024666699999999996
0 0.30875 0.872 0.0235 0.018666700000000005
0 0.39825000000000005 0.0328333 0.0165 0.0323333
0 0.286125 0.526167 0.02275 0.0203333
0 0.601875 0.835833 0.01825 0.023
0 0.699 0.319667 0.02 0.025333300000000003
0 0.27675 0.21866700000000003 0.022 0.019333300000000005
0 0.8587500000000001 0.266 0.018499999999999996 0.028000000000000008
0 0.415375 0.325 0.02275 0.020666699999999996
1 0.44525 0.61 0.022 0.019333300000000005
0 0.9361249999999999 0.027666699999999995 0.02175 0.024666699999999996
0 0.268375 0.10899999999999999 0.01625 0.029333299999999996
0 0.4084999999999999 0.6505 0.0215 0.019
0 0.03 0.9645 0.017 0.0323333
0 0.021124999999999998 0.286667 0.01825 0.0286667
0 0.8055 0.9005 0.014500000000000002 0.0323333
0 0.297625 0.832667 0.014250000000000002 0.0306667
0 0.38525 0.905167 0.022 0.019
0 0.3735 0.3985 0.02 0.0236667
0 0.88275 0.4475 0.02 0.0236667
0 0.89875 0.6665000000000001 0.020500000000000004 0.0236667
0 0.461875 0.617 0.01725 0.028000000000000008
0 0.78325 0.577333 0.0165 0.0313333
0 0.391375 0.8565 0.02075 0.0236667
0 0.5363749999999999 0.298667 0.02125 0.020666699999999996
0 0.4266249999999999 0.9015 0.01325 0.031
1 0.49487499999999995 0.9195 0.02025 0.0203333
0 0.898125 0.0398333 0.02125 0.021666699999999997
0 0.58925 0.878 0.022 0.02
0 0.15275000000000002 0.934667 0.0165 0.029333299999999996
0 0.24700000000000003 0.8005 0.019499999999999997 0.0203333
0 0.20800000000000002 0.38433300000000004 0.019 0.0213333
0 0.590375 0.203 0.02175 0.020666699999999996
0 0.27875 0.0796667 0.019 0.024666699999999996
0 0.353375 0.877667 0.02125 0.022666699999999998
0 0.266375 0.036500000000000005 0.01575 0.028333299999999995
0 0.283 0.8305 0.0155 0.0323333
0 0.119125 0.325667 0.02125 0.024
0 0.96375 0.782 0.021 0.022666699999999998
0 0.30699999999999994 0.0656667 0.015 0.0333333
0 0.411125 0.544667 0.015250000000000001 0.03
1 0.22725 0.487833 0.017500000000000005 0.0243333
0 0.287125 0.8875 0.02275 0.0196667
0 0.6382499999999999 0.3814999999999999 0.019 0.019
0 0.191 0.36 0.021 0.024
0 0.757625 0.947333 0.019250000000000003 0.0233333
1 0.58325 0.061 0.019 0.0233333
0 0.49099999999999994 0.701 0.019499999999999997 0.019333300000000005
0 0.486875 0.590667 0.022250000000000002 0.021999999999999992
0 0.648625 0.1465 0.01675 0.0243333
0 0.43400000000000005 0.547833 0.017 0.031
0 0.483375 0.009166670000000002 0.02275 0.018333300000000004
2 0.507323273711796 0.23747882619738184 0.03441910549564123 0.054048554602828085
2 0.7661836296269314 0.2515888470892706 0.015058358654343048 0.016262396960142964
2 0.30283384753880777 0.39292820890463076 0.02187047328368876 0.028220041783777544
2 0.24636500258502125 0.40584246531415596 0.012907164560865523 0.012914256409525275
2 0.6320925311334953 0.7571580702325388 0.012190099863039618 0.01817562013192448
2 0.05037379502226666 0.7802184881415972 0.023304602679340446 0.011957644823634516
