2 0.3525535420098847 0.07472527472527472 0.08896210873146623 0.0923076923076923
2 0.7594728171334433 0.5373626373626373 0.07578253706754529 0.08571428571428572
2 0.7182866556836903 0.9065934065934067 0.09225700164744646 0.08131868131868131
2 0.9579901153212521 0.8857142857142857 0.0774299835255354 0.07472527472527472
2 0.8031301482701813 0.8978021978021978 0.09060955518945635 0.0945054945054945
2 0.8838550247116969 0.07252747252747253 0.05107084019769357 0.14065934065934066
0 0.9225700164744646 0.03956043956043955 0.04942339373970346 0.0791208791208791
0 0.9884678747940694 0.06593406593406594 0.019769357495881382 0.12747252747252746
0 0.9769357495881381 0.5208791208791208 0.039538714991762765 0.0923076923076923
0 0.20510708401976935 0.017582417582417582 0.08731466227347612 0.03076923076923077
